3.203757781142033245e+00
2.994387225982565237e+00
2.799170401710901146e+00
2.699473935046366346e+00
2.591043667254610661e+00
2.521565373107698349e+00
2.467160826676195295e+00
2.430197764326881948e+00
2.389961806721753845e+00
2.353100556579435843e+00
2.330554893980762987e+00
2.314527984743255384e+00
2.292769744043579916e+00
2.268781569595477610e+00
2.249403221289748789e+00
2.231745782395049726e+00
2.220669376912602022e+00
2.207126659370079569e+00
2.032920985858632790e+00
1.982164696518401215e+00
1.968592515481369931e+00
1.949761502062959728e+00
1.918598179988886931e+00
1.920981349805312099e+00
1.908153566526052280e+00
