1.225797838086019331e-02
4.324148250607401600e+00
1.869388421155292690e+01
2.663541775576763015e+01
3.380825857414610169e+01
3.930117275942799182e+01
4.326081308154323324e+01
4.556650277865651333e+01
4.674647804042231058e+01
4.850518270968989754e+01
4.939579351334448631e+01
4.988998687897766615e+01
5.052981238583880241e+01
5.086785000703387283e+01
5.103187944688390587e+01
5.173997620263583030e+01
5.328634338769236223e+01
5.332164278804283697e+01
5.822469780527814720e+01
6.031117236022253536e+01
6.075070377346294492e+01
6.142757231024012299e+01
6.188773808191003667e+01
6.281010999327123301e+01
6.193494946123508527e+01
