3.317712565964978655e+00
2.545726738748666840e+00
2.179878037937725832e+00
2.006617224283562706e+00
1.870278939772513027e+00
1.792649561498800059e+00
1.745341572887408876e+00
1.714578771315838912e+00
1.680611144065833784e+00
1.655888657244674267e+00
1.631274208547952353e+00
1.622596229377393673e+00
1.597519737529504713e+00
1.585287251535756781e+00
1.571854246447661030e+00
1.568431367455570991e+00
1.560126017669204224e+00
1.539818637130886181e+00
1.365922067443094079e+00
1.325331905246452058e+00
1.319162057588304959e+00
1.305649215330930923e+00
1.281049700774923528e+00
1.278731362959254270e+00
1.264209262737483686e+00
