1.270563384654544237e+01
8.646421149650715066e+00
7.078845079294088016e+00
6.515340966270854572e+00
5.975307050363524830e+00
5.692926422802742970e+00
5.539660747747243263e+00
5.379280420679668495e+00
5.279278256889918808e+00
5.152763441945454659e+00
5.076553458619793346e+00
4.978130726531286854e+00
4.954889088527802521e+00
4.853831427738718673e+00
4.775753660014721014e+00
4.829374579926779099e+00
4.784251703111373821e+00
4.666997807314445801e+00
4.006199583766970385e+00
3.871430465347069916e+00
3.821421774451314146e+00
3.786366277397465563e+00
3.689266486295863512e+00
3.615109311220068289e+00
3.637493408918496485e+00
