1.805605529561546163e+01
1.185489985298666227e+01
1.033027767868515845e+01
9.579655829423703750e+00
9.090987866339476753e+00
8.690489596683786289e+00
8.502484930339067049e+00
8.137472173442011680e+00
7.922376820352506677e+00
7.738747060854242577e+00
7.627745906536623544e+00
7.547191900014877497e+00
7.389572730160647751e+00
7.295579914683880673e+00
7.269092783387403500e+00
7.249567316703914521e+00
inf
7.048212584834661953e+00
6.948800477070838255e+00
6.890423984261032864e+00
6.926286051806456179e+00
6.921132932316442776e+00
6.881708563299652859e+00
6.769957323474173450e+00
6.802454399396173912e+00
6.756887045706281292e+00
6.653055994518054739e+00
6.748767567347295326e+00
6.631281114216917238e+00
6.645288404211494360e+00
6.599297290744248201e+00
6.497794924389501681e+00
6.571937101264918368e+00
6.507849660386209933e+00
6.527322489060230382e+00
inf
6.469800700349097156e+00
6.423104737041899881e+00
6.451240194732357658e+00
6.334782538687960596e+00
6.381833385273536940e+00
6.405330721673017536e+00
6.354650785093721943e+00
6.400637325959175783e+00
6.352691166149162960e+00
6.370667527218042636e+00
6.328379333574579491e+00
6.263268722510486164e+00
inf
6.284849236137378448e+00
6.344509412079863964e+00
6.242636331749258360e+00
6.199928053417560925e+00
6.283934696194547698e+00
6.245518060204405586e+00
6.308230782406671011e+00
6.218751220155206205e+00
6.224249076065810016e+00
6.215375353867963248e+00
6.187239703961781245e+00
6.202370005142614495e+00
6.302872551450077410e+00
6.176790345233420076e+00
6.301000842137366220e+00
6.221603604799471832e+00
6.136181723960437928e+00
6.223697346041661582e+00
6.191669004230025308e+00
6.144251521773960611e+00
6.156161024333527187e+00
6.220223620774582685e+00
6.151751755150209000e+00
6.193380781730509987e+00
6.157043843350795242e+00
6.152254333111070395e+00
inf
6.147793529714856930e+00
6.170147799705126168e+00
6.126551675389271701e+00
6.136975996020417767e+00
5.500599012574793889e+00
5.306948641220235352e+00
5.267492667377365656e+00
5.240829059092894759e+00
5.135083499606351687e+00
5.118635284900665106e+00
5.116470916837639216e+00
5.064050112451825569e+00
5.087438759226236229e+00
5.022853780237043431e+00
4.957445093045323325e+00
4.952077098329614735e+00
4.943567533633723698e+00
