44_Aerobics_Aerobics_44_332
64
426 305 29 35 0.9992987 
546 304 15 23 0.9858328 
180 303 23 29 0.9829092 
123 300 14 19 0.96224946 
749 306 14 18 0.961221 
703 307 22 28 0.9542593 
74 299 12 15 0.9171023 
241 286 16 23 0.89060545 
207 298 16 20 0.88435626 
297 305 12 16 0.8759008 
987 304 12 17 0.82460886 
20 295 14 18 0.78583294 
655 299 10 14 0.732962 
394 297 17 21 0.701457 
833 303 17 22 0.6534582 
386 303 16 20 0.57926965 
769 294 10 14 0.4106012 
330 292 9 11 0.40134552 
869 301 11 14 0.3934536 
933 298 11 14 0.20369585 
312 297 10 12 0.18279125 
804 336 14 22 0.18258905 
672 306 10 13 0.15815695 
11 45 316 430 0.15600394 
534 286 11 14 0.121970974 
939 317 13 18 0.11788356 
643 325 11 15 0.1083525 
822 304 18 23 0.095028676 
49 307 9 11 0.071665 
0 299 7 13 0.052039128 
1000 332 22 49 0.044930827 
688 299 12 16 0.043509644 
860 356 11 14 0.04009589 
929 295 11 14 0.037527964 
195 297 18 26 0.036758248 
648 295 9 12 0.03547119 
710 300 23 32 0.029304687 
944 386 12 15 0.028658263 
932 303 16 20 0.02803057 
436 299 26 33 0.026664497 
261 315 12 15 0.025096847 
232 284 14 20 0.024133665 
948 322 12 18 0.023919793 
64 323 9 12 0.022963967 
92 317 11 12 0.022808436 
296 263 13 16 0.022792267 
716 348 40 45 0.022585131 
77 324 10 12 0.02240779 
273 344 10 12 0.022311438 
928 317 11 15 0.022137234 
677 304 10 13 0.022047138 
319 284 10 13 0.022024872 
646 319 11 15 0.021749688 
661 305 12 16 0.021511408 
659 295 12 16 0.020833565 
865 294 11 14 0.020811854 
52 304 9 11 0.02058528 
701 101 24 32 0.020520872 
764 291 18 22 0.020418389 
939 325 16 21 0.02034241 
754 310 15 19 0.020338157 
651 296 18 22 0.020256197 
639 318 11 15 0.02006981 
527 301 11 15 0.02002985 
