44_Aerobics_Aerobics_44_916
44
518 311 49 60 0.9974389 
702 300 46 56 0.99689627 
249 308 47 56 0.9965834 
130 203 44 53 0.99509865 
789 199 44 53 0.9925978 
371 197 42 53 0.99036086 
493 66 43 57 0.98834115 
616 199 44 54 0.98212427 
345 181 36 49 0.97817034 
490 187 40 51 0.888372 
548 581 50 53 0.41505563 
856 154 77 121 0.36600533 
603 190 27 35 0.24588993 
651 405 46 58 0.07271317 
465 560 32 42 0.04059917 
-1 490 34 58 0.04017356 
989 220 29 56 0.04002765 
376 603 21 26 0.039890718 
878 259 50 86 0.03847263 
521 514 26 32 0.037362117 
622 409 59 68 0.037058804 
601 535 45 63 0.036325734 
611 189 17 22 0.03544115 
871 278 25 39 0.035029687 
359 190 40 46 0.03243913 
457 187 38 50 0.03086949 
868 227 88 140 0.030219909 
978 128 43 80 0.028687779 
520 229 14 20 0.02776783 
551 258 25 33 0.027282985 
8 101 29 40 0.026552308 
634 449 44 54 0.025507545 
440 453 41 59 0.025091793 
550 248 41 52 0.025033899 
240 2 79 112 0.02474372 
726 126 22 28 0.024581665 
394 566 31 40 0.02430165 
873 235 31 38 0.024043424 
576 552 48 59 0.02230554 
344 157 12 14 0.021839842 
533 266 44 56 0.021396836 
477 190 36 45 0.021174269 
714 197 47 65 0.021125838 
512 506 43 53 0.020373201 
