44_Aerobics_Aerobics_44_852
56
120 291 28 36 0.9992508 
438 252 28 35 0.99856734 
388 275 36 42 0.9981527 
237 258 25 31 0.9922654 
485 230 24 31 0.9916248 
699 260 41 47 0.987656 
946 201 20 23 0.9873668 
222 223 16 20 0.97950804 
170 241 16 20 0.97622615 
328 223 18 22 0.9729452 
349 213 15 20 0.96951914 
92 257 22 25 0.96728 
190 236 15 19 0.9512099 
908 192 15 18 0.9403125 
264 240 21 28 0.93487257 
1 242 11 17 0.70906687 
494 203 13 15 0.5517195 
714 228 22 26 0.50767404 
675 226 16 18 0.40495813 
846 197 14 17 0.40082943 
683 237 25 32 0.3463784 
286 232 16 22 0.25437418 
612 201 13 19 0.23873964 
677 229 23 28 0.18141964 
927 176 15 18 0.06692872 
805 220 9 11 0.06586266 
619 203 13 18 0.058324594 
246 248 23 30 0.05353118 
681 221 13 17 0.05305884 
117 261 13 17 0.05284409 
966 195 14 19 0.047023807 
692 249 35 43 0.039363626 
647 196 14 18 0.03260114 
609 220 34 31 0.032069948 
340 214 18 25 0.03153184 
614 199 22 29 0.030623162 
488 204 21 24 0.029978802 
274 236 16 21 0.02693408 
399 260 36 52 0.026863206 
196 307 29 37 0.025513848 
563 246 18 21 0.024820756 
716 223 17 19 0.02470055 
533 248 18 22 0.023928633 
321 362 27 37 0.023609087 
620 226 16 18 0.023585318 
925 183 15 19 0.022444906 
290 232 21 28 0.022427434 
525 194 15 19 0.022161579 
842 195 12 17 0.021402158 
837 187 10 13 0.021172239 
239 218 11 16 0.02102062 
849 190 16 19 0.020938085 
205 487 25 30 0.02059422 
423 273 24 31 0.020273019 
615 331 26 31 0.020197012 
729 229 13 16 0.020019844 
