44_Aerobics_Aerobics_44_343
26
589 175 31 41 0.9951925 
288 179 38 49 0.99397767 
894 199 24 32 0.9856607 
385 160 21 26 0.8969657 
798 178 12 15 0.5132252 
926 159 13 17 0.4800143 
943 237 13 16 0.4776104 
760 172 17 22 0.30810508 
687 172 10 12 0.166106 
663 164 10 13 0.13573158 
834 168 15 19 0.07619342 
570 177 17 24 0.05394199 
664 183 25 30 0.04973277 
674 182 26 34 0.035232533 
655 188 23 29 0.034847427 
579 177 25 32 0.032299425 
815 180 9 12 0.029797843 
816 162 10 14 0.028763488 
853 179 16 19 0.027851017 
820 159 11 15 0.027053474 
658 183 17 20 0.02684792 
682 172 11 15 0.024672743 
978 217 43 80 0.024377527 
1001 189 11 14 0.02275835 
974 272 18 23 0.022204613 
859 184 14 17 0.020133933 
