44_Aerobics_Aerobics_44_585
23
820 211 35 46 0.9877757 
532 186 25 34 0.9620891 
180 207 27 37 0.91107726 
277 192 45 57 0.8289492 
593 169 25 31 0.47700763 
307 151 25 30 0.15300353 
349 158 21 29 0.06915795 
186 179 15 18 0.039305333 
242 216 33 39 0.031540312 
343 140 15 17 0.031079363 
171 201 26 36 0.027965454 
286 155 22 30 0.027537702 
103 165 11 15 0.02692392 
246 144 33 47 0.023136247 
265 207 30 40 0.022209635 
257 183 81 93 0.02187183 
123 173 17 21 0.02181563 
146 211 22 26 0.02095396 
342 148 22 31 0.020910358 
271 154 30 37 0.020598486 
543 187 19 25 0.020570468 
168 196 13 16 0.020525655 
632 174 12 15 0.020059217 
