44_Aerobics_Aerobics_44_246
53
659 640 58 71 0.999154 
273 606 57 73 0.9986975 
774 642 58 71 0.998569 
790 1027 39 44 0.9915177 
243 1179 21 29 0.9686789 
11 1202 12 16 0.930857 
882 149 9 12 0.77398705 
543 174 42 53 0.7223768 
317 1216 12 17 0.5917146 
485 1147 36 61 0.33612582 
382 196 11 13 0.23480396 
220 1193 13 17 0.16693333 
188 1211 10 13 0.110749096 
101 1204 15 19 0.107868455 
341 221 15 21 0.08957309 
95 63 69 76 0.07911453 
806 194 13 18 0.07541106 
185 1209 10 12 0.06983344 
78 35 66 82 0.05848253 
1 1128 405 455 0.05425702 
218 1189 12 16 0.050105155 
2 250 13 18 0.05000771 
381 200 14 17 0.04711657 
222 1200 14 17 0.04578574 
20 -100 397 462 0.043546386 
387 197 12 15 0.038665008 
82 12 59 62 0.035017043 
759 147 24 37 0.034772523 
382 1185 23 33 0.03409801 
331 219 19 23 0.03408068 
91 1201 20 26 0.03325409 
636 199 13 16 0.03140599 
78 1210 10 15 0.029419944 
678 183 25 29 0.027925456 
86 1207 14 19 0.027471952 
765 147 15 21 0.024933903 
271 1201 22 29 0.02465684 
397 198 10 14 0.02453794 
873 171 17 20 0.024371028 
133 -3 241 301 0.023489598 
187 1217 13 18 0.022694211 
34 1244 11 15 0.022448065 
182 6 136 148 0.02151719 
406 211 12 16 0.021394968 
377 204 10 13 0.02124392 
50 3 21 21 0.021221565 
164 1195 24 26 0.021177787 
179 1208 21 28 0.02080749 
460 1153 50 63 0.020596413 
61 29 48 70 0.020575184 
80 1194 24 32 0.02056607 
0 246 22 38 0.020209245 
676 179 19 21 0.020194361 
