44_Aerobics_Aerobics_44_194
52
462 139 11 15 0.9743736 
588 132 444 562 0.2577075 
582 135 21 28 0.21951881 
587 387 27 37 0.20565104 
640 100 13 16 0.19709982 
731 82 15 19 0.13276814 
700 80 23 29 0.08107511 
671 82 18 19 0.07575108 
636 148 24 30 0.072409585 
456 348 36 45 0.070494846 
782 275 157 142 0.069517374 
845 194 16 20 0.066783965 
656 160 26 34 0.06471932 
670 162 12 17 0.058515206 
697 160 10 13 0.05368301 
395 158 13 14 0.05252762 
645 153 27 33 0.045813736 
176 240 583 456 0.042404197 
531 158 21 26 0.042341962 
547 308 11 15 0.039641842 
507 331 15 19 0.03810434 
694 90 13 16 0.03456474 
542 318 14 19 0.033872828 
419 323 12 15 0.030833306 
414 156 12 15 0.029972391 
597 135 12 16 0.029442972 
712 233 319 297 0.02924225 
726 89 16 21 0.02915245 
764 187 39 44 0.0287632 
700 157 11 14 0.027418725 
431 316 12 14 0.027160598 
714 90 14 18 0.02655661 
661 176 28 32 0.024677915 
792 172 18 21 0.024528975 
678 148 12 14 0.023705546 
675 158 12 15 0.023379758 
868 190 27 28 0.023313804 
782 109 26 32 0.023192145 
759 148 13 16 0.023139896 
533 341 14 19 0.023065126 
181 253 43 50 0.022950642 
211 285 42 44 0.022900976 
655 247 23 28 0.022887899 
420 156 12 16 0.022863308 
740 172 25 27 0.0228039 
532 339 33 39 0.02277907 
710 89 24 31 0.022569172 
641 125 11 14 0.022546824 
573 147 12 16 0.021146381 
209 269 20 24 0.020953493 
559 331 13 16 0.020650556 
605 134 12 17 0.020232644 
