44_Aerobics_Aerobics_44_216
56
731 63 21 34 0.88508993 
795 81 14 17 0.6523833 
326 340 12 15 0.6373569 
582 137 27 32 0.61972934 
151 380 21 36 0.32972765 
235 392 14 16 0.2732318 
678 132 15 19 0.2649123 
334 246 36 43 0.14860098 
837 18 16 19 0.12032324 
82 472 13 16 0.10631603 
579 144 46 59 0.105410695 
315 363 13 16 0.10315506 
156 391 28 29 0.10199495 
363 210 135 105 0.06530944 
667 17 201 196 0.06161341 
178 513 271 231 0.05907231 
354 47 376 434 0.048319962 
744 23 139 121 0.037356023 
2 351 17 23 0.036555026 
559 152 50 62 0.035409268 
237 397 27 33 0.035355475 
729 55 38 49 0.03458615 
29 198 355 397 0.034294676 
372 111 259 217 0.031272024 
552 139 81 102 0.031254 
164 402 34 31 0.031133704 
626 -12 478 410 0.029985229 
681 132 22 26 0.029687097 
346 243 52 54 0.029211653 
593 138 30 36 0.028494062 
588 163 56 67 0.028230587 
572 172 14 17 0.027861862 
77 398 410 390 0.027474087 
574 129 22 32 0.027228577 
570 166 32 37 0.026147174 
356 405 63 81 0.025584798 
285 475 34 47 0.025124013 
140 387 41 48 0.024853796 
491 16 406 440 0.024793908 
319 346 30 34 0.024612207 
320 197 260 185 0.024428286 
718 67 24 32 0.023329942 
595 39 223 241 0.022756252 
651 122 24 34 0.022617586 
595 195 59 67 0.022537854 
236 397 16 21 0.02251211 
321 340 22 25 0.022399422 
374 232 78 71 0.022205247 
671 127 15 23 0.022146154 
778 68 72 67 0.021517633 
192 372 44 51 0.02113708 
561 173 31 38 0.021033041 
223 409 13 16 0.021014327 
362 190 63 60 0.020666776 
741 111 58 71 0.020170704 
164 406 18 20 0.020059502 
