44_Aerobics_Aerobics_44_3
22
571 132 29 39 0.8897454 
707 153 22 31 0.6695277 
811 133 23 32 0.36823863 
157 168 27 33 0.20256984 
467 182 16 23 0.18776165 
324 187 12 15 0.06074407 
418 168 15 19 0.051617343 
204 171 29 48 0.049005967 
281 86 543 337 0.04498813 
643 294 36 46 0.038570903 
805 114 44 54 0.038416266 
412 176 14 18 0.027709521 
811 147 17 22 0.027670689 
396 173 25 35 0.027199533 
316 184 21 29 0.026614916 
159 172 42 50 0.025932325 
479 97 170 135 0.025273735 
325 165 8 11 0.024974553 
395 92 15 21 0.024294019 
806 137 17 24 0.022962172 
150 310 501 409 0.022830365 
316 294 43 53 0.020094275 
