46_Jockey_Jockey_46_51
19
522 85 121 150 0.9995771 
139 32 55 77 0.5490963 
843 403 151 176 0.32206565 
104 -3 99 114 0.123609215 
739 284 31 46 0.06347575 
19 546 93 105 0.055639777 
218 296 55 63 0.047200713 
0 590 59 56 0.044633344 
752 283 41 48 0.04418439 
1 230 109 162 0.042329714 
159 17 53 70 0.035137087 
88 489 42 48 0.03440378 
710 617 20 20 0.033836514 
567 413 14 18 0.03083429 
768 114 86 105 0.026837438 
405 556 56 60 0.025019174 
365 110 40 55 0.02483191 
231 591 62 55 0.024030935 
324 48 88 121 0.020711768 
