46_Jockey_Jockey_46_79
90
595 46 35 48 0.9977793 
665 25 28 41 0.99487853 
324 242 44 57 0.99115247 
394 249 36 52 0.98965913 
427 173 42 53 0.9880448 
556 85 34 49 0.9861681 
623 32 26 38 0.98233485 
539 42 34 42 0.96775645 
417 223 33 48 0.95798004 
195 404 23 45 0.85326684 
537 109 19 37 0.84401155 
682 2 24 21 0.46438465 
258 344 36 40 0.39655542 
316 302 32 46 0.38205066 
446 144 31 42 0.3382472 
251 384 19 37 0.3150221 
173 409 41 48 0.122569196 
275 339 29 37 0.120989084 
296 309 36 42 0.114378616 
457 153 28 40 0.107303314 
199 477 27 53 0.102701314 
160 493 56 47 0.08684016 
396 248 428 565 0.08038765 
213 58 14 17 0.07155607 
572 57 23 30 0.07125386 
664 0 13 12 0.06871776 
178 333 25 40 0.0685302 
291 323 28 42 0.06673868 
444 38 13 17 0.06602614 
519 189 46 64 0.06411417 
567 41 39 54 0.06369449 
476 203 41 53 0.061228357 
5 102 11 14 0.05425099 
121 101 11 14 0.053875525 
650 7 52 58 0.050403263 
187 325 20 34 0.046753246 
479 327 12 14 0.04571521 
289 341 18 29 0.042820524 
222 374 40 48 0.04067883 
484 7 11 13 0.04051161 
636 1 27 24 0.039078485 
501 309 15 20 0.038699992 
411 241 27 43 0.038264718 
465 19 12 16 0.03695519 
976 5 12 14 0.036858276 
247 359 31 51 0.03683004 
938 28 9 12 0.036782302 
465 15 10 13 0.035108812 
238 384 38 48 0.03442282 
461 61 12 15 0.0331758 
225 350 43 53 0.033001326 
541 99 25 42 0.032216668 
871 45 11 14 0.030581273 
518 7 10 12 0.030399635 
501 7 9 12 0.028996468 
466 199 30 46 0.028422542 
289 291 27 40 0.027473552 
479 153 23 32 0.027328284 
501 86 35 40 0.026686408 
678 10 48 64 0.026258709 
196 385 38 52 0.026030554 
156 322 39 48 0.02569851 
519 58 20 27 0.02524521 
451 37 12 16 0.025003042 
412 44 11 15 0.024589352 
427 43 11 13 0.0244215 
664 3 33 29 0.02440907 
460 172 26 38 0.024356855 
224 86 10 13 0.024204109 
578 54 15 19 0.024047803 
525 118 27 30 0.02361606 
499 192 46 62 0.023355663 
140 11 17 20 0.023218641 
265 355 21 26 0.022870498 
147 38 10 13 0.022847837 
657 1 29 22 0.022595508 
138 377 48 54 0.022478733 
311 93 10 13 0.02222161 
246 332 34 46 0.021858644 
460 55 11 14 0.021778105 
505 19 10 13 0.021412753 
281 308 33 45 0.021234466 
117 88 9 11 0.021000482 
417 178 35 38 0.020729069 
202 400 17 31 0.020639256 
653 35 16 21 0.020545917 
329 295 21 37 0.020522349 
236 44 22 29 0.02044681 
469 6 11 12 0.020307872 
681 25 28 41 0.020248441 
