46_Jockey_Jockey_46_909
68
508 287 27 35 0.998428 
454 415 46 58 0.9881081 
784 185 16 21 0.9658702 
693 180 14 21 0.94581336 
913 279 19 31 0.858532 
643 190 11 16 0.85654426 
738 177 14 18 0.7860622 
651 247 16 22 0.76970637 
497 558 52 61 0.75198877 
274 181 15 18 0.70856124 
484 153 12 15 0.44649544 
480 188 11 16 0.43597785 
741 269 16 21 0.33246967 
223 576 33 64 0.29415074 
370 354 33 36 0.2573175 
725 204 11 15 0.23950802 
498 323 17 25 0.233985 
770 210 14 16 0.20080125 
733 331 13 23 0.15833022 
749 261 10 14 0.11308108 
596 103 16 21 0.09069767 
797 370 10 13 0.08030443 
533 159 11 14 0.07305231 
474 394 36 41 0.06567266 
735 270 12 16 0.060009185 
677 254 10 14 0.058078583 
789 278 11 14 0.052776705 
184 555 63 77 0.052082043 
507 152 8 12 0.04981882 
508 155 11 14 0.047216333 
628 264 14 20 0.044938277 
403 588 13 16 0.03978278 
471 180 12 16 0.03697871 
543 156 10 12 0.036941133 
310 35 8 12 0.036699653 
723 320 20 28 0.035294995 
-2 367 39 62 0.034789488 
532 527 58 66 0.03476911 
649 278 11 15 0.034545355 
832 323 14 17 0.033873923 
411 190 11 13 0.03173962 
472 186 14 16 0.031355787 
731 281 12 16 0.029377861 
488 524 88 95 0.028959557 
774 262 12 15 0.028616566 
717 237 12 14 0.028331785 
516 413 26 32 0.027805772 
606 357 27 36 0.027341112 
730 279 9 13 0.026555002 
671 257 12 14 0.025671123 
509 260 9 13 0.025534552 
519 413 11 15 0.02534708 
520 579 38 42 0.024964832 
799 262 13 15 0.024681512 
530 163 11 13 0.024333423 
639 283 12 15 0.02398445 
484 181 12 18 0.023887329 
604 280 19 24 0.023886506 
526 180 11 15 0.023845002 
717 313 22 26 0.023664115 
510 174 11 15 0.023595128 
579 358 17 21 0.023128768 
188 572 99 96 0.022674711 
281 181 13 16 0.022400064 
759 195 13 15 0.020829294 
636 275 13 17 0.020794488 
355 194 12 14 0.020545593 
718 308 14 17 0.020223068 
