46_Jockey_Jockey_46_188
21
347 63 48 63 0.99803287 
452 116 47 56 0.99578625 
470 42 29 49 0.09461037 
546 326 119 134 0.07350334 
654 231 393 477 0.06554841 
657 183 11 14 0.064432934 
584 357 79 79 0.03643138 
22 91 329 439 0.036345012 
600 43 38 48 0.028011 
431 73 32 44 0.026987575 
681 336 253 266 0.02674119 
451 297 436 550 0.025652574 
312 66 16 19 0.02531233 
173 56 28 32 0.024728172 
449 67 28 38 0.023413904 
626 233 29 35 0.02267361 
475 45 18 29 0.02114828 
684 163 11 14 0.020858776 
604 343 54 63 0.020715175 
695 201 48 56 0.020573024 
635 170 24 27 0.020415006 
