46_Jockey_Jockey_46_202
28
484 77 61 67 0.9960508 
886 117 25 33 0.32527047 
7 557 33 42 0.11398064 
703 463 28 35 0.081285305 
703 88 390 403 0.06622008 
578 540 12 15 0.05646597 
376 661 10 12 0.04885355 
430 552 8 11 0.03849153 
715 467 18 23 0.037311155 
183 567 10 13 0.030828163 
700 548 13 17 0.030211033 
691 610 24 31 0.029792676 
723 469 17 22 0.029653905 
463 716 22 28 0.02594242 
464 576 8 10 0.025106171 
708 564 13 17 0.024765905 
485 284 44 58 0.02415739 
417 541 8 10 0.023516864 
190 568 8 11 0.022655582 
817 92 181 325 0.022372212 
519 590 8 10 0.022274341 
478 672 13 17 0.022137256 
420 115 46 58 0.022033447 
694 81 231 260 0.021414924 
536 621 10 12 0.020865435 
465 604 8 10 0.020481342 
45 721 8 11 0.020298474 
175 583 7 9 0.020164521 
