46_Jockey_Jockey_46_352
33
421 75 34 43 0.9987741 
694 68 33 44 0.997743 
611 66 35 44 0.99727196 
677 234 43 54 0.99658173 
496 183 36 45 0.9957391 
792 57 36 46 0.99548185 
521 73 33 43 0.9952878 
89 149 46 57 0.99507743 
301 249 45 57 0.9946554 
338 45 35 47 0.9941803 
633 146 38 51 0.99385935 
169 238 46 59 0.9921799 
208 139 41 54 0.99136555 
337 124 38 51 0.99134797 
221 47 37 49 0.99075997 
811 225 45 59 0.98954433 
437 248 41 55 0.98938274 
780 134 41 55 0.9879159 
903 133 41 53 0.9869213 
558 242 43 54 0.986273 
387 435 19 23 0.09953715 
628 434 15 16 0.05967184 
684 414 32 39 0.042660434 
728 444 12 14 0.03404998 
778 449 16 20 0.033444848 
610 492 28 28 0.032339424 
741 430 14 17 0.032064725 
379 422 28 32 0.030817883 
479 437 13 15 0.024890043 
623 424 20 22 0.022512348 
592 451 11 14 0.022144586 
733 436 14 16 0.021584015 
670 445 12 15 0.020552212 
