46_Jockey_Jockey_46_409
25
428 113 73 96 0.9925452 
554 161 417 395 0.7591718 
180 357 100 144 0.5323528 
842 237 94 149 0.13509887 
463 640 8 11 0.08879273 
569 610 7 9 0.07168548 
557 644 10 13 0.044780426 
496 616 7 9 0.03724207 
550 606 7 9 0.033127077 
383 393 15 19 0.029918905 
649 255 164 161 0.029668134 
806 238 112 233 0.027790882 
323 594 18 19 0.024813283 
633 346 139 169 0.024076466 
576 641 9 11 0.023958467 
45 155 377 502 0.023282235 
402 363 45 43 0.02287339 
375 439 29 44 0.021849658 
923 301 96 192 0.02134036 
894 217 55 86 0.02113446 
669 376 139 206 0.021068469 
583 411 265 245 0.02087292 
214 373 77 91 0.020794751 
387 522 17 20 0.020160563 
447 637 8 11 0.020075155 
