46_Jockey_Jockey_46_444
22
219 338 33 41 0.99973637 
409 171 34 40 0.9990728 
316 149 32 40 0.9989416 
713 148 36 43 0.9983822 
666 363 38 46 0.99832004 
615 139 34 44 0.9979381 
342 334 40 49 0.9957653 
220 139 29 37 0.99564385 
520 153 37 41 0.9954181 
98 350 35 46 0.9933106 
485 333 39 49 0.9902435 
859 345 40 52 0.9894667 
814 135 33 44 0.988463 
371 314 589 400 0.07098431 
452 190 17 22 0.042370792 
702 186 16 18 0.04141175 
311 492 50 60 0.03419645 
602 392 29 31 0.027114395 
537 513 33 33 0.026407393 
388 466 53 65 0.026265368 
454 505 35 30 0.024724454 
311 519 35 32 0.024419535 
