46_Jockey_Jockey_46_779
49
536 124 50 59 0.99673957 
934 116 38 48 0.90395486 
621 303 52 68 0.671229 
412 265 12 16 0.60785955 
1004 197 20 34 0.5455212 
497 88 36 48 0.36643228 
791 211 23 33 0.2434364 
896 47 25 27 0.13671568 
364 324 43 59 0.10788155 
671 109 42 61 0.09888065 
647 296 41 51 0.0812841 
454 360 14 20 0.078493856 
991 115 29 40 0.07840755 
890 42 22 26 0.07117218 
493 287 16 23 0.069877364 
494 372 11 14 0.06639423 
496 356 11 13 0.052969586 
646 63 72 109 0.046598874 
118 327 17 22 0.043551475 
886 40 15 22 0.042984553 
613 278 85 106 0.04251909 
846 144 14 18 0.039005443 
115 155 49 64 0.034573846 
627 314 31 40 0.03295956 
921 14 11 13 0.03155695 
680 100 23 28 0.03052413 
495 404 20 26 0.030248454 
815 210 15 21 0.028027598 
486 301 10 15 0.027661081 
399 276 13 16 0.027393278 
-9 317 409 540 0.026766744 
495 378 12 16 0.024129584 
40 354 15 17 0.02372162 
657 121 38 43 0.023547173 
601 290 45 64 0.023515895 
902 49 30 38 0.023124399 
486 357 10 13 0.022639185 
631 284 38 48 0.022577522 
997 118 15 19 0.022559037 
631 349 36 43 0.022430984 
484 293 21 27 0.021743722 
1011 257 12 18 0.021737302 
496 280 24 33 0.0211203 
944 32 12 16 0.021073341 
654 50 50 72 0.020912282 
914 240 33 48 0.020905348 
662 51 30 35 0.020738173 
979 338 11 16 0.020577054 
471 334 10 12 0.020477181 
