3.240434176618268047e+00
2.920108031273258575e+00
2.710481659179518665e+00
2.547620257790784493e+00
2.437034023890954249e+00
2.341090165680239643e+00
2.271630865539082667e+00
2.234827137974478628e+00
2.184238385293424400e+00
2.147548721999115173e+00
2.125347944821074808e+00
2.116093994621534691e+00
2.086603374931938149e+00
2.068498608303366293e+00
2.057236179732572889e+00
2.044000667606636679e+00
2.028134752111220074e+00
2.020450760303817095e+00
2.013022775212244930e+00
1.846562857537165980e+00
1.794031128796361285e+00
1.775717488889183349e+00
1.765203313057467138e+00
1.757545102433943685e+00
1.739276941518605790e+00
