6.464751584041192700e+01
2.195169755575819792e+01
1.691126045788297105e+01
inf
1.354047702354674065e+01
1.272864628393457487e+01
1.217826092483834444e+01
1.186626251606467264e+01
1.147339487594106977e+01
1.119051319675415890e+01
1.111452350668285227e+01
1.103579280946565788e+01
1.085667701370967819e+01
1.075034353720105251e+01
1.065331168222871661e+01
1.056654859644285693e+01
1.041792649909946533e+01
1.040092143545980008e+01
1.039205250717838425e+01
9.287576105561315742e+00
8.931540913093163780e+00
8.751763336129069870e+00
8.664128291958608230e+00
8.556270866290383026e+00
8.432167764220919182e+00
