41_Swimming_Swimmer_41_607
34
402 80 117 186 0.99434644 
350 550 55 59 0.6265739 
228 102 11 13 0.28665876 
225 106 11 14 0.16802876 
102 54 10 14 0.05099347 
188 123 12 15 0.04912726 
266 153 16 19 0.036894552 
713 659 399 564 0.03582067 
903 64 9 11 0.034807146 
6 120 9 12 0.034329362 
904 69 8 11 0.033623654 
297 132 15 18 0.03150705 
2 120 7 11 0.030373793 
247 110 11 14 0.029602328 
214 111 8 12 0.029597733 
134 37 8 11 0.028288411 
209 112 9 11 0.02811333 
993 1012 31 31 0.027023077 
217 137 15 20 0.026615953 
744 57 7 10 0.026217118 
49 89 9 11 0.025898889 
85 119 12 14 0.025137806 
22 197 10 13 0.02309668 
967 93 15 17 0.022946743 
229 97 11 13 0.022854876 
176 55 10 14 0.022349318 
906 76 10 12 0.022046018 
206 47 9 12 0.021674272 
141 55 9 12 0.021179948 
181 55 11 14 0.021115832 
267 144 26 30 0.021110604 
97 55 9 13 0.020604908 
54 161 8 10 0.020420583 
37 152 9 12 0.02024995 
