41_Swimming_Swimmer_41_772
32
363 110 381 615 0.9973496 
563 1100 33 52 0.98578185 
312 1118 34 48 0.4772415 
934 1049 12 15 0.08854168 
524 150 350 537 0.08612139 
876 394 14 19 0.07125014 
42 585 197 175 0.060684595 
18 641 37 41 0.05829257 
968 625 12 16 0.056025855 
339 1226 290 277 0.05430643 
192 1037 22 27 0.049855348 
70 686 31 37 0.049674932 
77 926 123 192 0.046025664 
205 1065 22 29 0.036383234 
67 688 18 28 0.03391959 
111 900 83 115 0.032274187 
227 1011 12 15 0.030105978 
21 937 219 322 0.029429913 
-87 516 459 438 0.02551572 
363 1068 12 17 0.025000937 
152 215 450 527 0.024163805 
287 1054 27 31 0.023568287 
39 1298 99 97 0.023163432 
90 58 23 28 0.022940079 
326 1089 14 17 0.022268852 
319 1097 26 39 0.021886112 
202 1035 18 21 0.02142633 
193 1072 27 35 0.021150287 
220 225 200 233 0.021141354 
402 1390 17 21 0.020478604 
113 1327 35 47 0.02030035 
221 973 22 25 0.020068543 
