41_Swimming_Swimmer_41_704
38
374 281 92 126 0.9410845 
649 127 71 99 0.9384755 
198 434 76 90 0.91489875 
526 273 49 66 0.889732 
755 51 56 75 0.81984866 
530 113 82 111 0.68951833 
64 357 138 186 0.57496476 
491 263 63 77 0.3996459 
787 100 50 67 0.16989015 
123 374 114 151 0.13999873 
745 61 81 112 0.10459051 
740 140 49 68 0.09330161 
645 99 64 86 0.087452315 
438 253 85 117 0.07246669 
386 169 64 85 0.06369392 
604 102 87 124 0.062272202 
815 53 11 13 0.058758687 
354 531 83 92 0.050238907 
352 178 105 122 0.03984163 
614 152 32 44 0.037241578 
590 140 49 66 0.036639757 
417 279 52 80 0.036419913 
467 221 100 130 0.035359733 
686 97 85 119 0.034200896 
554 93 60 84 0.03268242 
734 63 55 63 0.03184009 
460 521 33 52 0.031565104 
173 361 111 164 0.030948421 
727 104 81 109 0.030427758 
497 305 29 35 0.026126513 
565 160 40 58 0.026018033 
513 561 12 16 0.025552932 
460 158 14 17 0.024114126 
542 243 49 75 0.02389296 
503 149 24 27 0.022924867 
629 144 53 70 0.022341575 
58 266 229 272 0.02093147 
646 618 65 61 0.02043135 
