41_Swimming_Swimming_41_243
52
743 240 56 63 0.99862707 
114 733 59 68 0.99827564 
904 250 58 66 0.99334806 
69 88 176 147 0.99069756 
423 755 33 41 0.9259161 
508 783 39 53 0.921195 
473 759 32 42 0.86552197 
743 895 53 72 0.7720426 
251 642 23 30 0.7705923 
257 606 20 24 0.6970293 
630 870 46 69 0.5597153 
548 808 36 49 0.5563045 
235 595 17 21 0.40227425 
484 754 29 37 0.35579595 
759 885 64 69 0.33550376 
427 911 35 51 0.31074807 
661 880 40 46 0.3026682 
453 880 66 75 0.23854107 
63 670 25 32 0.21986759 
59 663 21 29 0.16080105 
568 811 29 39 0.15563057 
197 576 14 18 0.14697967 
434 926 51 52 0.09272151 
239 645 30 36 0.07286258 
671 869 34 36 0.053028997 
49 670 42 51 0.049384132 
241 599 21 28 0.045441087 
578 808 19 25 0.04234494 
450 759 31 40 0.0417505 
581 815 29 31 0.039114818 
496 755 19 23 0.03850265 
769 879 45 45 0.032313593 
772 912 64 80 0.031313855 
238 589 43 47 0.02896712 
113 571 29 35 0.028821295 
615 862 80 101 0.028289879 
111 578 41 57 0.026809849 
440 752 29 37 0.026523102 
739 898 32 57 0.024680657 
232 590 15 18 0.024330135 
763 882 31 34 0.023691071 
219 627 48 58 0.023462692 
230 610 45 56 0.023446131 
599 869 49 66 0.022891726 
227 653 30 33 0.022562478 
633 862 26 37 0.022483733 
635 856 17 22 0.021682374 
242 591 14 20 0.02135384 
516 772 30 37 0.020682074 
453 940 46 39 0.020557158 
592 825 19 20 0.020371098 
491 751 17 18 0.020203145 
