41_Swimming_Swimmer_41_471
59
470 105 114 160 0.9994024 
96 698 25 25 0.25053522 
660 1217 344 400 0.15389621 
67 452 11 14 0.13453062 
60 443 14 18 0.11177667 
779 786 13 17 0.08772202 
137 183 9 11 0.07561048 
766 251 10 13 0.065519884 
697 1371 308 177 0.065141216 
825 231 10 13 0.0591672 
788 253 11 14 0.053447314 
94 679 15 20 0.047028188 
447 372 82 81 0.045459315 
797 274 29 31 0.040799487 
741 435 21 31 0.039046753 
251 756 17 18 0.037907675 
591 546 41 56 0.037871085 
307 452 12 16 0.037706133 
276 746 17 23 0.037698124 
539 532 50 64 0.034405768 
52 536 10 12 0.03403351 
774 376 205 241 0.031225456 
592 474 17 21 0.03087554 
57 440 9 11 0.03078323 
729 268 10 12 0.030414425 
68 717 23 27 0.030358344 
814 231 11 14 0.030080738 
774 239 8 11 0.029900163 
712 269 10 12 0.029830007 
137 186 12 16 0.029663928 
727 1389 140 109 0.029379206 
223 759 8 11 0.02917982 
773 244 10 13 0.029018993 
255 189 21 28 0.027941989 
902 416 119 152 0.027285347 
796 236 13 15 0.026181526 
-89 1131 432 604 0.02465901 
733 269 12 14 0.023706662 
109 539 9 13 0.023577882 
264 199 21 27 0.023172572 
739 275 11 13 0.023171484 
276 740 15 17 0.023011617 
669 579 11 14 0.022807801 
167 468 11 14 0.022655329 
2 691 17 26 0.022491824 
49 473 8 10 0.022146277 
783 247 10 13 0.022001365 
751 262 9 11 0.021907583 
45 568 9 10 0.021787055 
225 762 9 12 0.021256413 
230 764 8 11 0.021235088 
56 462 8 10 0.02102149 
7 434 11 14 0.02100422 
159 1113 444 622 0.020747188 
283 752 14 21 0.02072605 
796 274 17 20 0.020443924 
279 787 11 13 0.020250821 
55 451 10 13 0.020204516 
202 775 7 10 0.020124406 
