41_Swimming_Swimmer_41_711
51
299 215 223 277 0.99971634 
837 361 35 40 0.50931084 
789 321 17 20 0.14257057 
820 325 17 21 0.13102819 
529 675 66 88 0.106925786 
878 302 13 17 0.09549105 
163 650 126 100 0.08619728 
896 1404 10 12 0.06723281 
804 308 13 17 0.062668994 
92 590 21 25 0.058437526 
84 1509 22 28 0.04832922 
0 629 11 20 0.048091337 
192 662 69 59 0.04765682 
793 315 22 30 0.04663909 
70 635 14 21 0.042508874 
256 1069 274 200 0.036853366 
3 1240 26 37 0.035068527 
85 588 15 18 0.034007337 
936 1404 12 14 0.033491362 
306 745 38 52 0.03334611 
736 346 13 16 0.032989975 
101 597 16 22 0.03194421 
307 803 22 35 0.03191548 
273 842 41 55 0.030639991 
8 678 12 15 0.029999131 
1 690 9 16 0.028705655 
873 1418 14 16 0.026979782 
795 335 16 19 0.02658458 
868 300 22 26 0.026504042 
31 189 30 38 0.026024789 
861 301 13 16 0.025971564 
512 1403 11 14 0.025405208 
810 547 214 249 0.025199931 
485 1460 11 14 0.024619088 
755 1525 17 19 0.024184374 
716 347 14 16 0.0240811 
771 305 12 14 0.023932822 
764 447 25 30 0.023894865 
740 417 13 16 0.02348426 
833 300 24 28 0.023269018 
813 420 29 41 0.022976983 
261 1014 530 367 0.02296124 
824 423 32 43 0.022545688 
808 310 23 28 0.022285827 
657 1491 11 14 0.022193622 
683 4 119 117 0.022159562 
856 356 28 38 0.02178104 
822 309 22 28 0.021656686 
829 304 15 19 0.021199526 
754 877 58 66 0.020714313 
664 332 30 34 0.020574369 
