41_Swimming_Swimmer_41_831
61
469 135 175 236 0.999511 
641 1301 19 21 0.24325342 
462 1312 17 19 0.2354079 
690 854 38 41 0.14103162 
839 49 45 49 0.12331961 
428 1468 13 16 0.090636335 
449 1468 12 14 0.0863761 
592 1386 12 15 0.08173172 
419 1495 12 15 0.07784653 
372 1312 16 19 0.067461826 
717 1509 27 28 0.06516415 
596 1453 13 15 0.063599564 
519 1434 12 15 0.06155094 
417 1395 14 16 0.059299674 
620 1452 11 13 0.055380505 
469 1462 10 14 0.05531579 
549 1314 16 18 0.054822356 
149 456 43 49 0.0493859 
504 1325 13 17 0.04896845 
427 1366 12 16 0.048418798 
465 1511 15 17 0.047912624 
635 1398 14 16 0.04695904 
586 1479 12 14 0.046287976 
448 1370 12 14 0.04411953 
554 1367 9 13 0.041366745 
376 1404 15 17 0.040779624 
540 1494 19 21 0.039409157 
511 1450 10 13 0.038616657 
599 1447 10 13 0.03848717 
809 1138 44 50 0.03740843 
463 1411 14 17 0.036370203 
436 1317 13 16 0.03539263 
550 1464 9 11 0.035154883 
545 1402 15 17 0.033153307 
745 923 33 49 0.032267444 
437 1351 11 13 0.031600613 
573 1430 9 13 0.030660933 
504 1427 10 14 0.029827552 
513 1351 10 12 0.028447812 
517 1492 12 17 0.02677377 
544 1467 10 13 0.026713181 
486 1510 12 15 0.025009006 
604 1359 11 13 0.024733678 
526 1483 13 16 0.02447945 
454 1476 12 15 0.024351696 
593 1331 9 13 0.024313482 
457 1483 10 14 0.023776378 
674 858 66 57 0.02370572 
370 1317 22 26 0.023323039 
585 1431 9 11 0.02322088 
448 1334 11 14 0.022961706 
453 1502 28 29 0.022946378 
547 1301 22 25 0.02282629 
530 1487 24 27 0.022529442 
259 262 501 532 0.021799954 
562 1385 8 9 0.021648273 
630 1300 26 30 0.021576885 
540 1504 18 20 0.021542162 
448 1437 12 14 0.021364521 
462 1466 12 15 0.020928312 
532 1490 14 17 0.020155424 
