37_Soccer_soccer_ball_37_114
49
675 157 26 31 0.9994974 
240 259 28 34 0.99920577 
774 253 29 35 0.9991592 
832 160 28 36 0.99915063 
643 355 33 41 0.9989157 
365 161 27 35 0.99869436 
124 149 30 35 0.9986779 
609 156 28 34 0.9984005 
412 242 29 35 0.9982426 
758 364 33 42 0.9981218 
325 242 32 39 0.99799037 
292 165 26 32 0.99797934 
891 253 31 39 0.9979747 
442 152 27 33 0.9979336 
739 157 29 34 0.9975809 
506 346 31 40 0.99735415 
684 259 27 34 0.9971585 
603 275 28 34 0.9970945 
137 368 33 41 0.9970777 
159 259 30 36 0.9970651 
73 255 28 32 0.9964264 
265 364 32 39 0.99638784 
501 233 28 36 0.99531174 
521 154 25 30 0.994419 
386 350 31 41 0.9928023 
218 177 29 32 0.97963494 
64 322 55 66 0.37406188 
471 366 21 29 0.19587861 
873 362 53 51 0.17350341 
842 353 28 42 0.12164088 
849 357 45 54 0.07415777 
355 369 33 44 0.056516826 
-52 251 423 610 0.05451002 
70 332 35 39 0.051918417 
703 278 428 567 0.043327242 
250 381 16 22 0.038440164 
718 395 23 28 0.03746875 
556 364 17 24 0.036141664 
527 254 24 32 0.03440047 
361 356 28 34 0.026574865 
219 172 19 24 0.021919418 
227 371 29 35 0.021525549 
427 209 22 29 0.021503462 
481 363 25 33 0.021423051 
834 364 16 22 0.020693421 
225 163 28 38 0.020616347 
543 369 23 28 0.020500774 
788 322 41 50 0.020421797 
461 366 18 23 0.020286052 
