37_Soccer_soccer_ball_37_512
103
496 69 72 99 0.9948767 
238 342 68 86 0.84393495 
894 356 42 51 0.35688704 
391 64 37 50 0.29654127 
255 57 55 73 0.20522362 
802 4 219 256 0.19150917 
606 5 65 71 0.17329347 
41 329 46 56 0.15471403 
95 279 42 52 0.13556804 
276 7 46 59 0.13346072 
45 373 49 60 0.105533846 
800 75 65 91 0.09938599 
4 446 34 46 0.098759264 
686 164 41 52 0.09097547 
793 384 30 39 0.079763815 
70 0 49 43 0.07773558 
203 320 82 116 0.07695212 
298 431 47 63 0.07472627 
330 74 52 67 0.071325816 
949 180 69 144 0.06824268 
266 21 64 83 0.06663605 
724 51 51 64 0.064254135 
966 223 49 78 0.06271685 
907 8 46 58 0.060813803 
973 20 45 88 0.05957587 
181 189 102 141 0.058165073 
49 255 37 51 0.058065046 
831 359 30 38 0.057622373 
257 251 50 60 0.055297993 
708 95 46 58 0.055201303 
904 277 43 56 0.05301175 
704 -1 53 53 0.052504208 
909 221 39 51 0.051319294 
900 3 37 43 0.047830988 
957 438 18 23 0.04547841 
980 248 35 44 0.044020273 
180 323 60 85 0.043871682 
182 189 66 83 0.043733336 
695 34 87 111 0.043301553 
572 377 38 50 0.04246234 
197 361 55 75 0.041401956 
85 293 56 72 0.039591692 
38 81 34 51 0.03822497 
758 56 102 138 0.036308464 
276 39 80 105 0.03615573 
199 233 116 141 0.03570449 
697 297 49 51 0.0356891 
726 79 53 65 0.03535651 
860 651 63 70 0.035084113 
681 279 43 51 0.03399265 
467 8 57 71 0.033400327 
973 181 41 63 0.033009425 
191 200 173 251 0.032861967 
189 329 30 34 0.03274909 
97 190 64 84 0.032441854 
521 43 58 91 0.031541377 
630 -4 40 40 0.031453017 
896 10 88 137 0.031003697 
740 63 30 36 0.030857073 
14 9 118 118 0.030685565 
938 405 38 50 0.030347677 
649 427 46 61 0.030088926 
-4 34 106 177 0.02990766 
691 134 52 70 0.029562535 
718 319 28 32 0.029410988 
917 219 85 131 0.029246543 
284 0 34 41 0.029233566 
700 17 65 78 0.028874751 
649 5 95 112 0.028845659 
195 391 35 46 0.027462596 
899 87 55 57 0.027428119 
36 332 88 113 0.027399339 
722 15 210 218 0.027211579 
717 57 93 121 0.02691389 
238 4 215 220 0.026876157 
861 59 99 142 0.026403641 
317 33 94 118 0.025896695 
228 283 102 129 0.024549965 
637 414 47 53 0.024448343 
724 293 50 57 0.02435199 
595 100 42 53 0.02434687 
168 7 59 57 0.023855494 
685 76 95 126 0.023773422 
982 -2 40 47 0.023671389 
108 251 49 62 0.023384994 
817 234 89 105 0.023149146 
268 350 42 59 0.022493538 
418 454 40 51 0.022301968 
886 168 29 36 0.022160154 
120 183 87 122 0.02201462 
184 291 51 69 0.021996332 
737 336 113 149 0.021705225 
750 295 27 33 0.021326547 
65 116 349 470 0.021269051 
718 226 195 304 0.021237994 
631 410 34 37 0.02119921 
57 111 46 73 0.021032536 
947 425 27 38 0.020938156 
16 -3 209 188 0.020806238 
897 312 50 69 0.020680718 
886 99 61 82 0.020259045 
108 177 47 60 0.02018871 
260 226 105 133 0.020183155 
