37_Soccer_soccer_ball_37_841
22
694 660 102 112 0.99946266 
419 347 96 129 0.9983798 
34 26 297 313 0.21498829 
192 399 39 41 0.08532482 
183 229 359 497 0.05947109 
585 956 110 211 0.05601434 
171 67 25 32 0.046869364 
570 730 44 60 0.042829253 
34 614 461 425 0.041038875 
186 406 56 75 0.040895626 
173 67 13 18 0.036966212 
804 1309 10 13 0.0314237 
-33 -56 495 470 0.031123038 
64 631 140 222 0.028216502 
704 334 11 15 0.02784671 
156 159 129 127 0.026331149 
831 1302 13 19 0.0254216 
750 131 11 14 0.024712902 
604 1339 17 21 0.023914361 
782 1315 11 14 0.023871422 
645 656 42 51 0.020836674 
547 747 45 66 0.020323446 
