37_Soccer_Soccer_37_651
219
495 307 30 39 0.99884015 
903 294 30 38 0.998161 
105 225 34 39 0.9968585 
3 216 26 36 0.98723733 
304 219 26 36 0.9779538 
126 1 19 23 0.45254797 
602 86 17 22 0.38242075 
35 81 15 18 0.3557121 
193 228 17 19 0.24294415 
980 41 15 19 0.23426668 
584 179 16 20 0.19661488 
94 86 10 12 0.18802747 
241 221 26 34 0.15024664 
418 167 17 20 0.14946556 
733 177 14 16 0.14769217 
673 129 15 16 0.13598518 
235 3 12 14 0.13232361 
216 232 21 30 0.13216998 
736 21 16 18 0.12070808 
784 301 24 42 0.11923129 
462 53 12 15 0.10795362 
867 54 12 15 0.103013195 
220 246 17 22 0.09519094 
221 500 23 29 0.09380446 
827 177 14 18 0.09323151 
323 473 28 34 0.090459004 
411 100 13 15 0.08439502 
659 156 16 21 0.078992166 
568 124 13 15 0.078476675 
615 129 14 19 0.07789096 
723 133 14 19 0.07033254 
126 82 19 21 0.069598325 
591 8 30 38 0.06864705 
215 101 13 18 0.06814787 
184 26 15 16 0.06779463 
783 117 9 11 0.06399817 
564 10 13 17 0.06272495 
1013 326 10 16 0.0620868 
53 163 13 17 0.060930483 
362 4 18 19 0.059867416 
35 20 12 16 0.059816305 
199 227 21 26 0.05769591 
975 36 15 19 0.056396686 
736 124 11 16 0.056268077 
369 78 15 18 0.055810075 
565 81 12 16 0.055375118 
154 226 27 33 0.053856652 
774 131 12 16 0.051959433 
65 12 11 15 0.05181824 
806 91 12 16 0.049687594 
741 130 10 15 0.049503315 
67 230 28 32 0.04916244 
545 11 14 17 0.048943605 
91 90 13 16 0.04869932 
60 232 16 18 0.04713147 
6 19 12 16 0.04648848 
503 18 13 16 0.045270443 
582 3 30 34 0.045251176 
456 52 12 15 0.044795368 
237 227 18 26 0.0443873 
14 3 16 16 0.044107296 
175 11 10 15 0.043953184 
119 187 9 12 0.04325191 
275 79 16 20 0.04220432 
340 208 18 21 0.041988898 
649 98 16 19 0.04088173 
756 265 22 29 0.04056972 
204 233 12 16 0.04010125 
4 14 12 15 0.03955177 
807 124 15 17 0.039306752 
253 1 14 13 0.039304756 
224 58 14 17 0.03825022 
153 500 18 22 0.03823657 
465 93 15 17 0.03816508 
654 8 17 23 0.03756301 
387 96 15 20 0.037553836 
182 4 13 16 0.037335683 
61 113 21 30 0.037303794 
47 163 13 17 0.037201352 
96 165 11 14 0.03678955 
225 256 17 20 0.036547206 
590 103 10 13 0.034957137 
516 75 13 17 0.034714393 
31 35 11 16 0.034566537 
213 228 19 23 0.033830848 
164 231 25 31 0.033437062 
29 24 13 17 0.03157934 
727 126 19 26 0.031575616 
205 4 11 14 0.03151186 
38 72 12 15 0.031151788 
709 139 11 15 0.030853644 
809 308 29 34 0.03082799 
729 174 11 15 0.030705612 
807 115 14 17 0.030408561 
468 493 26 29 0.030360397 
973 82 17 19 0.029975703 
639 162 12 16 0.02983092 
118 0 12 13 0.029765926 
52 159 23 27 0.029732116 
351 354 22 27 0.029564248 
628 0 11 11 0.02913547 
462 123 13 16 0.028997973 
774 297 23 42 0.0287871 
664 143 17 21 0.028741464 
225 65 15 18 0.028595036 
517 38 11 14 0.028558536 
565 252 28 33 0.028523551 
496 19 10 14 0.028361276 
717 22 13 17 0.028269647 
69 71 11 15 0.028157648 
574 0 25 26 0.02796029 
68 180 11 13 0.027704347 
358 20 11 13 0.027662074 
23 26 10 14 0.027610037 
197 446 12 16 0.027564242 
179 241 16 22 0.02745034 
405 60 12 15 0.027298689 
747 68 15 19 0.027297176 
421 26 14 17 0.02705563 
732 138 12 16 0.026972262 
270 484 27 32 0.026943484 
784 313 38 41 0.026882363 
252 38 13 16 0.026876576 
503 119 11 14 0.026840463 
672 135 16 19 0.0268294 
1008 331 18 32 0.02676307 
469 60 11 15 0.02664239 
214 248 14 20 0.02663727 
289 163 11 16 0.026575604 
702 98 15 19 0.02655534 
431 105 16 19 0.026539225 
152 171 12 15 0.02634755 
242 235 17 25 0.026244776 
774 152 9 13 0.02611096 
583 102 11 14 0.026025586 
711 5 14 16 0.025960878 
570 84 12 16 0.025954815 
988 5 12 14 0.025680145 
737 10 16 20 0.025581455 
943 79 11 15 0.02553977 
757 13 10 13 0.025357697 
587 124 13 19 0.025250195 
1009 1 14 19 0.025145376 
584 106 12 18 0.024779383 
412 334 32 39 0.024759823 
289 205 28 38 0.02462289 
168 83 14 19 0.024548234 
40 76 14 17 0.024473164 
748 147 10 14 0.024466457 
32 15 11 13 0.024408525 
67 172 12 15 0.0243155 
685 130 12 15 0.024314716 
429 114 14 18 0.024260245 
206 27 13 17 0.024217255 
639 84 12 16 0.024169631 
975 22 11 13 0.024156395 
1005 504 18 39 0.024123797 
1012 147 10 17 0.024121394 
807 96 14 18 0.023929514 
453 118 11 14 0.023732321 
645 90 15 18 0.023632951 
418 100 12 15 0.023613801 
468 65 16 21 0.023601934 
309 74 11 14 0.023402099 
8 5 23 25 0.02335852 
172 185 14 17 0.023300614 
224 101 23 28 0.023258895 
263 24 13 19 0.0232429 
114 244 18 23 0.023209365 
996 349 15 19 0.023082823 
269 33 12 16 0.023018587 
76 2 17 17 0.022815937 
12 20 13 17 0.02278663 
246 39 14 18 0.022785423 
226 75 14 15 0.022660732 
419 156 14 16 0.022372743 
693 123 15 20 0.02233177 
931 524 23 29 0.022289101 
475 139 11 14 0.022283746 
821 256 14 18 0.022280639 
203 251 15 22 0.022244317 
164 114 15 18 0.022204997 
205 11 11 15 0.022192422 
187 115 14 17 0.022186432 
30 87 13 18 0.02215226 
597 97 12 17 0.02214253 
573 90 12 16 0.022141106 
186 2 22 23 0.021997476 
285 198 12 16 0.021970356 
271 76 13 18 0.021929717 
205 172 13 16 0.021920359 
548 125 14 16 0.021817964 
185 111 11 14 0.021705693 
396 14 12 16 0.021522561 
661 166 15 20 0.021496259 
421 147 12 16 0.02143483 
271 89 12 16 0.021388456 
514 82 16 19 0.021210326 
582 113 12 20 0.021106435 
5 5 13 16 0.021056937 
845 149 12 17 0.020929879 
968 82 12 16 0.020917969 
654 174 11 14 0.020764302 
508 81 29 34 0.020710869 
268 20 14 18 0.020679632 
270 1 14 15 0.020646505 
420 133 12 15 0.020526677 
484 0 13 13 0.02040642 
359 9 14 18 0.020328807 
504 25 13 17 0.02031705 
176 225 23 28 0.020282043 
365 90 16 20 0.02025682 
570 103 16 22 0.020170787 
100 168 11 14 0.020149346 
533 195 14 19 0.020124795 
40 163 13 18 0.020122739 
118 19 11 14 0.020095108 
225 231 17 23 0.020071562 
208 179 12 15 0.020056937 
