37_Soccer_soccer_ball_37_720
33
858 185 27 34 0.99862087 
449 30 43 58 0.9957579 
122 105 40 54 0.98950434 
580 347 16 19 0.98347235 
516 335 17 21 0.98263514 
711 259 22 27 0.96748245 
452 288 40 55 0.231459 
562 411 79 77 0.14507481 
685 430 18 22 0.13250436 
981 234 38 55 0.05537534 
505 316 35 45 0.05251394 
147 509 7 10 0.041929588 
513 356 10 14 0.041611996 
153 528 8 12 0.037681926 
488 303 38 56 0.035323013 
887 366 27 36 0.028882066 
4 525 45 50 0.028764063 
562 111 34 42 0.027647866 
402 366 26 45 0.026401902 
925 253 12 15 0.025158415 
994 421 9 12 0.024443716 
572 372 31 30 0.023654582 
526 459 13 16 0.023635536 
737 274 26 29 0.02347046 
34 174 45 78 0.0218306 
942 236 32 37 0.021600695 
782 203 22 27 0.021571225 
465 305 31 47 0.021310668 
554 305 29 32 0.020836186 
604 385 15 21 0.02082226 
553 506 58 67 0.020414753 
573 386 26 32 0.02015982 
740 411 16 22 0.020004788 
