37_Soccer_soccer_ball_37_907
365
674 87 37 47 0.9974833 
168 50 33 43 0.9968135 
258 72 34 47 0.9966331 
14 295 34 44 0.99598503 
43 59 35 47 0.99394906 
191 273 34 48 0.991156 
124 176 39 49 0.9894872 
422 109 38 46 0.98351157 
540 81 39 53 0.97954893 
333 112 34 39 0.9710552 
21 184 40 51 0.9555481 
918 67 29 44 0.94527304 
147 304 34 44 0.9318371 
1000 76 26 45 0.9215227 
912 171 42 51 0.90983534 
773 320 36 47 0.7923676 
310 283 29 40 0.71880454 
411 407 16 19 0.5956423 
760 509 19 21 0.4717924 
354 296 17 19 0.4601181 
832 289 17 25 0.44648135 
725 2 26 28 0.41644502 
660 443 15 17 0.41335693 
970 444 12 16 0.40843666 
442 479 19 20 0.31115678 
363 434 17 21 0.2585237 
338 496 15 19 0.21392769 
697 512 20 20 0.21305418 
358 504 15 22 0.21036747 
677 318 13 15 0.20367888 
472 298 17 21 0.20089212 
336 430 18 22 0.20062888 
570 437 19 23 0.19968642 
397 804 17 19 0.19611508 
485 333 18 22 0.18872994 
494 297 15 20 0.1868493 
1004 363 14 19 0.1818621 
427 808 19 21 0.18122642 
494 812 21 25 0.17948191 
826 425 18 19 0.17606099 
527 815 19 22 0.16376771 
390 435 20 24 0.16121422 
792 513 17 17 0.15646826 
361 805 24 27 0.1523868 
321 322 15 22 0.1512812 
601 436 16 22 0.14883646 
332 801 19 18 0.14810231 
985 516 15 17 0.14560013 
596 472 16 22 0.14497556 
594 259 14 19 0.14409411 
686 442 16 18 0.14349633 
897 536 17 20 0.14264268 
532 263 16 21 0.14082767 
357 663 16 20 0.13840586 
400 512 18 19 0.13659295 
306 284 16 23 0.13222046 
762 822 23 25 0.13211468 
765 466 16 20 0.12916942 
591 818 18 22 0.12829307 
992 436 18 21 0.12407753 
586 291 14 20 0.1222324 
322 289 20 25 0.12113637 
381 471 18 21 0.11329245 
506 262 17 21 0.113160245 
552 295 17 22 0.11182543 
1005 540 15 21 0.11034592 
726 822 25 28 0.1070845 
420 672 17 20 0.102559045 
302 427 19 19 0.102545924 
602 546 15 20 0.098466545 
460 811 23 26 0.097731024 
503 61 37 46 0.09594545 
851 330 16 21 0.0939143 
328 657 17 21 0.09294441 
545 449 16 18 0.09292034 
436 407 17 20 0.09275862 
726 361 16 19 0.09203266 
347 465 16 19 0.090118095 
381 537 19 21 0.08944988 
901 284 24 31 0.085994124 
783 544 19 21 0.084391005 
319 886 20 22 0.083878696 
676 324 17 21 0.08367486 
604 793 32 44 0.0827615 
652 85 21 28 0.0820482 
361 509 19 21 0.08008983 
597 365 15 22 0.07971849 
511 675 30 46 0.07917565 
515 334 16 21 0.078035064 
728 514 19 19 0.0778417 
546 328 16 21 0.07657509 
715 439 17 20 0.076356806 
571 328 17 21 0.07597321 
390 294 16 21 0.07571901 
703 466 14 18 0.07537556 
587 899 19 21 0.073701866 
411 833 18 22 0.07293319 
839 278 11 13 0.0724723 
445 838 17 21 0.07226337 
625 545 20 23 0.07152245 
862 1 20 19 0.070061415 
275 427 17 17 0.07001828 
373 696 16 20 0.069475345 
321 528 19 21 0.06943543 
455 330 13 19 0.06926814 
979 546 15 17 0.06871596 
558 362 15 20 0.06859797 
355 812 24 30 0.06806839 
636 510 19 21 0.06788834 
689 794 15 23 0.06653121 
267 429 28 36 0.06645716 
965 472 14 19 0.06644704 
785 837 17 21 0.064329416 
965 430 11 13 0.06404655 
347 496 14 22 0.06136249 
919 441 13 17 0.061069965 
345 321 16 20 0.060933314 
366 328 14 20 0.060561854 
675 472 17 21 0.05995613 
869 136 25 36 0.05983741 
673 308 23 28 0.059691947 
969 37 18 23 0.059242252 
521 295 16 21 0.058644705 
849 508 13 16 0.05654688 
862 534 18 22 0.056002792 
617 793 35 39 0.055261977 
682 284 16 18 0.054959722 
965 436 14 19 0.05483574 
423 439 20 22 0.05469757 
559 816 20 22 0.054605316 
541 336 14 18 0.054504145 
963 1 17 18 0.05437424 
260 1 30 21 0.0542915 
629 442 15 18 0.052923985 
504 869 17 21 0.052525207 
664 510 21 21 0.05227387 
354 475 15 17 0.051530827 
568 257 16 22 0.051400952 
359 428 17 19 0.05107696 
341 693 17 21 0.048669577 
577 514 18 20 0.04823009 
485 297 13 20 0.048211288 
810 538 19 21 0.048012987 
715 475 13 18 0.047606487 
942 444 13 16 0.047187857 
511 442 17 20 0.04708881 
653 433 19 22 0.04670901 
326 355 16 23 0.046230804 
644 474 17 21 0.046084814 
320 395 17 20 0.045817263 
357 730 16 21 0.045725916 
855 422 19 22 0.044708148 
436 705 17 21 0.044489633 
1011 515 12 18 0.044262487 
405 704 16 21 0.043949574 
594 803 28 36 0.042567596 
346 258 15 20 0.04190115 
97 4 50 65 0.041744307 
948 547 18 19 0.04104931 
429 513 18 19 0.040904563 
956 516 16 16 0.040621404 
402 328 18 22 0.04035701 
553 900 19 20 0.04022255 
817 840 18 20 0.04017119 
403 397 20 29 0.04001128 
891 138 13 16 0.039495986 
482 269 14 16 0.039346684 
152 -3 38 37 0.03921421 
898 522 18 24 0.03888854 
991 431 12 16 0.038681682 
753 314 18 22 0.03793867 
611 434 14 21 0.03752888 
1011 326 12 22 0.03701894 
977 682 16 20 0.036504667 
840 543 18 19 0.03629893 
526 259 15 22 0.036260273 
347 824 17 21 0.03617823 
842 341 22 27 0.035603963 
889 0 17 18 0.03559648 
367 428 18 21 0.03551358 
298 352 18 23 0.035232842 
983 889 14 18 0.034916986 
354 595 18 22 0.034907434 
779 396 15 19 0.0344969 
690 517 27 33 0.034255944 
490 479 26 29 0.034165043 
550 403 20 25 0.03416066 
780 311 29 32 0.033686653 
390 735 16 21 0.033465583 
852 430 18 20 0.033399437 
611 546 13 21 0.033350572 
671 467 15 21 0.033110816 
916 466 13 22 0.032854125 
653 424 17 19 0.032798536 
665 435 14 20 0.03275416 
604 258 15 20 0.032624673 
445 304 14 18 0.032443393 
513 841 18 20 0.032363605 
348 526 22 26 0.03223869 
429 865 17 22 0.032210976 
328 428 16 20 0.0320504 
421 738 16 21 0.031922925 
458 683 23 25 0.031775143 
882 134 22 29 0.0315452 
350 500 16 25 0.031069653 
822 276 29 36 0.03106374 
390 805 17 22 0.030967332 
584 844 17 20 0.030716138 
382 892 20 22 0.03038054 
964 748 15 21 0.029851101 
704 322 15 20 0.029540818 
856 889 16 16 0.029420596 
909 436 15 17 0.029289816 
383 362 14 21 0.029225215 
400 434 16 22 0.02921707 
693 35 43 51 0.029148793 
821 429 18 21 0.029062731 
328 522 17 24 0.028765699 
554 327 14 22 0.028644921 
720 517 27 33 0.028618932 
313 303 28 35 0.028340429 
333 501 16 20 0.028328123 
297 240 22 29 0.028318543 
391 513 18 18 0.02827494 
1006 519 14 19 0.028141849 
74 7 36 42 0.027679253 
531 871 16 21 0.027493082 
338 658 14 20 0.027346145 
790 448 13 18 0.027265446 
873 331 18 20 0.02722386 
840 281 16 21 0.027205033 
311 322 18 22 0.02695478 
328 723 18 22 0.026912702 
683 426 16 19 0.026889475 
315 316 17 21 0.026866201 
832 817 19 20 0.026839105 
373 806 21 27 0.026687248 
309 233 23 30 0.026582962 
866 542 18 20 0.026573576 
613 469 15 24 0.026453234 
622 431 16 23 0.02624828 
709 471 15 18 0.02616474 
365 567 16 21 0.026066398 
556 469 15 21 0.025973178 
397 334 18 20 0.025859846 
547 843 18 22 0.025854673 
678 799 23 30 0.025765108 
713 428 18 21 0.025735935 
523 402 16 20 0.025651209 
346 433 14 21 0.025636304 
325 805 24 27 0.025391953 
739 473 16 19 0.025317742 
868 487 14 16 0.025312623 
591 479 17 21 0.025238356 
550 257 14 21 0.025158674 
362 443 19 22 0.025127864 
396 864 17 22 0.025117483 
516 324 13 18 0.025055543 
754 839 17 21 0.025020264 
477 840 16 20 0.024934538 
680 478 16 21 0.024821017 
676 285 25 30 0.024794491 
453 903 17 20 0.024760727 
803 466 14 19 0.024712695 
698 9 44 48 0.0247038 
355 234 14 16 0.024666222 
611 258 16 20 0.024649402 
174 189 38 44 0.024503049 
935 443 13 18 0.024479011 
505 298 14 20 0.024286961 
719 658 13 17 0.024255741 
795 821 24 26 0.02425164 
575 398 14 19 0.024238901 
630 873 16 19 0.024131775 
229 66 24 30 0.024088454 
874 41 17 22 0.024034452 
322 266 47 60 0.024005283 
315 261 13 16 0.023948276 
681 467 16 22 0.023820056 
666 283 40 53 0.023800073 
698 354 15 20 0.023744803 
383 432 16 26 0.023728326 
487 899 18 21 0.023725146 
332 568 17 21 0.023667209 
535 330 14 21 0.023656474 
370 817 18 24 0.023544662 
519 898 20 22 0.023430057 
627 898 16 19 0.023310125 
404 805 20 26 0.023055352 
538 955 18 23 0.02305006 
981 442 12 16 0.023032919 
398 573 21 24 0.023019731 
753 544 18 20 0.023019627 
949 29 25 31 0.022987537 
529 410 14 18 0.022940576 
794 430 17 21 0.022912621 
791 547 25 28 0.022887144 
417 603 20 23 0.022790324 
439 674 11 16 0.02276445 
947 437 12 17 0.022587918 
321 588 19 22 0.022549467 
326 321 19 26 0.022492755 
353 760 15 21 0.022474898 
819 322 16 22 0.022462357 
318 10 36 54 0.022458766 
353 392 17 24 0.022437183 
540 436 18 22 0.022344105 
340 624 17 21 0.022258513 
742 425 15 17 0.022245647 
338 254 19 21 0.022222904 
890 434 14 19 0.022133427 
787 826 23 26 0.022100627 
571 429 15 18 0.022062669 
806 845 26 29 0.022046987 
669 617 17 21 0.022033297 
556 256 19 23 0.02200759 
754 435 13 21 0.021904986 
437 484 19 22 0.021855662 
406 472 16 21 0.021827392 
685 532 27 33 0.02181853 
832 429 17 21 0.021813499 
989 6 15 18 0.021779563 
458 743 17 20 0.021765256 
678 433 17 22 0.021753676 
500 267 17 23 0.021749508 
772 427 17 19 0.021639932 
498 678 31 38 0.02159727 
455 667 30 28 0.021570776 
757 516 19 22 0.021450618 
831 530 14 20 0.021351317 
441 711 17 20 0.021333855 
15 500 42 45 0.021325663 
349 480 18 19 0.02130699 
765 447 23 27 0.021304715 
691 396 18 23 0.02130046 
117 299 30 44 0.021184916 
625 857 28 36 0.021174947 
999 148 23 37 0.021146972 
413 825 22 25 0.02106848 
426 743 16 20 0.020996246 
980 374 13 16 0.020931128 
924 68 17 23 0.020917356 
447 824 23 27 0.020862678 
794 885 16 18 0.020760436 
1012 369 11 17 0.020729795 
656 448 15 17 0.020703306 
458 325 14 18 0.020675596 
756 828 24 29 0.020610062 
391 799 12 16 0.020573601 
474 773 21 27 0.020572297 
795 841 13 18 0.020568868 
435 488 31 37 0.020553134 
842 294 17 23 0.020529479 
668 359 14 20 0.020433964 
759 460 14 20 0.020388883 
447 483 20 24 0.020368868 
584 825 23 28 0.020294575 
835 352 18 23 0.020267686 
973 540 17 20 0.020172512 
352 510 20 26 0.02014038 
572 520 25 28 0.020101702 
467 704 25 28 0.020088954 
661 84 26 34 0.020081433 
365 858 14 19 0.020069705 
521 331 15 22 0.020055113 
