37_Soccer_soccer_ball_37_32
46
367 129 55 80 0.99540365 
554 120 37 59 0.6287311 
846 102 23 27 0.34885237 
167 105 15 20 0.11692881 
103 231 14 19 0.07924876 
551 -3 70 65 0.07917894 
885 76 15 19 0.054894697 
265 121 21 23 0.051552434 
288 114 12 16 0.047214016 
197 156 9 12 0.044151664 
223 511 41 35 0.042940304 
85 181 10 12 0.036283847 
116 251 16 20 0.034473803 
227 156 11 15 0.034144595 
856 99 19 25 0.03366163 
94 236 11 14 0.03283293 
268 139 27 37 0.03134453 
171 21 11 14 0.028918179 
316 85 13 16 0.028064877 
982 285 11 15 0.027794838 
168 152 8 11 0.02698197 
177 134 9 12 0.026670236 
567 317 48 67 0.026283415 
551 281 29 34 0.026163379 
859 31 15 16 0.025677113 
268 141 15 18 0.025069907 
355 465 37 46 0.024547946 
1011 268 11 15 0.023840992 
156 126 12 15 0.023743052 
574 261 125 149 0.023127984 
291 130 31 39 0.023066822 
136 171 13 15 0.02287565 
160 211 10 13 0.022716954 
422 23 14 17 0.02253483 
108 242 13 16 0.022374313 
100 161 15 18 0.02153723 
1012 274 12 18 0.021380346 
265 116 47 61 0.021360295 
139 259 12 16 0.021175865 
128 235 9 12 0.020874994 
468 191 23 30 0.020747522 
115 267 15 17 0.020707795 
101 241 14 18 0.020686965 
63 13 12 17 0.020563398 
498 156 10 13 0.020413617 
119 228 11 15 0.020121744 
