37_Soccer_Soccer_37_469
26
309 127 57 72 0.9987704 
651 51 56 81 0.9980562 
282 476 50 57 0.09685569 
524 285 16 22 0.07730568 
143 146 38 47 0.07410018 
430 186 56 68 0.07296787 
111 307 14 16 0.06126769 
769 46 56 76 0.058679555 
346 90 43 61 0.045600504 
487 7 23 28 0.043415707 
112 51 38 47 0.037936024 
772 23 89 122 0.03740934 
321 98 50 71 0.033420812 
732 41 54 78 0.03190628 
307 60 47 63 0.028357891 
938 171 49 72 0.025188312 
271 202 41 47 0.022474805 
402 373 410 559 0.022413194 
492 -2 67 68 0.022210961 
801 16 65 80 0.022068445 
274 499 40 46 0.021968128 
838 25 89 108 0.02089663 
622 425 406 511 0.020650184 
74 380 427 559 0.020646814 
404 191 56 76 0.020569084 
680 343 260 343 0.02026061 
