37_Soccer_Soccer_37_655
20
22 85 28 35 0.9976174 
358 17 36 53 0.97662944 
613 125 21 28 0.93779373 
484 31 27 41 0.7431165 
735 119 20 27 0.2107868 
305 10 44 47 0.108783804 
571 181 12 16 0.107034974 
745 186 34 38 0.05469954 
0 80 11 24 0.045895543 
882 276 12 17 0.041155048 
302 -1 41 29 0.03349975 
614 169 21 28 0.030717334 
827 228 11 13 0.030518597 
366 222 15 19 0.02981868 
881 204 10 14 0.027852286 
346 209 17 20 0.02627098 
791 228 12 14 0.02613797 
86 82 25 30 0.025029799 
63 74 37 42 0.022982437 
824 223 11 14 0.020764312 
