37_Soccer_soccer_ball_37_28
22
726 43 32 43 0.99803776 
379 103 42 50 0.98504597 
618 41 39 46 0.97497874 
368 146 34 55 0.9739953 
560 63 24 36 0.61662394 
653 489 27 38 0.23213953 
573 478 44 60 0.1828708 
674 201 33 46 0.07830111 
371 126 41 53 0.074108645 
568 67 39 45 0.070020325 
567 287 50 81 0.057975914 
851 22 44 61 0.031520847 
470 511 13 18 0.028102873 
802 44 24 29 0.02656723 
505 127 25 36 0.024215467 
477 131 38 44 0.024134658 
607 49 28 39 0.02353375 
584 65 30 37 0.022958541 
556 57 17 29 0.022228045 
570 304 29 45 0.021793187 
317 432 37 46 0.02120129 
485 140 49 52 0.020528411 
