37_Soccer_Soccer_37_52
31
378 442 65 87 0.99814653 
727 394 53 54 0.596874 
473 979 58 64 0.12477979 
696 108 12 15 0.09116632 
580 1021 13 17 0.07960028 
378 329 44 52 0.0712757 
872 85 10 13 0.0634015 
708 136 21 27 0.062963195 
239 0 31 25 0.052623007 
225 905 42 39 0.048015755 
638 276 13 17 0.042519845 
753 392 54 70 0.029119452 
288 490 51 58 0.028998166 
580 619 164 154 0.028612433 
220 877 54 51 0.028496407 
685 352 40 58 0.028258724 
855 60 12 16 0.027049532 
519 1020 45 48 0.025909139 
816 52 11 14 0.024681518 
708 364 81 95 0.024415536 
707 948 81 128 0.023609806 
174 118 97 129 0.023574213 
573 1023 22 24 0.023454608 
790 382 48 86 0.023295721 
657 1482 59 55 0.023192523 
398 782 44 55 0.022763262 
917 87 8 10 0.022101734 
860 349 15 16 0.021762403 
904 652 9 11 0.02136457 
698 112 14 16 0.020969242 
484 1009 62 52 0.020935899 
