37_Soccer_soccer_ball_37_926
19
536 633 8 10 0.19455445 
509 138 8 9 0.15239747 
526 645 8 10 0.13856196 
454 654 9 12 0.11918516 
439 638 8 10 0.1081281 
569 622 10 13 0.09535682 
445 605 10 13 0.087197326 
936 235 13 16 0.07477097 
937 233 9 11 0.051575065 
472 612 10 12 0.045456786 
482 643 8 11 0.045095686 
506 653 8 9 0.043615583 
511 638 8 10 0.022796316 
437 641 12 15 0.022429584 
559 655 9 11 0.022320613 
438 669 10 12 0.02213628 
527 639 9 12 0.022101153 
978 447 8 10 0.02202971 
575 645 11 14 0.02187638 
