37_Soccer_soccer_ball_37_643
92
742 46 54 71 0.999175 
331 88 53 81 0.9979226 
551 313 43 58 0.24183024 
527 154 37 45 0.1701003 
108 216 33 39 0.16996428 
24 159 27 32 0.16146322 
939 45 41 56 0.12981834 
888 8 25 28 0.117914505 
18 164 39 54 0.10622059 
129 154 22 27 0.08755086 
374 73 42 55 0.08329269 
475 226 31 35 0.08126115 
948 64 25 33 0.07406929 
438 71 41 53 0.070319094 
162 56 22 26 0.06571356 
537 31 54 66 0.06460087 
445 69 23 27 0.06348408 
650 130 42 54 0.063281104 
918 64 44 56 0.060927127 
1 318 40 61 0.060248327 
954 158 19 23 0.057717435 
169 320 45 55 0.054043286 
530 141 30 36 0.0513689 
620 86 47 59 0.04734423 
394 128 43 49 0.047001287 
585 260 39 50 0.045801733 
507 81 27 30 0.044451136 
597 267 39 54 0.044416513 
199 40 23 29 0.04438133 
661 317 42 54 0.042183224 
90 173 25 30 0.04175663 
550 20 24 27 0.041683894 
546 52 55 68 0.04133131 
846 29 25 28 0.039627902 
578 0 21 19 0.039553348 
193 192 28 33 0.03840294 
542 50 35 40 0.038372494 
285 72 42 59 0.038191248 
925 148 25 30 0.037737127 
882 12 41 50 0.035408158 
-1 234 30 57 0.033651784 
183 89 34 40 0.032886114 
68 5 54 48 0.03237191 
827 35 41 52 0.032034118 
115 3 105 119 0.031942487 
6 9 55 58 0.031618148 
627 235 23 28 0.03144849 
403 125 29 32 0.031236911 
451 107 34 48 0.031128969 
28 -3 120 108 0.030900806 
809 4 21 24 0.030520441 
659 2 18 19 0.03035928 
612 160 39 47 0.029961683 
944 26 29 37 0.029890632 
167 28 60 71 0.029739339 
179 247 30 38 0.02968736 
980 300 36 58 0.029508537 
536 108 30 38 0.029419372 
265 1 44 47 0.029406903 
93 72 30 30 0.029064372 
792 5 44 55 0.02903024 
669 311 28 29 0.028917287 
90 189 37 49 0.02834304 
642 29 29 33 0.02810139 
932 132 46 49 0.02769334 
625 99 28 31 0.026798105 
648 98 52 71 0.026330607 
310 76 54 75 0.026312869 
628 43 49 60 0.026052967 
51 261 28 36 0.025491877 
500 82 44 52 0.025256544 
76 43 57 59 0.025252482 
808 26 43 56 0.025186287 
353 69 49 69 0.024929084 
905 32 91 116 0.024740616 
83 325 45 54 0.024384722 
562 53 36 39 0.024019022 
885 179 118 116 0.023883747 
630 142 42 54 0.023408797 
3 182 29 35 0.02337664 
611 261 34 46 0.023226056 
36 59 16 21 0.022981416 
528 120 36 42 0.022913575 
629 60 28 31 0.022008404 
22 22 27 36 0.021870641 
224 3 54 61 0.021835227 
791 466 54 54 0.021673804 
599 212 23 27 0.021321166 
614 48 89 115 0.021246212 
536 15 93 115 0.021213653 
528 312 46 65 0.021109706 
220 -3 37 34 0.020217082 
