37_Soccer_soccer_ball_37_281
34
79 504 8 10 0.072901 
156 525 10 13 0.05145697 
73 525 10 13 0.044432312 
174 557 9 12 0.043849997 
70 473 8 10 0.038511343 
30 504 8 11 0.03700517 
175 533 11 14 0.033000514 
5 520 9 11 0.03217188 
31 485 9 12 0.031201206 
62 511 7 10 0.030354053 
553 304 7 10 0.02972098 
215 572 7 10 0.028694244 
222 553 8 10 0.027183942 
10 480 7 11 0.027144913 
202 525 12 14 0.026652316 
5 542 13 16 0.026169663 
174 525 10 13 0.025610665 
57 461 9 12 0.025066158 
73 519 10 13 0.024646057 
3 524 9 13 0.024248611 
45 496 9 11 0.023564149 
950 312 8 11 0.023303632 
207 550 8 11 0.022864025 
31 481 8 10 0.022680374 
36 429 30 37 0.02218349 
27 558 11 14 0.021950517 
13 502 9 12 0.021298628 
218 556 8 10 0.021269439 
199 567 8 10 0.021012034 
75 510 8 9 0.020892175 
595 197 17 22 0.0207239 
14 508 9 11 0.020573338 
14 421 9 11 0.020539127 
7 461 7 11 0.020109843 
