37_Soccer_Soccer_37_114
104
460 179 51 72 0.9979114 
195 65 36 53 0.65828216 
225 80 38 41 0.40581638 
60 6 15 21 0.22070968 
516 97 17 21 0.19473791 
862 80 17 20 0.19190787 
141 127 16 19 0.17527613 
924 77 22 27 0.1453117 
144 52 15 17 0.14285249 
976 8 40 66 0.1381916 
182 123 25 28 0.13233851 
901 114 15 19 0.12927055 
258 24 17 22 0.12806427 
681 50 51 58 0.11607065 
731 18 35 61 0.11390029 
708 41 36 58 0.10976661 
660 46 44 62 0.107154645 
314 9 14 17 0.1027924 
442 154 24 29 0.096981056 
749 17 18 20 0.09380123 
106 25 15 18 0.09207048 
904 2 19 20 0.08380786 
178 126 37 47 0.072668865 
553 0 16 14 0.07214766 
401 78 16 18 0.07101353 
436 149 39 49 0.07062593 
446 161 48 64 0.0687549 
457 100 18 20 0.06852395 
500 128 22 30 0.06694704 
897 43 15 18 0.06627406 
128 147 15 18 0.06572467 
363 99 25 37 0.065344304 
988 168 15 20 0.06238738 
806 24 25 31 0.061954334 
297 8 49 64 0.060173333 
157 77 22 30 0.05756431 
26 1 20 20 0.05638283 
647 47 35 59 0.05404363 
78 118 14 17 0.05080577 
433 3 18 18 0.050716944 
17 139 18 23 0.04919974 
349 433 55 57 0.04770524 
723 35 32 56 0.04478799 
240 171 44 58 0.044656225 
506 68 26 35 0.044492513 
82 0 24 22 0.044407457 
72 221 16 19 0.043500323 
398 137 35 41 0.04097977 
868 5 151 210 0.0396524 
230 43 46 64 0.039451633 
607 7 28 29 0.038092587 
365 96 15 18 0.03804068 
541 114 22 27 0.03732653 
212 63 42 49 0.037222266 
335 82 25 29 0.036726393 
553 131 22 29 0.036470726 
746 19 27 35 0.035926547 
395 145 50 60 0.03404653 
273 380 30 37 0.032347795 
444 27 17 20 0.03210843 
681 15 50 59 0.03199871 
698 1 21 20 0.031932205 
708 18 42 58 0.03133892 
435 18 28 34 0.029389516 
481 182 50 63 0.029143019 
589 0 35 35 0.02870245 
129 147 27 33 0.028295482 
401 127 29 31 0.028212652 
47 229 20 27 0.027990714 
561 185 48 59 0.027513783 
990 89 25 36 0.02734808 
832 58 52 63 0.027161714 
135 130 25 31 0.025566632 
961 37 28 37 0.024711937 
274 49 14 17 0.02467068 
810 47 95 122 0.023992913 
507 174 43 60 0.02385738 
429 120 17 20 0.023618773 
117 101 15 17 0.023497337 
802 92 21 28 0.023491975 
251 37 34 46 0.02322366 
371 1 21 20 0.023089752 
448 83 37 45 0.02307991 
949 55 16 20 0.02256387 
412 131 40 52 0.022493405 
967 33 13 16 0.02240628 
309 14 23 29 0.022010336 
763 0 23 22 0.021892354 
332 92 33 44 0.021690939 
190 49 33 51 0.021609547 
430 4 28 33 0.021477945 
500 77 34 46 0.021389904 
89 177 22 26 0.02116577 
530 14 25 32 0.021161871 
696 36 34 50 0.02106871 
395 94 24 29 0.021028271 
979 54 16 19 0.020970838 
802 14 44 50 0.020579293 
891 1 29 33 0.02057675 
973 33 31 40 0.020410718 
903 16 15 19 0.020403048 
42 0 29 29 0.020223357 
175 74 28 34 0.020116018 
460 54 23 27 0.020091107 
