37_Soccer_soccer_ball_37_583
163
795 250 45 58 0.9974414 
405 79 43 56 0.9950393 
185 72 43 59 0.99290645 
668 254 45 56 0.9926662 
286 288 44 55 0.9908276 
273 97 37 49 0.9893672 
563 101 39 52 0.9880044 
417 266 41 55 0.98626244 
527 272 43 57 0.9847674 
668 88 39 51 0.9836622 
797 100 41 50 0.9672203 
6 2 12 14 0.22929467 
121 0 10 11 0.18436855 
904 62 10 13 0.11880958 
102 48 8 10 0.09363157 
137 40 10 12 0.09180102 
98 48 7 9 0.08889784 
366 69 7 9 0.08389316 
352 54 10 12 0.07932897 
175 3 8 9 0.07453915 
301 17 7 9 0.0707557 
16 32 8 10 0.070006914 
537 27 8 11 0.066906095 
101 32 8 11 0.06209426 
127 54 7 9 0.05993164 
629 51 8 11 0.058845382 
382 14 10 12 0.05797902 
309 45 7 9 0.057967663 
431 22 8 11 0.057931345 
292 46 10 13 0.05185949 
556 462 34 37 0.04908289 
765 55 9 12 0.048615374 
486 304 39 52 0.048521686 
494 584 12 14 0.046838984 
577 14 8 10 0.046650834 
140 96 8 10 0.046514023 
122 48 8 11 0.043822933 
378 57 8 10 0.042437512 
108 86 12 14 0.04239247 
496 77 9 12 0.042045854 
897 31 8 10 0.041769233 
0 33 7 11 0.041587546 
383 20 10 12 0.04081718 
82 41 7 9 0.04081101 
366 24 8 10 0.039874118 
881 45 8 11 0.039220825 
502 301 34 46 0.037789457 
745 99 10 13 0.037684914 
314 14 9 12 0.03696785 
438 22 10 12 0.03589289 
62 8 10 11 0.035586026 
361 23 8 12 0.035573836 
110 53 8 10 0.035250034 
263 98 31 38 0.03478426 
681 48 9 10 0.034767512 
490 70 9 12 0.03416147 
819 318 17 22 0.034128886 
332 41 7 9 0.034122385 
183 1 9 9 0.033948407 
897 63 8 10 0.03329802 
73 28 8 11 0.033235706 
560 13 8 10 0.033139072 
700 166 15 19 0.033006687 
227 444 24 32 0.032972552 
462 21 10 13 0.03262894 
714 191 54 77 0.032581028 
464 40 8 10 0.032555245 
289 39 9 11 0.03244972 
82 15 9 11 0.03226367 
437 28 8 10 0.031685174 
592 10 7 9 0.031322706 
415 28 9 11 0.031103648 
390 23 8 11 0.03087741 
158 22 8 10 0.03084909 
565 339 43 58 0.030820968 
334 427 14 16 0.030798947 
645 53 7 9 0.03052111 
500 79 9 12 0.030288193 
662 47 9 11 0.030012509 
195 345 48 57 0.029948331 
165 49 8 10 0.029888684 
558 10 8 9 0.02972344 
111 6 9 10 0.029207833 
162 53 8 9 0.029033843 
541 22 10 13 0.028958103 
957 96 8 10 0.028742518 
665 37 8 10 0.028482474 
225 113 12 16 0.02844416 
312 104 13 17 0.028379645 
413 40 8 11 0.028359434 
534 2 8 8 0.028133737 
79 21 9 12 0.027888156 
628 98 28 35 0.027423704 
432 26 10 12 0.027222158 
739 69 9 12 0.026739547 
260 100 16 24 0.0266717 
426 22 9 10 0.02649347 
-8 309 404 510 0.026385458 
37 38 8 11 0.02637078 
441 16 8 10 0.02605287 
82 86 9 10 0.025796007 
790 28 9 12 0.025693467 
398 3 9 9 0.025308354 
351 78 9 10 0.025297416 
374 79 7 10 0.025273839 
458 111 14 18 0.025087096 
712 286 418 565 0.025054866 
350 73 7 10 0.024940126 
472 100 12 14 0.024786482 
109 48 9 11 0.024647614 
56 7 10 12 0.024474023 
306 41 8 10 0.024377028 
345 32 6 8 0.023958778 
82 4 10 12 0.023832416 
25 13 12 14 0.02382206 
168 78 8 11 0.023723198 
954 97 7 9 0.023684014 
7 37 9 12 0.023662036 
119 93 8 10 0.02362821 
808 39 9 12 0.023610745 
553 8 9 10 0.023306973 
356 85 9 12 0.023149334 
110 23 8 11 0.02304013 
271 37 7 10 0.022683801 
330 45 8 11 0.022683198 
211 90 30 39 0.022643127 
616 68 8 10 0.022592582 
70 13 8 10 0.022484904 
881 95 9 11 0.022442205 
15 36 10 11 0.02231616 
64 65 7 9 0.022299867 
130 21 9 11 0.021992438 
135 54 8 9 0.02196754 
569 6 8 11 0.021941612 
497 82 9 12 0.021858755 
918 78 7 10 0.02172998 
781 55 9 12 0.021717347 
698 81 27 39 0.021519125 
271 1 8 9 0.021383 
429 17 10 11 0.02134177 
288 13 8 10 0.021279227 
47 7 10 12 0.021196738 
187 377 13 21 0.02118105 
154 61 7 9 0.021125803 
1 55 8 13 0.021125514 
636 114 17 19 0.021033654 
783 31 9 11 0.021010175 
447 16 7 11 0.020988703 
611 16 8 11 0.020979954 
185 13 369 452 0.020963078 
511 68 12 15 0.02088562 
367 569 16 20 0.02054423 
881 71 7 9 0.020534799 
146 6 9 10 0.020522542 
872 65 6 8 0.020499991 
29 18 11 15 0.020456962 
490 21 7 10 0.020200416 
97 36 8 11 0.02019312 
335 8 6 8 0.020188004 
388 78 9 11 0.020183071 
745 46 9 12 0.02018228 
85 21 9 11 0.020163512 
331 7 7 8 0.020158028 
