37_Soccer_soccer_ball_37_113
41
523 149 123 170 0.9991702 
710 81 70 85 0.98975945 
199 21 62 74 0.92788464 
274 166 38 46 0.8525695 
857 45 39 50 0.6818333 
430 101 34 44 0.68097866 
230 241 34 43 0.32338512 
432 169 35 38 0.3084411 
32 60 115 171 0.18360388 
140 259 46 49 0.15058373 
923 247 89 98 0.14904942 
138 177 46 59 0.10173254 
76 117 31 41 0.09537481 
667 71 23 27 0.08118105 
930 274 42 47 0.062478863 
778 126 40 67 0.054273818 
974 132 40 54 0.053127524 
146 229 44 55 0.051779393 
70 106 63 78 0.04582942 
155 190 33 35 0.045675673 
601 41 33 37 0.04542593 
672 92 46 65 0.04372979 
548 32 18 25 0.043609146 
279 154 30 40 0.043495305 
827 108 41 60 0.041835662 
136 558 73 85 0.040947128 
317 148 32 40 0.033493973 
681 98 25 30 0.031744357 
239 228 26 33 0.028720256 
806 107 45 70 0.028456453 
72 120 89 133 0.026493369 
285 153 18 21 0.026487812 
224 129 37 51 0.025231179 
133 188 33 38 0.024430484 
122 179 83 104 0.022764534 
884 89 53 66 0.02249662 
677 67 108 142 0.021425 
83 535 126 136 0.021402096 
274 261 25 31 0.021035297 
52 169 54 72 0.020761285 
68 149 59 84 0.020002797 
