37_Soccer_soccer_ball_37_60
19
228 447 28 35 0.9972398 
511 228 50 78 0.99535984 
850 482 29 37 0.9920174 
115 507 12 15 0.36536506 
161 692 29 38 0.22811882 
517 651 75 63 0.18196659 
420 281 41 57 0.1434305 
445 147 48 47 0.08253945 
780 134 145 196 0.043046605 
532 695 43 37 0.028961977 
425 152 44 46 0.028609836 
774 557 12 15 0.026659058 
242 453 25 31 0.024515187 
498 506 39 40 0.02313926 
501 647 125 107 0.022807473 
406 334 65 80 0.0216853 
524 689 75 60 0.020698572 
511 525 10 13 0.020089837 
366 480 96 82 0.020029234 
