37_Soccer_soccer_ball_37_341
21
395 182 22 28 0.5589128 
13 360 13 17 0.20831993 
372 265 26 29 0.15957016 
396 232 27 37 0.122589745 
497 269 404 570 0.055647835 
381 179 30 33 0.0527222 
553 286 235 228 0.052104726 
376 182 11 14 0.038530372 
357 256 31 37 0.036916364 
496 142 53 56 0.036136042 
804 175 222 282 0.03005952 
99 252 435 616 0.02913386 
517 121 47 72 0.027523685 
480 167 51 38 0.02720194 
473 226 239 238 0.024860991 
404 102 449 439 0.023797281 
641 386 392 376 0.02277022 
461 39 105 117 0.022214638 
418 102 35 48 0.022116655 
199 186 205 239 0.021248434 
521 427 285 275 0.02098201 
