37_Soccer_soccer_ball_37_867
47
516 218 51 68 0.9981342 
252 241 46 58 0.9970264 
508 56 51 69 0.9970078 
686 107 47 64 0.99689806 
384 207 34 44 0.99629253 
84 289 31 40 0.9928542 
901 228 39 50 0.9904953 
575 310 35 49 0.14988713 
509 546 44 40 0.10235526 
790 270 9 11 0.092259996 
442 372 15 19 0.08841995 
109 261 9 12 0.06870596 
553 168 44 52 0.05482446 
784 268 9 12 0.051966302 
89 461 13 18 0.04167929 
436 214 16 21 0.04112041 
181 141 9 11 0.040191244 
648 180 45 50 0.038415194 
61 290 12 15 0.03682326 
103 365 16 19 0.03535274 
125 255 10 13 0.032846693 
361 328 17 19 0.029998846 
621 560 40 34 0.029977262 
140 308 10 13 0.029705798 
8 241 7 10 0.028466552 
351 269 41 50 0.027452039 
352 310 50 53 0.026957495 
467 225 41 58 0.026255565 
78 276 9 11 0.026208768 
17 228 10 13 0.025334662 
138 317 9 13 0.024421092 
153 222 7 10 0.02359168 
13 313 11 14 0.023569513 
20 370 11 13 0.023278574 
633 196 41 52 0.022672651 
45 484 16 22 0.022653678 
145 272 8 10 0.022465417 
34 268 9 12 0.022108486 
50 284 8 10 0.02181267 
94 278 12 13 0.021494523 
230 517 35 38 0.02133148 
23 300 10 12 0.020626271 
872 352 7 10 0.020500846 
623 206 40 66 0.02048535 
410 265 40 50 0.020371161 
210 185 8 10 0.020221014 
124 293 12 16 0.020045891 
