1.002937894624582782e+01
6.130734534251578438e+00
5.235560545015223610e+00
4.847140987027691139e+00
4.529239409643670555e+00
6.339857871233490982e+00
5.071137603210366329e+00
4.736509899336914131e+00
4.549202495017406811e+00
4.420361320146862560e+00
4.380694339618735000e+00
4.261329606036592388e+00
4.236890806012457489e+00
4.161867339325987736e+00
4.132866471126583008e+00
4.101146485841607792e+00
3.972172894902666229e+00
3.996558534548334318e+00
3.908367966388508474e+00
3.867221827462593353e+00
3.933711662240650497e+00
3.737911679984434965e+00
3.748714919578029381e+00
3.757098069125266004e+00
3.809168488076477121e+00
3.655206262105092474e+00
3.796827564837399471e+00
3.700924891168656750e+00
3.651418609301681162e+00
3.620962358988034868e+00
3.693130328325751499e+00
3.646288877943102413e+00
3.626826754302619360e+00
3.654552965870370151e+00
3.634222573583355764e+00
3.582643633951311468e+00
3.722376750793701561e+00
3.598546473806874424e+00
3.650323437688791195e+00
3.626844706927767614e+00
3.726409788897133701e+00
3.610308626238603935e+00
3.628695108459232710e+00
3.604493885769607164e+00
3.593827382586202379e+00
3.683869557894812630e+00
3.642062775628722271e+00
3.649575369663953239e+00
3.551738080238888706e+00
3.669610557753754776e+00
3.589453928080034384e+00
3.602555448733131271e+00
3.526857655530112989e+00
3.514968430125935406e+00
3.496279177065036325e+00
2.812712862144762127e+00
2.595191117601689079e+00
2.517363390422524549e+00
2.455636191372730703e+00
2.476605469031224693e+00
2.382940584782117455e+00
2.362488747071127548e+00
2.416101529604252285e+00
2.356148721557688841e+00
2.350197195659698313e+00
2.323558671209058790e+00
2.312300658073299431e+00
2.252068941001288849e+00
2.233592689939722487e+00
2.203685571358579676e+00
2.202378174099168806e+00
2.180337371032754490e+00
2.228212052701700419e+00
2.133095433895030535e+00
2.150007318369812737e+00
2.101038993359398699e+00
2.157313769330380548e+00
2.142267371186558300e+00
2.170300447202710092e+00
2.135824509531907278e+00
