1.848682963274280411e+01
1.240796761261010062e+01
1.085769237392807618e+01
1.013540598824157435e+01
9.552533100665726806e+00
1.291700868456630147e+01
1.063174521710191378e+01
1.000412369126118506e+01
9.667966547312204284e+00
9.405112566044611100e+00
9.299706547619393859e+00
9.093209462506431251e+00
9.021550698957828018e+00
8.935683522905621956e+00
8.882518444742474983e+00
8.850507652722530594e+00
8.626835206928459954e+00
8.703308411266492683e+00
8.498312797698174492e+00
8.497744749976980927e+00
8.599975073096915779e+00
8.258450844735833130e+00
8.289245541421523811e+00
8.262196770458487549e+00
8.398699872982428261e+00
inf
8.381407402872298462e+00
8.193385278678828598e+00
8.106573229528361679e+00
8.088778886458147355e+00
8.193842765059530464e+00
8.079083165674475708e+00
8.070050545360730965e+00
8.107204150801859299e+00
8.066338185151542106e+00
8.008514311881908654e+00
8.235171594327281852e+00
8.004760154933663330e+00
8.104530156121491302e+00
8.045120441302749725e+00
8.240830562684847038e+00
8.032975006640327820e+00
8.076707174781686760e+00
7.997760222287651821e+00
8.015101904084223960e+00
8.158985840792981392e+00
8.070566404402626404e+00
8.111029477593321602e+00
7.911420287275165997e+00
8.132126446003498543e+00
7.994111040364140663e+00
8.021623812754702598e+00
7.852054966810326775e+00
7.880382179103282425e+00
7.860025896789124111e+00
6.542749084023214756e+00
6.157544659253973762e+00
6.005280715384468948e+00
5.913178036579433972e+00
inf
5.782022964926610165e+00
5.731428682989215595e+00
5.822757328611723793e+00
5.718344387615689861e+00
5.694791270894293156e+00
5.664291663615969696e+00
5.614575963675605408e+00
5.532343797293139076e+00
5.488412667598042916e+00
5.396043512299193878e+00
5.397171800828868271e+00
5.358659528612349732e+00
5.440765231223024578e+00
5.298401846695020012e+00
5.313884232401477448e+00
5.243342189407496967e+00
5.337364251337806564e+00
5.309747866360667423e+00
5.353401356278369327e+00
5.295338951745388378e+00
