2.711573314037382332e+00
1.862490219902825705e+00
1.638180692790087711e+00
1.535596222732424465e+00
1.453424979579744925e+00
1.976769610429587543e+00
1.630062860176429984e+00
1.549525428690617934e+00
1.494044154859292650e+00
1.449509914513237741e+00
1.432022211830253244e+00
1.404661671194878503e+00
1.387352771397610596e+00
1.385637229285347605e+00
1.375256305051423711e+00
1.375736915697314711e+00
1.346666064263778440e+00
1.360316973862162993e+00
1.326684246094237851e+00
1.337834880450127217e+00
1.350232364592483636e+00
1.304304882907163954e+00
1.310464742159621387e+00
1.295055779142548102e+00
1.326756161122773836e+00
inf
1.324284938198762918e+00
1.294764459630624920e+00
1.283687492375557015e+00
1.286399162114129302e+00
1.298353414155357655e+00
1.280490148633209424e+00
1.281361870525508984e+00
1.282234623738975232e+00
1.277649338941396318e+00
1.274557820237849137e+00
1.305543013778948991e+00
1.263031329745600395e+00
1.284180250597296347e+00
1.272320001449736671e+00
1.300151466935734135e+00
1.272229913153587244e+00
1.281241168354794180e+00
1.260040698769670175e+00
1.272379832747189798e+00
1.286196474321418037e+00
1.274236084309100070e+00
1.284822322329888022e+00
1.252029598864107696e+00
1.285171976972440788e+00
1.269106676478100937e+00
1.269858519483056947e+00
1.240304836158796942e+00
1.250658404793567158e+00
1.252032555281097803e+00
1.044620847375774320e+00
9.899372825607287707e-01
9.663758338053033414e-01
9.604064888025848346e-01
inf
9.408840572386285572e-01
9.312179600877791286e-01
9.442449022772843037e-01
9.315980348290632262e-01
9.266597270178869028e-01
9.250218694254478402e-01
9.122752543272716341e-01
9.045884417260053878e-01
8.962907946309919271e-01
8.776718828572619424e-01
8.773301360081673383e-01
8.732567777197738357e-01
8.818621706703434482e-01
8.670865293528583484e-01
8.669603911130139284e-01
8.613270792751486216e-01
8.731172413605711169e-01
8.703105895120580859e-01
8.747154938676018343e-01
8.655696084855922789e-01
