3.034304050416309462e+00
2.552252636331579172e+00
2.345770442430277214e+00
2.217072539309167034e+00
2.116443721403986622e+00
2.623611588007915163e+00
2.300481892104104364e+00
2.168562929383160753e+00
2.130675747689808386e+00
2.085731418051334440e+00
2.054967787764642395e+00
2.022556523543707296e+00
2.009954349455996159e+00
2.002541722371156130e+00
1.999139374897161536e+00
1.997887341918782367e+00
1.961330171581936233e+00
1.986115919761591186e+00
1.936576336205745985e+00
1.954853163349517420e+00
1.965798675782562066e+00
1.911929403125129046e+00
1.919601141712310222e+00
1.914987143985232843e+00
1.936019059548281795e+00
1.899707133818117066e+00
1.936009963338049200e+00
1.902931479401654968e+00
1.887779632525414364e+00
1.895018195513612724e+00
1.904005612645830459e+00
1.871813992304461438e+00
1.880500061541610535e+00
1.888181938864984977e+00
1.876816934518377167e+00
1.876755029171335076e+00
1.901708814066759512e+00
1.880151020767895975e+00
1.885846215861369357e+00
1.873635732539877363e+00
1.914117830117111563e+00
1.878206555656394494e+00
1.885529715961180797e+00
1.873184941130580317e+00
1.876514856258164388e+00
1.902723339565607352e+00
1.880031475184126721e+00
1.891809446656185667e+00
1.855623012535875693e+00
1.892171934108186182e+00
1.866443763053195148e+00
1.879351329660008396e+00
1.844587634855545888e+00
1.864096941137165730e+00
1.859681605806817073e+00
1.640794529631641296e+00
1.582478979937963715e+00
1.555165665524994356e+00
1.536728861238460420e+00
1.529588256725428197e+00
1.517314262746006115e+00
1.506504021342033983e+00
1.518165991334996523e+00
1.498999603682700910e+00
1.491274615506763102e+00
1.490689263661733266e+00
1.477724801610160288e+00
1.471097976154422060e+00
1.462238395898978860e+00
1.437014169354708937e+00
1.440133353822534934e+00
1.431808597761096369e+00
1.448828836613745397e+00
1.431133350461536224e+00
1.429956136340772899e+00
1.419649039724876438e+00
1.433815993472748573e+00
1.426859316387161680e+00
1.433669919969502438e+00
1.428375223420143891e+00
