22_Picnic_Picnic_22_594
30
495 270 53 68 0.997799 
793 316 46 61 0.94875723 
128 381 9 12 0.17218867 
841 224 77 125 0.17005499 
428 276 44 76 0.08822149 
342 3 14 16 0.040040605 
35 298 13 18 0.03922069 
182 103 10 13 0.038452435 
818 259 81 115 0.03777507 
525 3 13 15 0.03411039 
407 41 10 14 0.033241678 
165 38 12 16 0.033003338 
181 53 10 11 0.032299824 
217 118 10 12 0.031700782 
798 264 186 257 0.030801535 
-27 239 428 625 0.029854028 
167 110 10 12 0.028612673 
349 233 14 20 0.024567762 
159 120 7 10 0.024232578 
228 2 11 10 0.023907483 
126 385 13 16 0.023174398 
367 13 12 16 0.0231403 
788 300 82 106 0.022829937 
478 267 47 66 0.022458497 
244 1 11 10 0.022209246 
414 30 10 12 0.021881247 
129 87 9 11 0.021447878 
669 308 26 35 0.021130359 
690 136 41 66 0.020332577 
217 6 9 11 0.02018982 
