22_Picnic_Picnic_22_140
55
313 343 25 31 0.97775275 
786 383 25 32 0.97202784 
418 349 24 28 0.9689744 
568 370 22 27 0.959986 
921 373 26 31 0.7453216 
885 379 31 34 0.62542707 
461 431 13 18 0.3967081 
639 386 21 27 0.3355829 
871 376 28 33 0.28780776 
449 411 25 37 0.15754461 
853 405 26 48 0.15090865 
797 383 26 29 0.103800535 
901 376 23 30 0.10118728 
922 431 15 23 0.09967315 
626 370 15 18 0.09710469 
618 404 19 22 0.07091909 
61 337 12 15 0.06871539 
616 446 23 39 0.06483221 
869 377 18 22 0.058974247 
629 388 22 26 0.056948785 
568 36 10 13 0.0550401 
552 408 12 18 0.054689553 
525 9 493 598 0.051840384 
211 380 364 495 0.04761205 
426 402 38 50 0.04475738 
918 361 23 32 0.043373525 
655 363 13 16 0.036289774 
397 397 38 50 0.03467807 
581 409 18 21 0.03454576 
625 374 23 26 0.034029223 
933 374 26 31 0.033723835 
353 37 9 11 0.031729233 
315 333 15 18 0.031129343 
329 436 52 66 0.02796622 
684 406 38 48 0.027809799 
958 382 12 14 0.025253715 
38 413 25 34 0.025079066 
289 573 173 162 0.024928136 
932 422 25 29 0.024406776 
29 32 9 12 0.024331423 
68 414 23 35 0.023965888 
634 370 14 18 0.023874626 
56 409 28 36 0.023638757 
891 374 41 51 0.023499988 
362 54 7 9 0.023292614 
784 390 16 23 0.022392487 
911 430 35 52 0.022127071 
824 454 14 16 0.02175398 
613 417 27 40 0.021345934 
891 416 24 40 0.021333998 
789 363 30 38 0.021077285 
530 21 10 13 0.020432629 
869 391 44 54 0.020417517 
767 463 15 20 0.020123217 
902 372 15 21 0.020021271 
