22_Picnic_Picnic_22_654
45
409 433 96 125 0.9847185 
406 1035 29 37 0.38830844 
958 7 11 13 0.07546341 
685 982 33 45 0.06456721 
679 477 70 84 0.06407824 
551 334 10 13 0.045384966 
399 77 9 11 0.04337466 
457 101 10 13 0.040474486 
847 512 24 27 0.03938286 
346 6 8 9 0.035965245 
904 544 9 11 0.034921378 
582 318 8 11 0.03403608 
718 146 12 14 0.033077933 
483 1049 41 38 0.030783284 
405 397 177 205 0.029653078 
495 864 16 21 0.029399928 
550 761 91 131 0.02689326 
698 21 8 11 0.025512774 
418 1049 16 22 0.0250459 
953 13 9 11 0.02500596 
622 1298 33 39 0.024833985 
974 71 9 11 0.024668282 
456 44 9 11 0.023726722 
966 7 9 12 0.023528144 
549 302 9 10 0.023231288 
941 516 9 13 0.023192603 
426 372 52 59 0.022692755 
5 115 28 34 0.022634638 
12 118 17 20 0.022601167 
225 66 462 612 0.022566415 
667 1342 19 19 0.022558302 
707 158 11 14 0.022395346 
507 301 8 11 0.021776378 
209 274 15 18 0.021706682 
697 1322 12 16 0.021678183 
560 245 7 9 0.021333968 
770 243 10 13 0.020906664 
406 388 90 112 0.020896144 
366 786 111 120 0.020848677 
745 20 8 10 0.020812517 
535 254 7 10 0.020759009 
104 14 9 12 0.020481322 
703 211 11 14 0.020286975 
904 318 7 9 0.020198928 
510 85 9 12 0.020080414 
