22_Picnic_Picnic_22_308
87
384 329 33 43 0.99436957 
518 296 30 32 0.989273 
949 191 58 85 0.94428205 
636 237 14 17 0.7847191 
816 260 13 16 0.75920624 
563 276 29 33 0.7278765 
738 260 15 19 0.6874042 
448 376 47 54 0.30929506 
241 255 10 13 0.22063395 
587 234 26 31 0.20558816 
764 253 11 14 0.17854682 
599 222 10 12 0.15025708 
889 253 11 14 0.08691918 
629 228 11 16 0.08386704 
510 288 26 35 0.075123474 
693 238 23 32 0.06277504 
848 94 10 13 0.06055725 
734 253 14 20 0.055281848 
798 277 13 18 0.054214917 
602 247 14 18 0.052818436 
604 220 12 13 0.05249558 
660 242 13 15 0.05170073 
609 289 16 19 0.049992528 
863 46 10 14 0.048039343 
949 181 38 53 0.045545746 
210 110 10 12 0.045182623 
605 235 14 18 0.044410683 
830 290 10 12 0.041359287 
803 137 16 20 0.040709212 
597 227 13 14 0.04065496 
796 178 13 19 0.040197376 
503 307 42 49 0.0379553 
568 280 35 46 0.03767678 
694 234 15 22 0.03723618 
436 361 47 55 0.036657635 
836 267 12 14 0.036440086 
693 235 39 52 0.03561246 
557 694 10 13 0.03191483 
733 262 24 27 0.031856485 
851 288 10 12 0.031412836 
534 276 36 47 0.03080774 
501 339 12 13 0.030417982 
584 240 14 21 0.03037377 
799 271 11 14 0.030085627 
359 375 18 20 0.029340832 
619 222 21 28 0.028643062 
582 316 26 29 0.028410349 
1 252 9 14 0.027099537 
613 220 11 13 0.026769292 
727 716 12 14 0.02675506 
749 195 10 12 0.026713686 
411 21 10 13 0.026357612 
787 204 11 13 0.026243668 
727 243 10 14 0.026242701 
797 257 13 17 0.025529535 
648 232 20 25 0.024378717 
554 267 30 35 0.02436938 
482 317 41 50 0.023453517 
855 271 11 13 0.02335513 
421 368 84 91 0.023097632 
682 227 24 34 0.023045471 
634 258 13 15 0.022572381 
443 359 24 30 0.022400413 
562 269 19 20 0.022236606 
830 277 12 14 0.022077167 
523 308 20 23 0.022011407 
67 54 435 566 0.022008622 
697 324 10 14 0.022006871 
581 353 17 24 0.021919647 
622 222 14 16 0.021646304 
636 250 14 18 0.021401666 
732 245 12 15 0.02122192 
368 339 11 16 0.021089625 
629 226 19 24 0.021055052 
825 100 12 16 0.021015998 
798 144 13 16 0.02098732 
592 221 9 11 0.020867754 
663 228 21 29 0.02079641 
612 229 12 15 0.020648466 
836 286 10 12 0.020534817 
868 737 33 34 0.02044555 
694 226 13 19 0.020378504 
726 250 12 18 0.020354215 
659 291 33 39 0.020332446 
104 55 11 14 0.020260029 
548 360 46 59 0.020243082 
563 723 13 15 0.020108849 
