22_Picnic_Picnic_22_313
53
700 277 24 30 0.9976398 
158 303 31 38 0.99469155 
303 309 26 35 0.99320626 
619 189 24 30 0.9861179 
770 355 28 43 0.8635664 
512 238 16 23 0.73216784 
740 264 23 30 0.6642918 
222 298 19 32 0.49998656 
77 210 12 14 0.26200324 
651 343 16 22 0.25112808 
786 379 18 22 0.097516395 
376 734 51 53 0.0907563 
245 600 9 11 0.08113935 
779 366 29 33 0.0719637 
786 267 45 56 0.066159576 
487 191 11 13 0.06518625 
570 459 21 23 0.053821277 
765 285 10 14 0.051099032 
576 238 13 16 0.050559957 
356 626 24 27 0.04903586 
471 195 9 11 0.048396625 
175 428 35 40 0.0464974 
813 275 32 39 0.04478598 
97 190 10 13 0.042792954 
392 556 10 13 0.041767184 
771 355 18 26 0.037958957 
405 541 15 17 0.037692446 
22 196 9 13 0.03730436 
39 203 10 13 0.035552923 
646 349 16 22 0.035029452 
371 495 37 39 0.03283679 
969 181 8 11 0.03236126 
523 228 12 14 0.030464794 
484 215 11 13 0.028892638 
415 614 10 13 0.027079754 
429 347 37 41 0.026721656 
80 206 13 15 0.026158623 
47 261 9 12 0.026005553 
567 239 9 11 0.025925271 
645 309 14 16 0.023937345 
393 617 23 29 0.023582023 
289 413 36 34 0.023555474 
533 206 8 11 0.023005646 
333 627 16 18 0.022338882 
399 589 12 13 0.02232036 
370 629 14 17 0.022133447 
2 107 9 15 0.02204266 
543 244 12 16 0.021617673 
359 612 28 32 0.021422526 
543 223 8 10 0.021311242 
356 494 37 43 0.021144625 
687 150 12 14 0.020900566 
416 326 28 42 0.020583834 
