22_Picnic_Picnic_22_310
54
855 220 27 29 0.9970241 
450 210 24 33 0.9961849 
264 209 53 65 0.9900572 
647 224 43 57 0.98798454 
599 185 22 32 0.9878149 
763 192 21 32 0.95142967 
522 275 17 25 0.8684713 
146 275 13 17 0.59516597 
662 187 38 43 0.5006329 
178 281 14 18 0.4776547 
910 238 15 21 0.45849836 
19 508 20 30 0.36557263 
984 235 23 33 0.28374237 
915 213 11 14 0.18550324 
967 206 12 15 0.14447068 
38 276 14 19 0.11427625 
683 192 24 31 0.095247716 
654 186 27 32 0.08382037 
28 247 11 13 0.07209839 
903 284 38 69 0.06933506 
891 186 11 15 0.05771525 
961 231 39 44 0.055833396 
901 237 14 18 0.054263797 
866 184 9 12 0.05332054 
160 284 12 14 0.043946475 
706 277 25 30 0.041332655 
965 210 27 33 0.0355058 
517 284 17 22 0.03461743 
92 301 11 17 0.030719602 
760 398 186 228 0.030237641 
917 207 12 16 0.02995228 
498 238 9 11 0.028288951 
503 183 12 16 0.0269418 
854 175 8 11 0.026927419 
828 215 11 12 0.026142603 
837 291 15 18 0.025810234 
106 303 13 15 0.025461208 
912 217 11 15 0.025327934 
696 196 16 24 0.025228472 
156 276 14 18 0.024842374 
511 282 15 22 0.024822798 
970 243 21 23 0.024747057 
213 246 20 31 0.0236984 
199 187 10 13 0.022491401 
871 159 10 13 0.021783397 
745 213 9 13 0.021779444 
824 220 21 30 0.02172016 
976 210 31 37 0.021676295 
161 264 16 20 0.021445185 
582 583 8 10 0.021405146 
451 694 73 56 0.020707648 
909 196 10 13 0.020554656 
941 239 26 34 0.020441247 
163 277 14 19 0.020319013 
