22_Picnic_Picnic_22_290
60
345 414 27 37 0.998973 
415 411 28 38 0.9987791 
617 417 27 36 0.9984681 
279 424 19 36 0.973292 
884 30 11 13 0.29083568 
545 424 25 39 0.18040048 
311 371 34 47 0.09702808 
110 161 14 17 0.08708791 
389 151 9 12 0.05853152 
236 435 16 25 0.05710862 
300 388 32 44 0.052839365 
895 75 12 16 0.04911047 
966 85 10 13 0.046303388 
597 429 17 22 0.04618766 
601 421 23 29 0.043981165 
950 109 9 12 0.040762536 
929 53 8 10 0.0395921 
751 25 9 11 0.038349643 
789 45 10 13 0.035381224 
613 140 14 17 0.034703545 
974 137 8 10 0.03304622 
958 143 8 11 0.032562725 
952 55 7 10 0.028337587 
981 76 9 11 0.028171662 
922 66 9 13 0.028109627 
985 57 7 9 0.027862292 
522 430 36 46 0.026699802 
490 69 22 29 0.025998186 
598 441 15 20 0.025753068 
5 229 8 12 0.025640039 
992 63 8 11 0.025139226 
952 73 9 12 0.024918897 
37 215 10 13 0.0247726 
911 78 10 13 0.024538372 
910 63 9 12 0.024319371 
56 215 9 11 0.023915391 
94 103 9 11 0.023741938 
804 3 13 15 0.023326714 
983 7 10 11 0.0227492 
960 21 8 11 0.022693684 
877 90 10 13 0.022436712 
767 36 10 13 0.022263268 
726 27 11 15 0.022167759 
137 317 97 158 0.022166733 
961 63 8 10 0.021572554 
609 133 23 29 0.021534417 
392 142 10 13 0.02133609 
905 63 10 13 0.02116293 
408 138 11 14 0.020986864 
392 536 27 29 0.02087827 
978 71 8 11 0.020857586 
282 523 11 13 0.020837767 
386 155 10 12 0.020797381 
310 175 10 13 0.020753695 
966 80 9 11 0.020551339 
310 196 10 13 0.020538142 
444 112 9 10 0.020229923 
971 139 8 11 0.020079048 
741 110 10 13 0.020063028 
357 206 11 14 0.020027747 
