22_Picnic_Picnic_22_732
584
283 602 12 17 0.7894461 
149 589 10 14 0.67307013 
846 618 16 19 0.62642694 
196 525 12 16 0.5856038 
607 611 12 14 0.5772281 
55 537 15 19 0.51875484 
51 657 21 21 0.5133097 
575 556 11 15 0.4656256 
656 589 10 12 0.43625495 
256 582 9 12 0.4093057 
223 587 11 14 0.40107843 
239 572 12 16 0.3957356 
788 546 10 13 0.38284332 
425 571 11 14 0.38234267 
584 539 11 15 0.36738557 
214 629 13 17 0.35122165 
525 601 12 14 0.34354943 
192 605 10 14 0.34137663 
210 547 9 13 0.30968043 
321 583 9 12 0.29124933 
295 543 9 12 0.28873253 
767 534 11 13 0.28759786 
668 624 18 20 0.24991105 
339 613 11 15 0.24456385 
109 560 10 12 0.23579834 
502 542 11 15 0.23117562 
158 535 9 12 0.22625802 
955 529 15 20 0.22574066 
908 589 11 13 0.21443978 
860 493 9 12 0.21288067 
109 591 11 14 0.21034029 
629 601 8 11 0.20516221 
136 577 13 17 0.19605897 
65 502 10 13 0.19604823 
516 560 10 13 0.18530278 
680 573 9 12 0.18265966 
214 607 11 13 0.17147641 
877 669 15 18 0.16563244 
6 516 8 9 0.16490306 
347 579 12 15 0.15570575 
592 582 10 14 0.15045154 
462 495 9 11 0.14841466 
997 521 8 10 0.14421073 
413 580 10 13 0.14153898 
529 548 7 10 0.13782944 
87 524 8 11 0.1365206 
758 622 11 16 0.12792878 
73 552 9 12 0.12608232 
77 516 8 12 0.12369471 
408 573 9 13 0.12186202 
977 463 10 13 0.12074294 
6 549 10 14 0.11288705 
886 534 9 11 0.11055613 
47 548 10 13 0.10748998 
59 544 13 17 0.10744501 
366 582 10 13 0.10579863 
85 501 9 12 0.102639064 
561 540 9 12 0.096134946 
246 556 8 10 0.09479671 
398 599 8 11 0.09245118 
897 520 9 12 0.0919927 
987 565 12 15 0.090547495 
722 614 9 12 0.09048979 
701 542 11 13 0.08891211 
146 519 9 11 0.08870202 
245 580 11 15 0.085303575 
464 524 9 12 0.08270187 
873 503 9 12 0.08152495 
126 580 9 12 0.08053296 
588 586 11 14 0.079847455 
743 521 8 10 0.079066314 
125 520 10 12 0.07849579 
706 566 9 13 0.078298084 
192 529 12 15 0.07803588 
638 545 7 10 0.07775251 
827 516 12 14 0.07752237 
152 533 10 13 0.07614838 
424 525 9 12 0.07613294 
183 542 10 12 0.074986495 
433 591 10 11 0.07429078 
104 493 8 9 0.073629595 
325 586 8 12 0.07330531 
631 580 8 11 0.07223967 
1002 595 13 17 0.07127536 
486 563 10 12 0.07058574 
865 669 21 19 0.070435174 
454 518 8 11 0.07003048 
399 558 10 13 0.06947941 
822 551 11 13 0.066854246 
759 496 7 10 0.066428915 
582 582 12 15 0.06574388 
472 520 7 9 0.0652609 
709 525 9 11 0.065016 
856 580 10 13 0.06475848 
325 520 9 11 0.06370251 
143 628 14 16 0.06346188 
888 511 8 10 0.06337942 
79 555 8 11 0.06287837 
183 557 10 14 0.06258938 
859 668 15 17 0.06198904 
825 451 9 13 0.061403055 
141 495 9 12 0.060728054 
77 511 10 12 0.060158346 
5 542 11 13 0.059520572 
901 524 8 10 0.059024643 
417 535 10 13 0.05889191 
420 540 10 13 0.057013173 
607 573 11 14 0.05664695 
878 525 9 12 0.05649931 
232 552 8 11 0.05583348 
121 497 7 10 0.05541012 
614 549 9 12 0.054789554 
52 589 14 18 0.054437533 
481 564 8 10 0.054187033 
61 519 9 11 0.053889163 
981 467 9 12 0.053578395 
976 518 9 12 0.05348209 
744 637 11 12 0.053427394 
469 525 10 12 0.053391278 
174 519 9 13 0.05317835 
269 596 10 14 0.05302871 
368 605 10 13 0.052886985 
65 567 9 12 0.052821986 
664 627 12 16 0.05230231 
509 524 9 12 0.05190189 
719 535 9 11 0.051658288 
70 533 11 13 0.05149795 
982 501 10 12 0.051295757 
694 513 7 10 0.051283255 
604 532 11 13 0.051264696 
798 539 12 14 0.050933737 
399 528 13 15 0.050854966 
934 509 8 10 0.050815925 
993 467 10 13 0.05067021 
472 560 8 11 0.05022578 
759 534 9 11 0.050167933 
913 528 8 10 0.050102036 
580 571 12 15 0.049956884 
946 548 13 16 0.049800772 
798 532 11 15 0.048811603 
831 532 13 15 0.048632912 
543 511 8 11 0.048103023 
333 553 8 10 0.047572833 
597 548 9 11 0.047571972 
415 619 11 18 0.047439393 
682 553 8 10 0.047202297 
597 572 10 15 0.04717652 
917 462 7 9 0.047130786 
170 520 8 11 0.047123823 
690 513 7 10 0.046812013 
877 460 9 11 0.0467689 
406 567 10 12 0.046691615 
199 495 7 9 0.046283666 
182 581 11 14 0.046283513 
149 525 9 11 0.046177126 
233 572 11 15 0.045847498 
591 521 7 10 0.045842614 
234 535 8 10 0.045742773 
70 568 8 11 0.045695577 
365 564 9 12 0.04563387 
102 503 9 12 0.04560211 
607 504 7 10 0.045418482 
223 520 8 11 0.04498807 
71 509 10 13 0.044846527 
647 560 7 10 0.044776324 
336 517 8 10 0.044656776 
263 564 8 11 0.04464847 
431 543 9 10 0.044527687 
400 564 11 13 0.044447917 
245 588 10 13 0.044314086 
480 488 8 10 0.04418285 
721 582 10 13 0.044096593 
449 540 8 10 0.043791555 
375 490 9 13 0.04370514 
336 557 7 10 0.043612354 
254 599 9 12 0.04349537 
485 588 12 16 0.043259468 
553 505 6 8 0.04322113 
288 495 8 10 0.043075837 
359 525 8 10 0.04307506 
189 543 9 12 0.042967472 
86 496 9 12 0.04262584 
145 534 7 10 0.04212527 
874 525 8 11 0.04202799 
846 511 9 12 0.04198941 
925 533 10 13 0.041850165 
135 534 8 10 0.041667167 
950 535 14 19 0.040909298 
209 634 12 15 0.04076026 
567 513 7 9 0.040756233 
751 526 9 11 0.040705647 
930 510 8 10 0.040455285 
887 539 10 13 0.04015091 
177 510 8 10 0.03974408 
625 573 9 13 0.03972459 
398 588 8 11 0.03969408 
677 568 9 12 0.039648756 
798 525 10 11 0.03918794 
521 596 19 22 0.039114013 
13 510 9 11 0.038866572 
502 582 13 18 0.03824757 
291 603 11 16 0.038172252 
830 525 12 15 0.03809194 
190 504 8 10 0.0378085 
560 517 8 10 0.037735574 
962 530 16 20 0.03771275 
241 556 9 12 0.03763632 
147 621 14 21 0.037582878 
878 508 8 10 0.03748518 
661 550 11 13 0.037476055 
14 495 10 12 0.037453976 
97 508 9 11 0.03738457 
881 534 10 12 0.03717109 
906 509 7 9 0.03678516 
895 535 9 13 0.036697853 
365 574 11 14 0.03664249 
702 582 9 12 0.03652522 
767 512 7 9 0.036516745 
624 533 9 11 0.036428366 
719 513 7 9 0.036414627 
462 486 9 12 0.036402933 
663 573 8 10 0.036152635 
450 517 7 9 0.035851523 
889 503 8 10 0.03584077 
426 505 8 10 0.03580201 
165 587 9 12 0.03572225 
805 547 11 14 0.03566136 
457 558 8 11 0.035506967 
511 509 8 11 0.03543455 
843 564 12 14 0.035427984 
854 556 9 12 0.035267256 
992 541 10 13 0.035192735 
337 493 8 10 0.035189047 
593 565 9 13 0.03514083 
537 565 8 10 0.034838792 
846 515 10 13 0.03480939 
423 520 9 11 0.034427844 
447 624 10 12 0.034390375 
94 599 11 15 0.034179516 
888 549 11 12 0.03399931 
278 509 8 10 0.03398519 
888 517 9 11 0.033984516 
675 567 7 11 0.033951323 
787 461 15 21 0.03353756 
912 619 30 48 0.0334442 
760 542 9 11 0.03336086 
239 541 8 10 0.033117402 
357 544 8 10 0.032923553 
415 559 9 12 0.03286799 
743 536 9 11 0.032855082 
264 512 7 9 0.032848235 
459 501 7 10 0.032752793 
360 581 12 14 0.032736138 
250 535 7 9 0.032693893 
152 572 10 13 0.032542303 
463 559 8 11 0.032512635 
804 542 11 13 0.032436904 
44 486 11 14 0.032403737 
217 535 8 10 0.03228578 
209 606 11 13 0.032139488 
392 496 8 10 0.032096796 
420 532 11 14 0.03189367 
629 565 9 12 0.03184249 
65 656 13 19 0.031833995 
126 496 7 10 0.03175968 
111 494 8 10 0.031689584 
454 512 8 10 0.03168205 
754 533 8 12 0.031649392 
924 479 9 12 0.031566497 
634 548 9 11 0.031493228 
86 529 11 15 0.031448808 
341 643 15 23 0.031385098 
716 550 10 13 0.031376176 
137 488 9 11 0.0312888 
88 559 8 11 0.031110706 
784 526 8 11 0.031102346 
921 533 9 11 0.031074526 
905 504 9 11 0.031054674 
738 520 7 11 0.031040672 
152 604 11 14 0.030825298 
605 527 10 12 0.030733006 
270 591 9 12 0.030703362 
238 536 7 10 0.030672124 
265 542 9 13 0.030646946 
686 556 9 12 0.030461878 
0 537 7 11 0.030432312 
602 504 7 10 0.030426184 
22 567 11 13 0.03037158 
814 517 8 11 0.03032985 
777 511 8 11 0.030316232 
926 539 10 13 0.030260608 
653 630 10 16 0.030247172 
977 495 8 10 0.03021273 
121 580 9 12 0.030156935 
488 528 7 10 0.030149002 
509 594 12 15 0.0301216 
977 486 8 10 0.030095465 
263 518 8 11 0.030092701 
625 566 9 12 0.030075591 
463 565 9 11 0.030062215 
144 593 12 15 0.029911613 
198 520 11 14 0.029820906 
313 553 7 9 0.029573983 
357 639 11 13 0.029554015 
981 518 9 12 0.02950762 
737 590 9 12 0.029450322 
238 517 8 10 0.029447202 
880 540 9 12 0.029362567 
648 525 9 11 0.029157626 
696 500 7 10 0.02914894 
847 455 9 12 0.028825166 
846 557 11 13 0.02881156 
30 496 8 10 0.02872848 
416 518 8 10 0.028716879 
408 493 8 10 0.028687779 
102 525 8 11 0.028565979 
70 494 9 12 0.028489135 
207 509 9 11 0.028479196 
430 505 7 10 0.028287586 
394 668 18 18 0.028224055 
42 491 10 15 0.028218716 
777 502 8 10 0.02819154 
238 512 8 10 0.028112898 
482 492 7 10 0.028112397 
944 555 12 15 0.02807328 
971 533 13 17 0.027946003 
975 454 11 13 0.027933253 
265 598 9 12 0.02780613 
565 578 10 15 0.027797485 
464 551 8 10 0.02779052 
53 581 13 18 0.027704027 
183 549 11 14 0.02766953 
670 541 8 11 0.027637633 
880 627 12 17 0.02760895 
862 518 8 10 0.027589152 
389 573 8 11 0.027564107 
763 511 7 10 0.027528575 
759 500 8 10 0.027518267 
616 493 7 9 0.027500974 
616 590 10 12 0.027455661 
934 464 9 11 0.027421167 
62 524 10 13 0.02729494 
769 530 9 10 0.027263397 
777 488 8 10 0.027219627 
598 586 10 13 0.027209744 
441 559 9 12 0.027188564 
775 528 7 10 0.02712167 
376 477 8 9 0.027112255 
720 605 12 15 0.027076883 
30 500 9 11 0.027075624 
724 599 10 12 0.027069204 
550 509 9 12 0.027068097 
773 539 10 13 0.027035864 
973 524 12 15 0.026931355 
361 589 10 13 0.02687447 
182 508 8 12 0.026867732 
195 608 12 16 0.026845282 
343 559 8 10 0.026823161 
656 549 12 13 0.026681777 
983 498 7 9 0.02664908 
208 502 8 10 0.026641896 
902 540 8 11 0.026634842 
202 525 10 13 0.026510265 
879 549 8 12 0.026486337 
804 532 11 15 0.026381828 
255 535 7 11 0.026343094 
352 566 8 10 0.026275821 
12 549 10 13 0.02622416 
616 544 9 12 0.02618305 
163 495 7 10 0.026137881 
855 533 10 12 0.026039768 
440 606 10 16 0.026031006 
982 596 9 12 0.025979472 
499 542 9 13 0.025961813 
612 571 11 15 0.025961455 
576 511 7 9 0.025955193 
345 501 8 11 0.025822148 
47 586 14 17 0.025807356 
28 523 13 16 0.025798079 
63 556 9 12 0.025777293 
323 523 7 10 0.02577512 
183 570 12 17 0.02573837 
632 526 9 12 0.025579805 
252 613 11 14 0.025526809 
807 524 9 12 0.025504518 
815 513 8 9 0.025501361 
406 549 9 11 0.02549881 
704 571 10 12 0.025401969 
457 581 8 10 0.02536168 
85 589 9 13 0.025343653 
506 546 11 15 0.025297713 
549 543 10 12 0.025276868 
358 597 10 12 0.025264433 
231 568 9 11 0.025250811 
493 36 34 47 0.025197465 
782 517 9 11 0.025180364 
223 509 7 10 0.025167651 
638 533 9 11 0.025089847 
342 494 10 12 0.025040431 
134 550 8 10 0.025005262 
551 516 9 12 0.02498979 
833 495 7 10 0.024950158 
439 495 9 11 0.02494828 
630 559 10 12 0.02484302 
294 524 8 11 0.02483779 
560 578 10 14 0.024833607 
270 601 11 16 0.024814827 
160 588 9 13 0.024764834 
245 567 10 12 0.02471359 
942 582 13 16 0.024709271 
248 527 8 10 0.024668612 
449 513 7 9 0.024619868 
847 503 9 11 0.024532074 
129 535 8 11 0.024526557 
712 533 10 12 0.024483483 
366 597 11 14 0.024350416 
878 519 10 13 0.024287585 
258 564 9 11 0.024234647 
381 589 9 13 0.024182646 
605 589 11 13 0.024052264 
615 596 11 13 0.024004726 
936 469 8 11 0.023985732 
836 527 12 15 0.023971008 
376 589 8 12 0.023929488 
549 592 14 17 0.023914443 
848 526 9 12 0.023815528 
342 539 10 12 0.02376223 
301 605 10 14 0.023694634 
408 627 11 14 0.023686267 
616 508 7 9 0.02368189 
136 511 8 11 0.02366898 
124 524 7 10 0.023602009 
183 525 9 11 0.023563122 
566 517 8 10 0.023545774 
638 527 8 11 0.023512715 
860 576 10 15 0.023506822 
350 559 8 10 0.02347327 
1006 524 12 15 0.02344589 
661 568 10 12 0.023331573 
112 518 8 10 0.023331182 
151 551 10 13 0.023325713 
977 500 10 13 0.023229692 
263 534 8 11 0.02321768 
420 614 11 16 0.023208829 
86 585 7 10 0.023178576 
676 634 12 15 0.023162905 
858 618 15 19 0.02316232 
996 532 12 15 0.023110531 
921 542 8 11 0.02306893 
727 575 9 11 0.023054754 
471 533 8 10 0.023043757 
218 520 7 10 0.023038607 
782 488 7 9 0.023023533 
538 644 10 13 0.02301993 
88 542 9 11 0.023002228 
439 636 11 14 0.022977354 
975 508 11 15 0.0229581 
855 527 8 11 0.02295243 
600 527 9 12 0.022950461 
893 509 10 12 0.022905258 
838 497 8 9 0.022865575 
527 504 7 10 0.0228496 
461 581 9 12 0.022812402 
111 511 7 10 0.022804767 
79 534 9 12 0.02279314 
97 525 8 11 0.02278957 
103 544 8 10 0.022671403 
471 619 9 12 0.022651352 
382 526 7 10 0.022618245 
429 524 8 11 0.022609744 
360 604 9 14 0.022547286 
439 500 8 11 0.022524398 
689 500 8 11 0.02250494 
1 499 8 12 0.022495514 
960 511 9 11 0.02249221 
734 622 12 15 0.022455914 
211 619 19 24 0.022439098 
868 543 10 13 0.022410143 
485 494 8 9 0.022397673 
196 597 12 15 0.022388967 
749 628 13 16 0.022337675 
538 510 8 10 0.022328386 
329 536 8 10 0.02230656 
485 623 10 11 0.02230224 
431 548 10 12 0.022299292 
312 556 8 11 0.02226038 
507 587 13 17 0.022211848 
39 531 10 13 0.022197384 
689 626 11 15 0.022186307 
349 586 11 14 0.022178903 
399 503 9 10 0.022130847 
821 641 11 14 0.02212217 
453 540 9 12 0.022088543 
143 509 10 14 0.022069879 
910 509 7 10 0.02206708 
586 519 8 10 0.021994954 
893 503 9 10 0.021970632 
606 597 10 13 0.021951867 
117 564 9 12 0.021898013 
70 526 11 14 0.021881308 
223 567 9 12 0.021880666 
203 578 12 15 0.021876635 
708 570 11 13 0.021769246 
2 610 8 12 0.02172521 
616 526 7 10 0.02170393 
601 597 9 11 0.021698633 
88 565 9 12 0.021691652 
230 581 10 15 0.02168777 
625 579 9 13 0.02165413 
679 511 7 9 0.021647263 
777 517 8 10 0.021570101 
470 550 9 12 0.021570021 
157 573 9 11 0.021566942 
724 534 9 12 0.021536283 
768 516 8 10 0.021528779 
204 571 12 15 0.021522874 
752 502 8 11 0.021488653 
128 566 9 11 0.021454211 
65 494 10 13 0.021441344 
224 494 7 9 0.021434752 
319 553 7 9 0.021433616 
533 549 8 10 0.021413289 
849 460 9 11 0.021400122 
718 527 10 13 0.021370167 
217 582 11 14 0.0213468 
561 512 8 11 0.021343844 
656 554 11 15 0.021322653 
631 532 9 12 0.02129903 
29 557 12 14 0.021271255 
402 573 9 11 0.021258442 
348 642 14 20 0.02121948 
369 493 9 11 0.021172456 
703 503 7 9 0.021171387 
655 535 8 11 0.021166854 
44 581 13 17 0.021166757 
222 572 10 14 0.021166528 
783 534 9 12 0.021106586 
510 531 9 12 0.021066414 
793 524 9 12 0.02101333 
878 494 9 11 0.020966992 
637 580 10 13 0.020960467 
195 494 7 9 0.020949714 
885 527 9 12 0.02094302 
767 606 9 12 0.02092726 
264 589 9 11 0.020924734 
234 518 8 10 0.020912591 
622 542 9 12 0.02087554 
812 523 10 14 0.020803064 
474 487 7 9 0.020797351 
488 532 8 11 0.020782625 
248 596 10 13 0.02074524 
864 499 8 11 0.020729005 
679 494 7 9 0.020689808 
165 534 9 12 0.020684803 
842 454 8 11 0.020684095 
136 529 8 10 0.020679405 
394 583 8 11 0.020660061 
341 607 11 14 0.020626374 
401 552 9 12 0.02057943 
176 503 9 11 0.020491475 
406 502 10 12 0.020482125 
305 559 8 11 0.020448735 
793 489 8 10 0.020433497 
520 510 7 10 0.020423641 
654 541 11 14 0.020315658 
166 494 9 11 0.020264989 
70 540 11 13 0.02024361 
605 578 12 14 0.02021475 
1011 483 11 15 0.020209273 
253 603 11 14 0.020205647 
352 598 9 12 0.020200588 
232 526 10 12 0.020197008 
664 534 9 11 0.020187974 
245 668 15 16 0.02015771 
352 637 11 15 0.020152483 
754 495 8 11 0.020128721 
575 589 10 13 0.02010705 
521 543 9 12 0.02009135 
311 604 12 16 0.020091314 
246 496 8 10 0.02008573 
96 550 7 10 0.020064445 
6 536 9 12 0.02005862 
904 593 12 15 0.02002781 
393 501 7 9 0.02001207 
