22_Picnic_Picnic_22_561
66
209 474 114 144 0.99965274 
389 495 101 132 0.9995834 
717 220 12 16 0.12821688 
860 239 11 14 0.09809421 
388 1136 18 21 0.09436603 
717 188 9 13 0.08485199 
719 216 9 12 0.083284296 
779 252 11 14 0.058005102 
804 55 9 11 0.051375803 
884 93 11 13 0.048825927 
701 1119 11 14 0.04267804 
863 173 10 12 0.04216814 
855 103 10 12 0.04131597 
514 1107 29 32 0.04004986 
793 263 10 13 0.038440727 
11 324 17 20 0.037978075 
742 1108 10 12 0.03733916 
888 100 13 16 0.036467332 
661 259 10 12 0.036318738 
734 150 9 12 0.03580358 
811 241 14 17 0.03439144 
-2 388 51 65 0.03345851 
855 2 15 17 0.032564536 
764 119 12 14 0.03238938 
713 224 14 18 0.03098383 
714 142 13 16 0.030524384 
871 204 13 15 0.030321073 
585 769 64 63 0.030321065 
855 173 10 13 0.029272933 
9 156 10 14 0.029155364 
736 137 7 10 0.029111808 
737 221 11 14 0.027902458 
633 716 9 12 0.027794011 
794 166 8 11 0.027451081 
758 230 10 12 0.027407035 
672 247 11 14 0.027053498 
555 1061 15 22 0.026500346 
840 156 10 14 0.026087223 
769 61 11 14 0.026027992 
847 157 11 14 0.025629474 
166 190 10 13 0.02504675 
873 67 17 20 0.024360975 
327 249 12 16 0.024034297 
2 424 31 37 0.023737315 
862 59 9 11 0.023718374 
791 222 8 12 0.023282034 
838 198 12 14 0.023212323 
0 360 13 22 0.023111355 
698 1123 10 12 0.022919966 
872 107 12 15 0.022811733 
647 245 10 13 0.022550227 
645 111 10 14 0.022391153 
804 59 11 14 0.022340259 
0 325 13 19 0.022312181 
3 320 28 36 0.02206293 
670 224 8 10 0.0216636 
506 1164 25 28 0.021616815 
876 2 11 12 0.021580428 
564 30 14 21 0.021208966 
747 1134 22 25 0.021066476 
724 187 11 13 0.02034344 
245 1259 62 50 0.020322021 
152 246 12 14 0.020199858 
714 154 13 17 0.020151949 
700 141 11 16 0.020040525 
831 237 7 10 0.020009058 
