3.082628437543507793e+00
2.625507118400209450e+00
2.389797771291703121e+00
2.247216270091185741e+00
2.181214110960501440e+00
2.109731428394591379e+00
2.063944486010333978e+00
2.034442311951092375e+00
2.007924406494228098e+00
1.980027553388235662e+00
1.970305505330147922e+00
1.955420809572342655e+00
1.923697466458778260e+00
1.918279898393413285e+00
1.925717221607702756e+00
1.904732478030535026e+00
1.880705955097023763e+00
1.886788284556465856e+00
1.747038448402970401e+00
1.707691209656851727e+00
1.679147526806926027e+00
1.669010819254084454e+00
1.646550772445542377e+00
1.641209662030017169e+00
1.650934909649702353e+00
