2.713312103673352738e+00
1.901639961631771847e+00
1.661693872166623898e+00
inf
1.489260819862070262e+00
1.434425379629738595e+00
1.400387980333118731e+00
1.366324579354768920e+00
1.349635281542211906e+00
1.326531778893763169e+00
1.322645010293594492e+00
1.300728368185321671e+00
1.274235214910799607e+00
1.265208532576744149e+00
1.273094880411991481e+00
1.252308220463741240e+00
1.239892057362967037e+00
1.245979677347801795e+00
1.120720711461505426e+00
1.090497583249202096e+00
1.070624652642594654e+00
1.066422631194734016e+00
1.047041632425942392e+00
1.034186397245304256e+00
1.047900475911587748e+00
