1.902174968611988426e+00
1.817572367241265852e+01
3.158551894011455374e+01
3.797228175898463576e+01
4.238360169310728054e+01
4.460484878992980384e+01
4.683769269507829591e+01
4.820895511827337998e+01
4.924755930508815283e+01
5.006743439994141909e+01
5.017512191216372486e+01
5.154833134669926409e+01
5.094795210127821150e+01
5.245503961044556718e+01
5.255314114434002448e+01
5.321334110071986601e+01
5.365908711247546137e+01
5.307048532164743904e+01
5.729738260992721166e+01
5.796257824146316295e+01
5.899770384169442394e+01
6.021464471626460835e+01
5.977386126536845268e+01
6.007884049732314224e+01
6.078960324649045788e+01
