8_Election_Campain_Election_Campaign_8_32
70
467 281 26 32 0.99820566 
872 288 25 31 0.99785066 
222 261 27 34 0.9972996 
108 238 28 36 0.9972615 
561 304 22 29 0.9956233 
662 274 26 32 0.99541134 
615 291 24 31 0.9942855 
363 287 24 30 0.9939786 
952 272 24 32 0.9924339 
321 291 23 30 0.991499 
723 276 22 29 0.9870918 
793 290 24 32 0.97338796 
35 262 24 33 0.96372837 
914 264 28 35 0.9311118 
957 253 21 27 0.6252374 
695 502 10 12 0.14825834 
437 511 12 14 0.12587598 
812 514 18 20 0.10538673 
861 515 11 15 0.104622 
884 514 11 15 0.09630171 
249 504 9 11 0.09010072 
343 493 8 11 0.08159426 
76 507 13 18 0.07934767 
120 501 8 11 0.066287 
676 0 95 70 0.061541814 
905 528 10 12 0.060235985 
135 504 8 11 0.057420924 
35 255 14 17 0.042872503 
992 256 16 19 0.042101786 
479 522 10 13 0.040666435 
424 344 32 38 0.038616315 
166 504 8 10 0.0384209 
432 512 10 12 0.038307246 
903 271 27 34 0.036271024 
590 511 8 10 0.035847187 
294 509 9 11 0.0350048 
425 513 8 11 0.034738444 
191 531 10 13 0.03247501 
534 509 10 12 0.03206566 
123 517 8 11 0.030688643 
444 511 10 13 0.027996425 
566 516 10 12 0.027853962 
879 509 14 18 0.027844772 
518 511 8 11 0.027650315 
113 502 8 11 0.026521804 
591 3 9 9 0.026186176 
92 500 9 11 0.025208091 
534 534 10 12 0.024907198 
871 508 10 13 0.024870658 
19 245 45 54 0.024556225 
254 508 7 10 0.024528254 
935 268 23 32 0.024523167 
893 516 9 12 0.024378924 
196 493 13 16 0.023832582 
699 507 11 13 0.02372544 
771 518 11 15 0.023212131 
241 501 10 14 0.023103153 
26 253 27 34 0.022985369 
560 526 10 12 0.02282272 
351 510 9 11 0.022160275 
393 509 10 11 0.022079982 
126 501 8 11 0.02156183 
105 523 8 12 0.021287685 
276 278 32 38 0.020991545 
697 278 24 30 0.020909037 
358 509 10 12 0.02055385 
85 510 10 13 0.020463364 
207 499 10 12 0.02020485 
398 500 11 12 0.020196397 
562 518 8 11 0.020027269 
