8_Election_Campain_Election_Campaign_8_252
226
412 392 29 35 0.9983425 
293 442 52 69 0.9972023 
140 448 83 101 0.9965892 
491 380 27 31 0.99439985 
923 310 26 33 0.98536354 
364 389 27 30 0.978957 
854 302 13 17 0.93753445 
886 332 18 22 0.90521115 
825 349 19 29 0.8991271 
876 311 16 20 0.8757678 
108 422 14 17 0.83696616 
987 287 21 26 0.83591706 
86 451 19 26 0.7563969 
896 296 17 21 0.7327231 
651 362 15 19 0.7155213 
755 335 13 16 0.65245634 
669 348 16 21 0.62246794 
725 353 16 20 0.46539503 
789 335 17 20 0.42121932 
675 379 12 14 0.41693145 
375 366 12 15 0.37681276 
55 479 22 30 0.36624104 
460 135 18 21 0.30691493 
301 381 13 17 0.24749051 
77 413 12 14 0.20478402 
711 295 18 20 0.19247095 
608 365 13 15 0.16643222 
730 461 45 31 0.16528453 
76 418 13 17 0.15004736 
733 425 49 53 0.14422031 
703 309 9 14 0.126048 
39 423 10 12 0.11757224 
1008 273 13 18 0.111511275 
37 426 13 18 0.110873215 
950 313 17 24 0.10293303 
635 413 11 14 0.100912444 
41 484 29 32 0.09509106 
261 384 11 13 0.09289559 
646 348 12 15 0.09015967 
384 326 10 13 0.077477016 
748 402 46 59 0.075316615 
708 316 11 15 0.07088305 
690 357 9 13 0.0691489 
32 422 11 13 0.06822448 
646 355 13 16 0.06555993 
782 403 24 39 0.06305865 
868 291 12 15 0.06079289 
655 300 8 11 0.060518958 
835 245 13 16 0.060341667 
847 326 13 16 0.05964402 
297 378 11 15 0.05934765 
72 420 20 27 0.05817534 
771 317 9 12 0.05516351 
1003 311 20 38 0.054911632 
941 222 11 13 0.054894052 
97 411 10 15 0.054181747 
95 368 9 11 0.053442307 
979 178 16 23 0.053006172 
311 388 10 14 0.050794445 
237 495 41 55 0.05048273 
715 378 12 18 0.050095446 
592 375 9 13 0.048063535 
456 358 12 15 0.047618438 
620 360 13 17 0.047056105 
908 299 13 17 0.046525836 
347 387 12 17 0.045552842 
598 375 9 12 0.04547454 
654 318 10 13 0.045178898 
695 363 9 12 0.045057397 
832 252 9 12 0.044908933 
564 372 11 13 0.04448998 
975 298 13 18 0.044232395 
738 335 9 11 0.04390974 
235 453 47 59 0.042547178 
1010 278 14 21 0.04230643 
539 346 13 17 0.042089477 
995 289 24 33 0.04167755 
294 404 11 14 0.041391738 
533 34 15 17 0.040320005 
0 425 13 22 0.03911852 
316 390 10 12 0.039035786 
533 339 15 19 0.036731314 
669 303 8 10 0.036183435 
727 310 10 15 0.036079697 
910 188 12 16 0.035829198 
494 339 12 14 0.035621487 
829 230 9 12 0.03534743 
119 399 7 11 0.03524468 
178 407 14 18 0.03521528 
104 266 12 15 0.035021972 
655 340 11 15 0.034444325 
62 436 13 18 0.034199085 
458 493 75 76 0.0340856 
684 332 10 14 0.033927925 
847 244 12 15 0.033867758 
661 319 11 14 0.033313267 
712 322 11 15 0.033197682 
444 368 13 18 0.033014268 
717 316 12 15 0.03298849 
207 391 10 12 0.03266219 
685 371 10 15 0.03265525 
961 244 9 12 0.03262671 
459 367 21 26 0.032566812 
980 295 15 20 0.032548122 
527 0 12 11 0.03185492 
705 300 20 25 0.03166233 
733 301 10 13 0.031582393 
840 284 10 13 0.031548675 
575 361 14 17 0.031426318 
958 221 10 12 0.031375464 
736 470 24 21 0.030750902 
665 302 8 11 0.030579802 
745 301 9 12 0.030425457 
656 335 11 13 0.030371055 
67 429 16 22 0.029475056 
447 346 11 15 0.029351506 
726 298 12 16 0.029335778 
687 364 12 14 0.029231416 
768 324 11 14 0.028999336 
613 359 13 17 0.02875277 
649 318 9 12 0.02865717 
631 346 11 15 0.02859921 
212 390 11 14 0.028534027 
80 425 15 19 0.028105168 
572 400 23 33 0.027916485 
712 385 12 16 0.027916403 
286 395 13 16 0.02780239 
303 382 19 24 0.027782641 
597 345 9 11 0.027670471 
807 325 10 13 0.027586296 
792 413 16 24 0.027451882 
765 332 11 15 0.02725152 
685 510 11 15 0.027127797 
472 334 12 15 0.027098732 
47 445 12 15 0.027041726 
947 237 10 12 0.02695064 
257 443 46 64 0.026906323 
744 308 10 15 0.026688676 
506 331 27 34 0.026507493 
671 403 14 17 0.026330747 
177 132 30 35 0.026313521 
301 393 11 15 0.026277157 
638 347 12 15 0.026201084 
19 479 26 32 0.026130186 
369 363 12 16 0.02612549 
52 443 13 17 0.025851462 
30 431 17 19 0.025838736 
676 411 12 16 0.025648225 
128 397 9 11 0.025575422 
493 328 27 32 0.025538446 
793 483 24 28 0.025330741 
749 317 9 11 0.02514741 
686 350 12 16 0.02480935 
112 404 10 13 0.024671018 
258 387 9 12 0.02462083 
368 347 10 12 0.024592489 
523 334 22 30 0.024479272 
779 294 12 15 0.024326265 
42 433 14 19 0.024198692 
274 372 8 12 0.024188673 
63 427 13 17 0.024165623 
765 397 30 44 0.024147362 
451 365 16 22 0.024132071 
46 202 11 16 0.023961471 
712 176 33 45 0.023904528 
430 384 25 32 0.023707582 
736 339 11 14 0.023651304 
488 336 12 16 0.023512572 
646 334 10 14 0.023479085 
730 463 21 24 0.023384057 
400 348 12 15 0.023349084 
184 395 12 15 0.023026254 
716 307 14 16 0.022982292 
732 406 40 45 0.022846512 
914 300 13 18 0.02283647 
733 306 11 18 0.022687394 
623 402 11 16 0.022637725 
574 351 9 12 0.022567503 
156 346 11 13 0.02250755 
102 407 10 14 0.02247384 
816 347 22 27 0.02239683 
291 397 14 17 0.022294875 
159 391 10 12 0.022082778 
267 388 11 14 0.02203187 
871 322 14 17 0.021976646 
37 486 18 22 0.021923795 
295 388 11 16 0.021695083 
225 376 9 11 0.021660678 
569 24 9 12 0.0215414 
921 361 27 40 0.021472706 
280 388 11 14 0.02145192 
704 301 11 14 0.021436276 
122 392 8 10 0.021424131 
114 400 8 11 0.021364113 
916 306 15 20 0.021333925 
421 345 13 17 0.021312242 
400 334 9 12 0.021301981 
722 375 17 21 0.02128603 
447 336 23 32 0.021280624 
561 367 11 14 0.02122727 
457 362 14 18 0.02120906 
912 362 45 66 0.021129549 
526 334 13 18 0.021032583 
769 313 9 11 0.020969236 
788 363 11 14 0.020934314 
870 331 12 16 0.020919845 
718 331 10 14 0.020872101 
719 349 14 19 0.020857908 
97 450 17 23 0.02082029 
452 346 13 18 0.020816432 
683 377 12 16 0.020711431 
824 297 9 11 0.020695722 
219 442 46 65 0.02068236 
730 371 16 17 0.02061563 
767 301 9 11 0.020598158 
518 338 13 18 0.02049563 
839 275 10 14 0.020486118 
627 355 12 15 0.020478424 
621 409 12 18 0.020323247 
907 425 66 75 0.020310821 
720 461 40 52 0.020295667 
629 405 13 18 0.02022759 
62 406 11 13 0.02020612 
850 467 18 20 0.02015141 
420 337 24 29 0.02013444 
866 285 10 13 0.020085994 
