8_Election_Campain_Election_Campaign_8_157
67
163 420 36 46 0.9988601 
218 455 21 28 0.9726185 
268 440 21 26 0.9394201 
0 472 19 32 0.9360827 
327 462 22 33 0.9100111 
725 414 18 23 0.80032784 
804 461 13 16 0.702048 
443 460 19 25 0.3876282 
821 453 11 15 0.241468 
1004 342 17 22 0.22630712 
334 435 11 14 0.13975872 
646 443 14 17 0.13853757 
863 454 12 14 0.13793646 
538 450 9 13 0.09351564 
903 453 12 14 0.07786187 
581 451 14 19 0.069114596 
908 451 12 15 0.05750067 
871 446 12 14 0.056868147 
904 443 11 14 0.05502233 
606 466 15 17 0.053032808 
866 458 12 14 0.04808601 
812 460 11 14 0.046841606 
852 468 12 15 0.0463495 
467 396 13 16 0.04564873 
793 486 15 18 0.045250855 
579 445 13 16 0.03976378 
791 368 12 16 0.039345868 
921 269 11 14 0.039080355 
405 461 12 15 0.03619545 
452 390 12 14 0.0345827 
922 447 8 10 0.03350068 
886 412 10 14 0.033418488 
585 454 16 23 0.03080065 
936 232 39 38 0.029854415 
629 424 13 15 0.029817231 
702 429 9 12 0.028874464 
660 481 19 28 0.028484277 
662 441 13 19 0.028030416 
918 451 11 13 0.027690837 
652 438 13 19 0.02695206 
832 436 12 15 0.026317595 
402 24 179 228 0.026253387 
847 453 10 13 0.025729641 
576 441 10 13 0.024251364 
800 464 13 16 0.02360058 
479 450 27 33 0.02355809 
437 430 9 12 0.023480264 
502 431 11 13 0.023381358 
586 549 17 20 0.023159504 
932 235 10 14 0.02269431 
895 389 9 12 0.022678852 
989 662 32 33 0.022255996 
44 623 10 13 0.021765262 
589 444 13 18 0.021609258 
859 468 13 14 0.021559417 
855 436 9 12 0.021478932 
466 452 29 33 0.021424886 
410 634 14 17 0.021388581 
463 411 9 14 0.021373978 
831 469 10 13 0.021063903 
492 447 23 32 0.021016272 
936 446 11 14 0.020976646 
925 468 13 16 0.020812904 
563 454 11 16 0.020799555 
543 352 11 15 0.020521864 
980 272 39 55 0.020330464 
863 447 12 15 0.020152636 
