8_Election_Campain_Election_Campaign_8_86
53
118 175 55 70 0.9974252 
376 216 45 61 0.99538547 
578 235 53 66 0.9947984 
12 158 51 67 0.9933217 
476 277 35 45 0.98752314 
210 231 41 52 0.9703254 
346 259 32 40 0.90479416 
460 251 28 36 0.6687443 
753 251 37 51 0.30145693 
907 277 27 38 0.21824937 
839 241 15 19 0.1917078 
501 669 14 15 0.17372017 
500 595 12 16 0.09462029 
915 277 15 21 0.08101555 
547 392 101 137 0.07280853 
468 265 33 42 0.07040003 
763 228 21 33 0.06627198 
34 252 11 14 0.05727645 
271 667 20 17 0.054976594 
300 595 22 29 0.053001944 
788 259 18 21 0.049315836 
142 567 25 37 0.048586097 
228 668 14 14 0.04344247 
770 262 28 36 0.042530835 
303 283 22 29 0.041239575 
324 620 10 12 0.037433904 
664 -10 202 227 0.037399333 
357 246 33 45 0.030446107 
57 165 29 38 0.02975313 
771 234 24 34 0.027184756 
272 264 33 39 0.02716218 
574 196 12 18 0.026039278 
793 14 192 204 0.024830583 
884 252 16 19 0.024580425 
830 367 11 14 0.02446306 
75 197 36 44 0.024252126 
359 643 23 27 0.023928884 
961 431 44 67 0.023403766 
782 266 14 21 0.02330079 
299 278 36 51 0.023082659 
665 303 11 14 0.022937827 
635 296 59 67 0.022297513 
1005 326 12 17 0.022037484 
812 224 28 38 0.02183287 
985 360 35 52 0.021483038 
40 170 44 58 0.021158438 
794 215 39 50 0.021073792 
327 595 12 16 0.020963553 
499 622 10 12 0.020685412 
224 673 15 17 0.020596553 
150 567 11 13 0.0203644 
849 242 14 17 0.020363517 
864 246 10 14 0.020053066 
