8_Election_Campain_Election_Campaign_8_437
83
730 50 24 29 0.9819324 
648 52 25 30 0.9807294 
474 253 24 28 0.9786581 
682 259 24 28 0.9665536 
569 52 24 30 0.9650028 
438 64 21 25 0.95429367 
581 256 22 26 0.95140886 
521 34 15 20 0.92301655 
364 65 22 27 0.91317546 
586 147 15 20 0.8985074 
368 254 21 26 0.87786275 
641 146 14 19 0.8735038 
259 165 19 23 0.85995364 
252 267 19 23 0.8472342 
697 143 15 20 0.8372064 
754 144 14 19 0.8180755 
215 162 15 18 0.78859246 
132 263 18 22 0.76685965 
151 162 13 17 0.6422313 
457 310 30 54 0.57858086 
525 376 50 48 0.5699601 
283 61 14 19 0.5651887 
412 71 13 18 0.5441047 
215 63 14 18 0.5015783 
149 65 14 17 0.48132116 
89 160 14 18 0.4420158 
621 61 13 16 0.38653174 
88 67 14 17 0.32574373 
23 72 13 17 0.23967221 
701 58 16 20 0.16806589 
26 157 15 19 0.14916134 
404 55 23 30 0.11394029 
302 170 12 16 0.09694125 
-3 205 53 79 0.0943546 
524 263 11 15 0.0872878 
535 42 13 18 0.083376944 
-68 260 531 543 0.078482516 
296 276 10 14 0.06438704 
427 303 49 62 0.06373486 
157 223 18 21 0.060738135 
202 143 15 18 0.054319777 
784 60 13 16 0.049588885 
695 44 21 28 0.04441091 
76 141 14 17 0.04270319 
503 129 446 472 0.03949415 
259 53 11 14 0.03925271 
12 52 13 16 0.038994115 
630 265 13 17 0.033594392 
423 148 23 27 0.032105684 
187 407 142 126 0.031741083 
602 348 26 31 0.030784272 
733 270 10 13 0.03013581 
139 143 14 17 0.030126294 
400 306 52 60 0.02943227 
126 154 11 15 0.028821602 
462 229 23 29 0.028438622 
188 153 12 16 0.028402004 
617 50 20 25 0.027736368 
641 40 26 32 0.027508056 
203 44 14 16 0.026936354 
272 43 13 16 0.026433587 
389 333 14 23 0.025174798 
691 3 27 30 0.025124619 
357 54 36 45 0.024617208 
304 162 15 21 0.02420367 
350 150 28 34 0.024174761 
631 133 10 13 0.024038121 
768 158 11 14 0.023237823 
132 155 11 13 0.022477077 
711 157 11 13 0.02232048 
442 329 30 40 0.022192882 
416 66 16 21 0.021987682 
495 147 24 28 0.021925438 
169 270 11 14 0.021807421 
489 77 23 30 0.021674722 
528 33 17 24 0.021035694 
623 152 9 11 0.020899694 
383 302 44 56 0.020510638 
476 53 21 29 0.020443315 
125 164 9 14 0.02041618 
488 80 38 52 0.020138636 
606 143 10 12 0.020080108 
360 246 36 46 0.02000071 
