8_Election_Campain_Election_Campaign_8_498
33
687 37 122 159 0.9992286 
71 117 88 115 0.99920446 
261 131 89 115 0.9986092 
573 141 70 82 0.99830604 
483 178 50 67 0.9973929 
346 146 57 81 0.9972851 
920 251 106 176 0.99313253 
398 147 45 62 0.99019694 
776 134 59 85 0.98544955 
202 180 62 71 0.98482496 
541 164 36 45 0.9719082 
883 206 40 52 0.88552535 
5 173 25 34 0.20762184 
0 0 31 27 0.15009835 
229 161 79 97 0.12113326 
962 168 49 62 0.08818663 
517 166 42 60 0.07055704 
452 170 26 37 0.06330114 
646 137 39 54 0.059995126 
889 173 12 15 0.055215202 
459 171 15 21 0.04722744 
536 144 28 36 0.04455111 
473 163 46 60 0.04404822 
461 165 12 17 0.033871066 
577 511 33 41 0.0308057 
486 157 36 38 0.02913328 
887 172 23 27 0.026807405 
180 172 11 15 0.025775371 
28 182 49 57 0.02430941 
2 400 13 19 0.023110213 
0 343 33 50 0.02026106 
505 167 34 48 0.020122027 
2 151 22 35 0.020010445 
