8_Election_Campain_Election_Campaign_8_347
29
214 131 31 44 0.9993187 
753 166 26 35 0.99794525 
23 570 13 20 0.9585831 
923 587 12 16 0.93076086 
175 563 13 17 0.34202585 
966 578 13 15 0.21834329 
960 589 10 13 0.19371669 
934 613 12 16 0.13013552 
966 634 10 13 0.08636122 
1011 570 11 18 0.0816505 
964 589 11 14 0.06421295 
949 588 11 13 0.060978454 
487 380 410 560 0.050560262 
961 581 11 15 0.047143776 
852 573 11 16 0.04229674 
951 597 12 14 0.03889772 
958 595 10 13 0.03540221 
-4 124 97 182 0.034912102 
146 566 14 16 0.034323838 
37 573 11 16 0.03208379 
470 582 12 15 0.028727066 
1006 562 18 30 0.028491197 
476 583 13 17 0.023548653 
891 573 13 16 0.021972306 
929 587 12 15 0.021928128 
903 581 9 12 0.021605184 
167 566 16 20 0.021109441 
943 595 12 14 0.020860536 
168 557 13 17 0.020629754 
