8_Election_Campain_Election_Campaign_8_452
30
970 392 47 70 0.99619067 
784 319 87 104 0.995663 
423 386 51 69 0.99251735 
643 291 76 82 0.988734 
77 446 43 51 0.9721959 
364 402 40 55 0.92839587 
151 447 41 49 0.7901094 
244 414 39 52 0.4215976 
319 376 25 32 0.23518671 
318 372 43 58 0.1612046 
707 550 27 35 0.13675581 
711 356 13 16 0.10965224 
14 378 15 19 0.06630485 
60 446 27 38 0.06484954 
593 357 44 55 0.057425257 
20 429 13 18 0.045908634 
169 455 43 54 0.035849866 
487 545 39 47 0.035293303 
189 441 16 19 0.033533044 
213 537 43 48 0.02678913 
7 485 35 45 0.025381075 
-1 411 19 34 0.024891201 
308 181 10 12 0.023539571 
341 374 28 41 0.022821268 
127 151 9 12 0.02260421 
150 468 37 46 0.021616133 
10 423 24 31 0.020982917 
1 128 9 18 0.020872956 
288 325 11 13 0.020248085 
11 416 35 52 0.020185597 
