8_Election_Campain_Election_Campaign_8_412
865
808 139 29 35 0.99802643 
901 351 30 43 0.99763143 
269 256 33 39 0.99590343 
251 170 25 33 0.9949373 
425 421 31 44 0.9854087 
695 445 41 60 0.98278 
301 559 45 70 0.98248714 
488 257 33 40 0.9765093 
932 319 28 35 0.9750243 
727 498 35 48 0.96829885 
618 388 34 44 0.96713704 
637 421 39 51 0.9599036 
15 505 32 54 0.9596317 
274 486 37 44 0.9535293 
548 147 29 33 0.9534035 
964 205 30 36 0.9513085 
977 258 31 39 0.95130473 
7 262 31 37 0.94998515 
512 180 22 29 0.94919395 
772 593 47 65 0.9405397 
774 126 22 28 0.9388292 
331 396 39 49 0.9357191 
372 65 20 24 0.9286591 
356 120 16 21 0.9278986 
616 290 26 36 0.92723626 
557 548 54 62 0.92716193 
769 431 33 48 0.9229061 
324 132 16 22 0.9170729 
168 246 24 33 0.9113839 
971 534 34 51 0.8989813 
621 515 39 55 0.8775858 
978 316 33 45 0.8688007 
647 306 29 39 0.8603425 
365 144 17 22 0.842394 
569 214 24 32 0.8409799 
395 114 15 19 0.8302292 
860 453 39 46 0.8137322 
626 140 21 29 0.79785126 
358 232 29 38 0.7946588 
91 327 29 34 0.77923465 
271 541 46 63 0.7549828 
293 34 14 18 0.739825 
613 101 12 15 0.7354566 
82 530 36 58 0.73155856 
800 537 34 52 0.72759455 
670 240 22 28 0.72500694 
780 153 21 26 0.7183302 
558 113 16 20 0.7103722 
868 580 34 35 0.69872916 
396 374 24 28 0.6864545 
524 29 15 21 0.6586611 
354 486 40 55 0.6426874 
139 301 31 43 0.6172259 
804 357 26 35 0.61019385 
813 413 31 53 0.60776496 
304 12 13 16 0.6039578 
85 125 21 28 0.60062265 
464 253 32 43 0.5920115 
966 143 12 14 0.5908376 
123 301 16 23 0.5805167 
148 550 37 48 0.5768849 
694 83 14 20 0.55835474 
242 124 20 26 0.5470244 
464 26 18 21 0.5412983 
718 101 13 17 0.53262854 
178 384 29 35 0.51474816 
910 593 41 51 0.5076554 
919 511 33 43 0.49850723 
865 350 26 33 0.48842207 
969 432 30 36 0.48806676 
280 96 17 21 0.48789725 
279 218 15 19 0.4632133 
654 106 13 17 0.45049128 
206 8 13 17 0.44812515 
493 137 18 22 0.44280094 
695 29 10 13 0.44251853 
608 75 18 25 0.4398582 
421 67 14 18 0.4316493 
371 43 12 15 0.42902777 
347 177 22 30 0.42901027 
665 275 16 19 0.42359138 
467 83 12 16 0.42060158 
817 620 57 57 0.40515965 
487 580 29 39 0.40261924 
662 210 17 22 0.39382666 
106 349 37 40 0.3927799 
644 171 16 20 0.36706465 
302 65 14 18 0.35685715 
376 596 30 43 0.3548943 
376 403 25 33 0.3512646 
229 417 31 50 0.34444246 
812 243 15 17 0.3443207 
276 16 15 20 0.33343908 
792 609 62 66 0.3330554 
637 117 15 19 0.33214948 
371 497 35 45 0.33207327 
735 0 23 27 0.32933074 
107 22 11 14 0.31404403 
306 176 16 20 0.28337538 
538 116 17 21 0.27705395 
699 205 24 30 0.2709834 
946 189 17 24 0.2470977 
173 149 10 13 0.24454306 
197 456 18 24 0.24087267 
481 400 30 39 0.23277636 
701 117 17 19 0.22912218 
294 111 13 16 0.22105059 
843 319 29 40 0.22031793 
114 153 13 16 0.21832044 
247 539 25 29 0.21503308 
914 178 13 17 0.2141706 
31 460 20 30 0.2029543 
197 99 14 19 0.19647649 
75 155 13 16 0.18678164 
165 219 16 22 0.18610987 
602 128 17 23 0.18563119 
569 456 33 52 0.18513048 
794 269 15 18 0.18348762 
976 1 11 11 0.18116412 
724 326 17 20 0.18089764 
923 221 14 20 0.1744497 
367 98 14 16 0.16654967 
543 4 16 19 0.16615997 
669 183 23 29 0.16515961 
339 114 15 18 0.1627246 
155 100 13 16 0.16205901 
402 1 10 11 0.16146745 
756 214 31 36 0.1600855 
623 257 15 19 0.1551795 
11 349 15 19 0.15455005 
545 113 20 24 0.15401572 
467 166 13 17 0.15203375 
733 118 14 19 0.14729345 
406 35 9 13 0.14246514 
792 416 38 56 0.14121586 
285 37 14 17 0.13550915 
626 398 42 57 0.13442829 
583 85 11 15 0.13390592 
994 378 22 25 0.13358445 
215 270 15 24 0.1331391 
947 404 30 46 0.13229482 
453 99 11 13 0.13168001 
163 170 15 20 0.12977692 
711 478 43 58 0.12949513 
38 345 17 20 0.12914313 
850 77 14 19 0.12411137 
371 14 10 13 0.123324454 
603 25 11 16 0.12156192 
845 42 10 13 0.12123543 
447 64 10 12 0.11758154 
718 172 13 17 0.116921425 
633 89 12 18 0.11260658 
764 100 9 12 0.109728806 
184 38 10 13 0.10914513 
78 227 11 14 0.108678795 
203 149 12 15 0.10700578 
148 313 30 38 0.10481962 
495 219 23 30 0.10410983 
111 552 21 32 0.103011034 
407 10 12 15 0.10236469 
325 86 12 16 0.10043501 
389 99 13 16 0.09827961 
31 123 11 14 0.09645849 
998 319 25 40 0.09481004 
65 132 11 15 0.09448419 
767 137 14 19 0.092608444 
337 162 17 21 0.09218598 
628 194 16 21 0.09199565 
765 354 12 16 0.09193823 
499 165 12 16 0.091893375 
438 19 10 13 0.09053992 
242 428 25 38 0.09043719 
854 15 11 13 0.09028107 
441 289 22 29 0.09023222 
387 154 25 28 0.09000516 
917 300 21 26 0.08994322 
537 581 30 41 0.08959363 
511 114 14 18 0.08955632 
337 278 18 22 0.08854345 
189 423 16 22 0.087642126 
224 111 11 13 0.08527942 
344 24 10 12 0.0848389 
458 181 9 12 0.084327295 
573 247 16 19 0.0842698 
349 173 15 17 0.083201304 
560 185 20 27 0.08120793 
809 374 17 22 0.08070815 
107 98 13 16 0.08045225 
415 33 12 16 0.07935111 
573 116 14 17 0.07901759 
862 45 8 11 0.0787167 
389 29 10 13 0.077888414 
191 109 12 16 0.0766582 
1 453 24 36 0.07589389 
201 4 12 17 0.07560412 
293 77 11 14 0.075296305 
881 100 13 17 0.075181544 
149 171 9 12 0.07412791 
146 416 17 24 0.073996104 
39 243 15 18 0.07311662 
124 413 16 20 0.0723963 
420 2 15 18 0.07162626 
60 228 10 13 0.07067278 
25 330 11 15 0.07039519 
387 5 11 12 0.06974143 
187 299 21 28 0.06972094 
115 3 13 15 0.0692336 
566 16 9 12 0.06907772 
943 86 12 15 0.068666466 
537 263 16 22 0.06752567 
404 3 13 16 0.067193516 
267 52 13 16 0.06653636 
844 321 18 24 0.06610777 
384 36 10 14 0.066003166 
920 1 10 10 0.065639056 
266 30 10 13 0.06551248 
235 42 16 20 0.06519531 
403 69 14 18 0.0648023 
681 132 12 16 0.06425365 
247 115 14 16 0.0637991 
244 163 12 18 0.0625772 
470 108 10 13 0.062368978 
508 13 12 16 0.061949097 
864 273 17 24 0.061713252 
820 23 9 13 0.06167732 
355 9 13 15 0.0612149 
555 373 36 51 0.06096199 
876 76 11 14 0.060401976 
653 257 12 16 0.060325507 
426 240 16 21 0.05965689 
336 179 25 33 0.058974143 
92 465 18 23 0.05881925 
895 32 8 10 0.058741324 
443 36 15 21 0.058404174 
125 135 11 13 0.058312055 
605 360 14 17 0.05828917 
379 188 12 15 0.058193382 
601 165 17 23 0.058153793 
317 408 33 38 0.057889566 
887 221 15 18 0.05739799 
564 112 21 24 0.05706239 
633 22 10 13 0.056982286 
587 59 12 15 0.056900613 
27 228 13 15 0.056881677 
612 91 14 19 0.056846168 
254 538 37 42 0.056727268 
540 273 14 20 0.05630393 
478 376 13 17 0.05583682 
228 412 14 16 0.05562563 
92 431 14 19 0.055601034 
845 634 38 45 0.055264503 
259 150 15 18 0.054572836 
533 532 49 63 0.054093648 
176 155 9 12 0.054003056 
661 538 35 42 0.053902492 
134 166 13 16 0.05376452 
245 33 15 18 0.053603765 
557 38 12 15 0.05359802 
196 544 24 36 0.053381994 
407 379 18 25 0.05314314 
956 416 36 50 0.052223496 
841 605 45 55 0.051979423 
961 95 11 14 0.05185275 
934 203 12 16 0.05184845 
254 152 23 29 0.051326454 
675 248 25 31 0.051127203 
741 60 12 15 0.051126223 
143 131 11 16 0.051110063 
155 319 18 24 0.0509529 
663 261 24 31 0.050908398 
949 166 10 13 0.05055099 
619 148 30 40 0.050526142 
766 80 9 12 0.05025364 
660 102 14 19 0.050185923 
661 127 21 33 0.049952865 
523 81 17 20 0.049933318 
164 4 15 18 0.04992054 
624 292 34 47 0.04938598 
113 489 35 42 0.049290277 
412 4 16 18 0.04905555 
907 131 12 15 0.049015407 
573 93 11 15 0.04841059 
950 103 24 31 0.04792031 
958 71 11 14 0.04776614 
727 226 11 14 0.047747474 
119 91 13 17 0.047745693 
948 192 27 34 0.04755675 
218 506 35 41 0.047455866 
126 115 11 14 0.047423277 
612 328 13 19 0.04736029 
232 74 12 15 0.04725865 
287 104 21 25 0.046990853 
148 609 25 41 0.04689373 
1003 0 11 9 0.046740975 
634 376 30 39 0.04671982 
595 133 18 23 0.04670928 
71 251 12 16 0.04562914 
380 391 26 35 0.045572393 
526 147 11 14 0.04522712 
287 201 11 14 0.045110215 
719 127 11 15 0.045040343 
217 93 12 14 0.044776388 
684 400 29 38 0.04455223 
546 551 16 22 0.044362165 
134 133 10 14 0.044136837 
343 100 11 14 0.04411395 
626 285 18 23 0.043958742 
990 125 11 14 0.0438099 
235 372 12 16 0.04373614 
357 247 17 22 0.04366694 
436 150 12 14 0.043615803 
598 86 10 13 0.04353112 
100 262 27 33 0.043521464 
37 209 11 15 0.043397818 
662 191 24 32 0.04334174 
113 61 9 12 0.043217868 
388 148 16 19 0.043097444 
0 478 12 22 0.042776793 
391 24 10 13 0.04263006 
238 107 11 15 0.042422924 
400 30 10 13 0.042331435 
478 460 11 13 0.04232057 
282 39 10 13 0.042243328 
500 174 24 30 0.042120248 
391 45 11 14 0.041935634 
807 98 15 19 0.041789874 
993 535 28 44 0.04175449 
623 14 9 11 0.041516222 
311 153 13 16 0.041447457 
187 579 13 15 0.041386306 
895 92 10 12 0.041362338 
120 133 11 14 0.041214854 
573 543 36 43 0.041044332 
640 68 14 16 0.04074544 
280 125 13 17 0.04063221 
350 67 12 15 0.0405409 
926 64 9 11 0.04048405 
292 119 15 19 0.04034535 
72 228 11 14 0.040337723 
455 267 13 17 0.040293932 
369 18 11 14 0.04027775 
496 484 25 33 0.040174253 
777 326 33 39 0.040138416 
143 101 10 14 0.039917726 
562 16 9 12 0.039900433 
864 585 53 63 0.0398262 
460 372 28 35 0.0397682 
864 204 11 13 0.039647445 
861 99 10 13 0.039630186 
941 201 13 17 0.039531805 
774 66 10 13 0.039452404 
513 107 16 19 0.039384194 
548 141 15 19 0.038960498 
936 20 10 13 0.03871735 
654 21 10 13 0.038681336 
54 61 10 11 0.038633633 
52 243 12 16 0.038556866 
149 1 10 12 0.038537465 
160 120 11 16 0.0382373 
622 266 25 33 0.03806148 
584 384 26 39 0.038017683 
262 12 9 13 0.037903067 
327 0 21 27 0.037428774 
535 539 26 38 0.037418816 
831 427 43 57 0.03733714 
868 364 18 22 0.037201565 
646 319 17 25 0.036908895 
653 27 11 15 0.03683124 
212 125 10 12 0.036758143 
616 14 10 11 0.036551464 
790 43 9 12 0.036543835 
228 114 10 13 0.036427807 
370 569 49 67 0.03637359 
319 90 11 16 0.0363371 
1012 266 12 18 0.036295187 
58 120 8 11 0.03628271 
549 568 38 45 0.036190215 
70 157 21 24 0.036156558 
901 12 8 11 0.03607037 
701 126 18 20 0.03606932 
159 11 10 13 0.03591904 
582 534 49 61 0.035840616 
920 131 10 14 0.035835627 
792 76 11 14 0.03579611 
727 122 12 18 0.035783816 
310 45 10 14 0.03572029 
499 37 13 18 0.0357109 
92 418 25 36 0.035688102 
380 41 11 16 0.035549752 
120 236 12 16 0.03522236 
892 306 16 26 0.035116773 
454 142 11 13 0.035003543 
814 40 9 11 0.03498995 
150 54 8 11 0.034966517 
284 310 32 41 0.03494142 
453 252 30 36 0.034766894 
319 50 10 14 0.034759752 
756 28 10 13 0.03464495 
982 433 31 39 0.034562804 
319 70 10 13 0.03443154 
217 270 25 32 0.03438128 
939 626 42 54 0.03426861 
435 133 11 14 0.034229714 
685 147 12 16 0.03409554 
137 157 10 13 0.034083884 
0 109 10 17 0.03403501 
760 330 13 17 0.033996716 
339 485 32 42 0.03387667 
466 41 15 18 0.033836257 
836 91 11 15 0.03377931 
86 106 10 13 0.033738498 
104 220 10 13 0.03373782 
443 565 43 55 0.03365807 
104 40 10 12 0.033584796 
117 67 10 12 0.033512075 
635 82 19 24 0.03351055 
857 570 31 43 0.03342871 
126 45 12 14 0.0334219 
857 650 34 31 0.03333581 
606 14 9 12 0.03330998 
844 110 12 15 0.03326816 
109 105 11 14 0.033262264 
238 101 11 14 0.03313204 
767 216 18 23 0.033050958 
174 31 9 12 0.033030167 
281 24 20 24 0.033005994 
0 324 9 19 0.032807633 
197 243 22 29 0.03267813 
717 23 8 11 0.032666862 
433 237 21 29 0.03259002 
907 274 13 15 0.032581497 
841 3 8 11 0.032506004 
607 158 26 30 0.032482658 
257 554 37 47 0.03241546 
582 30 10 13 0.032388184 
860 582 19 26 0.032343443 
495 4 11 13 0.032303303 
55 234 13 16 0.032199215 
32 99 13 17 0.032054488 
560 192 25 37 0.031985607 
390 106 14 18 0.03192618 
622 20 8 11 0.031920366 
159 204 13 17 0.031905204 
347 78 14 19 0.031799518 
140 305 19 26 0.031498056 
242 170 11 15 0.031477045 
333 185 15 22 0.031233968 
501 211 17 20 0.031227693 
83 191 15 19 0.031080067 
54 104 11 15 0.031062713 
578 448 33 43 0.03105919 
832 86 10 13 0.031057648 
870 82 10 13 0.03103878 
583 45 9 11 0.031009452 
872 72 11 13 0.030961854 
475 269 19 25 0.030861747 
621 43 10 15 0.030844387 
615 20 10 14 0.030779257 
893 68 9 12 0.030771617 
780 538 40 53 0.03064818 
685 368 27 40 0.03059627 
0 147 13 20 0.030572552 
893 118 10 12 0.030526856 
808 3 12 15 0.03050787 
467 257 19 24 0.030365502 
146 300 17 21 0.030006623 
445 116 13 17 0.029831948 
667 106 11 14 0.029829482 
660 250 24 28 0.029712345 
489 407 35 44 0.029624177 
542 129 27 34 0.029537082 
509 62 11 13 0.029427087 
259 260 27 35 0.029397616 
927 35 11 13 0.029385896 
891 37 8 11 0.029348403 
709 104 21 24 0.029326256 
110 38 10 13 0.029302329 
661 112 13 16 0.029264417 
511 35 11 15 0.029128991 
133 440 14 21 0.029100902 
641 75 16 19 0.029061329 
587 139 16 22 0.029007446 
142 126 10 14 0.028822148 
290 540 40 53 0.028818581 
717 172 20 28 0.028813055 
0 196 17 35 0.028689919 
251 344 34 46 0.028673101 
236 483 28 35 0.02866202 
493 179 11 15 0.028549507 
845 0 9 10 0.028462404 
342 75 13 18 0.02838902 
767 321 27 35 0.028276756 
181 131 10 13 0.028226389 
637 94 12 16 0.028184682 
476 0 11 11 0.02815539 
729 76 10 15 0.028046802 
872 40 8 9 0.028038302 
652 42 12 15 0.02803134 
200 1 9 10 0.028029375 
153 158 9 12 0.027974268 
805 235 15 18 0.027964845 
679 184 18 21 0.027921766 
103 228 13 16 0.027910313 
582 38 10 13 0.027887909 
587 89 12 14 0.027863571 
364 103 16 18 0.027776351 
879 207 11 14 0.027749564 
927 198 10 13 0.027745916 
919 214 11 14 0.027641548 
158 265 25 32 0.02762317 
452 41 13 18 0.027551292 
515 132 12 17 0.027477598 
5 0 10 11 0.027469443 
198 306 23 31 0.027427642 
998 70 12 14 0.0273759 
378 143 21 26 0.027337797 
741 353 12 15 0.027329816 
474 171 12 15 0.027243556 
734 0 15 17 0.027225083 
389 11 10 13 0.027207926 
490 564 43 54 0.027167946 
198 432 12 17 0.027086552 
316 331 10 12 0.02706934 
645 153 15 19 0.02705843 
70 150 15 17 0.027051276 
685 140 12 15 0.027043985 
503 189 27 29 0.027040591 
999 258 24 34 0.026974011 
468 569 39 51 0.026949918 
377 247 30 39 0.0269227 
313 422 28 34 0.026912311 
142 119 9 11 0.026886465 
228 157 11 15 0.026881302 
507 420 28 35 0.026861137 
123 85 14 20 0.026860382 
1013 186 10 17 0.026742015 
451 29 14 18 0.026686953 
713 503 32 41 0.026680557 
644 90 14 16 0.026677376 
201 173 10 12 0.02667725 
863 51 10 14 0.026670784 
601 33 10 13 0.026651679 
889 32 9 11 0.026624298 
630 8 8 11 0.026623428 
625 8 8 11 0.026612356 
45 191 9 13 0.02657148 
42 235 18 24 0.026545733 
523 106 14 18 0.026500678 
431 85 10 13 0.02649839 
803 536 19 25 0.026490299 
79 107 10 13 0.026478676 
37 53 8 12 0.026474634 
673 582 32 38 0.026473776 
612 284 11 15 0.026452646 
612 139 24 31 0.026431428 
143 412 15 20 0.026389783 
222 488 35 45 0.026383733 
465 127 10 13 0.026346773 
167 143 11 14 0.026344711 
134 327 13 19 0.026318952 
926 281 14 17 0.02629533 
752 195 13 16 0.026294103 
887 585 18 20 0.026293425 
635 187 15 23 0.026287595 
325 28 11 14 0.026272247 
857 30 8 11 0.026226426 
523 356 15 19 0.026212832 
430 170 11 15 0.026166687 
820 250 14 17 0.026164735 
417 246 12 15 0.026156869 
909 118 10 13 0.026142955 
299 304 25 31 0.026129732 
277 78 10 14 0.026083486 
495 155 14 18 0.026059007 
430 107 12 16 0.026042972 
866 334 28 34 0.026035447 
241 44 17 22 0.025978142 
141 166 12 15 0.025939737 
855 91 12 16 0.025938375 
262 243 30 38 0.02591325 
166 227 24 32 0.025893826 
470 3 12 13 0.025888067 
282 121 19 24 0.025854543 
389 165 19 24 0.025844827 
540 547 16 22 0.025824554 
653 96 11 14 0.025804695 
454 26 20 24 0.025708582 
517 525 45 62 0.0257033 
141 93 11 15 0.025685726 
11 261 19 24 0.025619496 
517 18 11 16 0.025615545 
382 1 13 12 0.025610821 
491 228 31 46 0.025600964 
994 180 14 17 0.025593443 
727 289 13 18 0.025587128 
226 0 10 11 0.02557833 
987 661 31 24 0.02557702 
210 315 13 19 0.025531346 
29 342 21 28 0.025529655 
885 95 11 14 0.025523372 
631 125 21 25 0.0254804 
0 23 7 12 0.025426352 
909 203 13 16 0.02536656 
932 644 35 41 0.025314353 
966 260 27 33 0.025300367 
577 120 14 18 0.025267113 
20 394 13 17 0.025266465 
121 111 10 13 0.025256015 
570 235 24 29 0.025245529 
455 165 9 12 0.025242249 
581 181 12 18 0.025229748 
219 421 26 42 0.025217248 
159 201 22 33 0.025191475 
193 127 8 11 0.025191452 
648 13 9 12 0.025188556 
349 116 15 20 0.02516894 
614 29 9 12 0.025150253 
669 118 11 16 0.025146572 
610 134 15 20 0.025125695 
877 21 12 14 0.025090173 
632 13 8 11 0.025061859 
91 514 42 53 0.02503762 
711 434 27 38 0.025001787 
140 191 10 12 0.024974363 
74 181 25 31 0.024964107 
455 49 13 16 0.024958542 
734 112 12 15 0.02483278 
927 224 17 21 0.02476579 
271 13 13 16 0.024663987 
6 37 11 14 0.024610348 
638 14 9 12 0.024606952 
585 55 10 14 0.024516063 
126 19 11 14 0.024497766 
352 402 34 42 0.024464214 
644 371 29 36 0.024349242 
78 202 12 16 0.024348885 
261 257 16 21 0.024320584 
823 14 10 12 0.024263063 
547 546 26 34 0.024250695 
637 25 10 14 0.024238616 
750 60 9 13 0.024227746 
245 77 11 14 0.024224706 
608 238 12 16 0.024217932 
156 618 28 40 0.024190798 
338 355 11 14 0.024179557 
171 212 15 23 0.024175214 
881 574 72 97 0.024167927 
506 491 17 22 0.02414543 
497 160 22 27 0.024142131 
118 220 10 13 0.02413785 
655 201 15 20 0.02413511 
668 435 30 37 0.024041357 
347 38 15 20 0.024011692 
245 13 10 13 0.02400006 
935 192 23 26 0.023903918 
635 526 41 48 0.023892544 
230 140 10 12 0.023854561 
719 271 13 17 0.023837842 
452 105 12 15 0.02382997 
429 51 12 15 0.023817603 
236 482 13 17 0.02381603 
804 498 11 15 0.023804946 
613 249 15 18 0.023756733 
257 12 10 13 0.023713006 
406 18 13 16 0.023682835 
979 331 18 27 0.023674127 
517 54 11 15 0.02367051 
859 13 10 13 0.02365154 
863 353 17 22 0.023642862 
898 47 9 12 0.023573125 
954 92 23 29 0.023566497 
237 13 11 14 0.023517227 
634 147 24 29 0.023505736 
795 82 12 16 0.023477135 
431 219 9 12 0.023452073 
314 92 9 13 0.023450129 
610 520 31 44 0.023434749 
186 44 11 14 0.023419052 
581 356 12 15 0.023412375 
595 392 27 35 0.02331497 
30 144 11 14 0.023307903 
18 13 8 11 0.02330326 
646 37 11 14 0.023300864 
448 96 10 13 0.023296872 
355 62 12 16 0.023288615 
13 156 10 14 0.023285469 
219 200 26 36 0.023275051 
147 567 19 27 0.023226785 
238 93 11 15 0.023211785 
329 91 13 16 0.023207732 
447 241 28 36 0.023187332 
321 77 9 11 0.02317613 
614 336 13 17 0.02317159 
61 125 12 15 0.02315119 
408 209 28 36 0.023119265 
920 15 9 12 0.023047559 
627 60 11 14 0.02304364 
670 131 22 28 0.023039265 
68 127 12 15 0.023009732 
930 305 16 21 0.022975443 
404 27 19 23 0.02294145 
518 93 25 29 0.022939961 
856 61 10 13 0.022917574 
697 76 17 22 0.02289813 
928 202 11 16 0.022887846 
374 6 10 13 0.02281622 
970 6 8 10 0.02280148 
151 104 12 15 0.022787182 
252 280 14 21 0.022781087 
176 35 9 13 0.022765437 
153 119 8 11 0.022760874 
584 22 9 12 0.022748018 
43 153 13 18 0.022743594 
365 192 14 20 0.022724045 
447 324 11 14 0.022710115 
695 48 14 18 0.02266516 
107 561 18 27 0.022663468 
488 188 10 13 0.022654895 
542 543 97 99 0.02260553 
906 63 8 12 0.022592582 
422 45 12 15 0.022523642 
381 478 50 57 0.022484034 
948 202 38 51 0.02248298 
242 551 36 46 0.022473495 
544 456 42 54 0.022467388 
572 199 38 54 0.022460988 
550 54 12 15 0.022447636 
862 325 25 29 0.022403166 
382 142 13 16 0.022386473 
495 12 11 14 0.02237157 
911 0 13 12 0.02229216 
878 187 10 12 0.02229087 
860 132 11 16 0.02229019 
262 210 27 31 0.022253163 
758 320 22 28 0.022220088 
164 118 11 15 0.022205703 
117 173 12 15 0.022174798 
796 100 12 17 0.022174738 
131 163 23 26 0.022163603 
400 11 12 15 0.022158548 
207 263 20 28 0.022153314 
522 427 28 35 0.022151716 
690 259 15 17 0.022130497 
767 339 23 32 0.02212173 
69 432 18 21 0.0221121 
491 210 21 27 0.02206742 
910 282 14 17 0.022049244 
591 21 10 13 0.02204254 
953 28 10 13 0.022013353 
809 39 8 12 0.021986865 
444 14 11 13 0.021965653 
169 92 9 12 0.021957632 
956 172 10 13 0.021925101 
121 354 18 21 0.021922851 
959 42 10 13 0.02192037 
244 160 22 30 0.021904875 
175 111 11 13 0.02187806 
197 127 9 11 0.021867402 
991 4 12 14 0.021855988 
862 83 11 13 0.021843895 
870 110 10 14 0.021802757 
849 316 16 19 0.021792056 
924 216 10 13 0.021779079 
213 130 11 15 0.021763014 
691 146 15 18 0.021760425 
708 118 22 27 0.021753453 
864 117 9 12 0.021737456 
529 105 22 28 0.021695431 
735 94 10 13 0.021651722 
927 191 10 12 0.021590522 
150 126 12 15 0.021567887 
762 562 78 101 0.02147239 
132 311 26 38 0.02147161 
623 51 11 16 0.02144242 
62 241 12 16 0.021442303 
21 7 10 12 0.021435682 
240 305 14 18 0.02143369 
207 539 30 39 0.021426525 
462 357 26 34 0.021366399 
866 287 15 18 0.021313988 
915 291 16 19 0.0213037 
562 469 49 62 0.02129537 
781 264 42 50 0.021290908 
167 75 10 13 0.021277534 
365 7 12 15 0.021274162 
821 419 15 22 0.021262465 
316 439 15 19 0.021239288 
791 102 11 15 0.021235574 
28 151 12 18 0.021221505 
853 70 11 14 0.02122011 
193 388 16 22 0.021189852 
149 59 10 13 0.021152614 
395 51 11 14 0.02112607 
483 373 12 17 0.021089822 
711 168 19 27 0.021079686 
487 468 31 38 0.02105842 
141 37 9 12 0.021020187 
439 0 12 13 0.020997599 
213 164 11 16 0.020991804 
226 410 25 36 0.020985486 
889 64 9 13 0.020972991 
868 660 19 18 0.020964554 
259 495 49 58 0.020952651 
250 437 25 33 0.020935815 
478 93 9 13 0.020904528 
85 267 13 16 0.020889847 
886 347 16 21 0.020877792 
590 45 9 12 0.020846881 
309 71 11 16 0.020823529 
761 544 46 62 0.02081417 
389 176 14 18 0.020807443 
442 246 15 22 0.02079859 
700 34 12 15 0.020708907 
642 243 21 31 0.020696903 
402 161 15 22 0.020678237 
487 5 13 13 0.020655889 
884 222 22 29 0.020655513 
239 115 10 15 0.020648727 
516 108 23 28 0.020637704 
405 63 12 15 0.020633632 
206 353 41 49 0.020628072 
653 16 9 12 0.02062474 
648 20 11 14 0.020622844 
230 2 13 15 0.020621581 
489 184 8 11 0.020589307 
344 164 19 22 0.020568857 
768 68 11 13 0.020544574 
220 99 13 16 0.020531796 
760 360 11 16 0.020525478 
600 16 11 13 0.020520318 
435 139 13 17 0.020512646 
169 395 32 39 0.020499328 
141 67 10 13 0.02048722 
775 160 14 18 0.02044294 
130 606 32 46 0.020440066 
206 173 10 14 0.020429134 
589 331 9 13 0.02040764 
63 528 42 53 0.020396337 
508 7 12 15 0.02038806 
823 46 8 11 0.020380491 
16 454 23 31 0.020308303 
986 367 36 52 0.020300142 
431 142 19 27 0.020290617 
749 224 28 31 0.020270072 
870 44 10 12 0.02026055 
900 50 10 13 0.020257065 
454 204 12 15 0.020254143 
5 520 33 48 0.020240242 
936 82 13 18 0.020231247 
924 126 12 17 0.020213136 
13 356 15 21 0.020205501 
686 293 14 18 0.020197209 
610 163 15 19 0.020194426 
862 60 10 13 0.020176705 
71 235 12 15 0.020172419 
134 426 23 30 0.020160219 
151 21 9 13 0.020141657 
93 206 11 15 0.020118013 
333 84 12 16 0.020084262 
429 11 13 17 0.02008274 
791 346 31 41 0.020049077 
413 422 24 36 0.020045718 
152 96 10 13 0.020040866 
573 15 10 12 0.020010065 
735 66 12 18 0.020003704 
