8_Election_Campain_Election_Campaign_8_269
36
383 199 250 337 0.9997056 
560 1207 12 15 0.1376638 
626 1306 13 16 0.10142862 
579 1104 13 17 0.08918011 
503 1219 12 15 0.07357353 
759 1046 14 16 0.07182952 
526 1327 10 13 0.056734525 
483 1167 12 17 0.05655377 
770 1301 13 16 0.047115657 
531 860 13 17 0.04499373 
605 1043 12 15 0.03814717 
544 1023 10 12 0.037929658 
591 1105 12 16 0.03783186 
493 1206 9 13 0.033308852 
660 1254 13 14 0.032251783 
688 840 9 11 0.029398886 
790 1030 11 14 0.028483009 
792 1068 10 13 0.027283855 
667 1092 11 13 0.026124738 
605 1101 14 17 0.025124816 
516 1294 13 15 0.024997242 
735 1302 10 12 0.024903284 
527 1046 11 14 0.023902703 
741 1302 9 12 0.023708085 
130 1127 155 146 0.02352063 
504 1171 9 12 0.023374267 
542 1037 12 14 0.02297826 
560 1167 7 10 0.022357626 
543 1028 10 13 0.022025615 
549 1003 10 13 0.021838598 
551 1294 13 16 0.021620497 
192 1188 92 75 0.021305703 
613 1077 13 15 0.021202985 
784 1341 11 13 0.021050312 
584 1196 9 12 0.020570623 
520 1159 8 11 0.02002681 
