8_Election_Campain_Election_Campaign_8_218
36
433 321 57 75 0.99879515 
847 246 95 130 0.99849963 
536 340 52 60 0.9968305 
672 550 60 78 0.99484587 
601 340 47 57 0.9940679 
692 329 51 66 0.99376655 
174 378 85 104 0.98862946 
788 256 58 68 0.9802592 
292 327 74 91 0.93786085 
397 336 31 39 0.9011802 
158 340 41 47 0.71476114 
129 292 40 56 0.70595706 
473 333 30 45 0.123905055 
112 303 48 62 0.104636036 
242 335 10 12 0.09458823 
94 323 52 66 0.085771896 
592 631 36 51 0.06282841 
814 242 78 101 0.059861023 
281 294 54 60 0.05483708 
291 310 58 71 0.048450876 
245 358 33 45 0.046459477 
356 173 25 28 0.043445114 
712 203 313 444 0.03902691 
644 430 32 35 0.037272174 
645 440 15 20 0.034907818 
359 203 14 18 0.030213516 
573 297 39 47 0.030034972 
68 181 13 16 0.029865218 
577 324 28 45 0.027281653 
56 177 28 32 0.027089838 
431 176 15 21 0.025770348 
300 318 31 35 0.02444572 
61 181 16 20 0.023745129 
51 188 36 45 0.022937331 
667 362 28 34 0.022114301 
289 346 43 56 0.021202877 
