16_Award_Ceremony_Awards_Ceremony_16_422
19
301 178 377 526 0.9993955 
407 1499 39 38 0.6309193 
852 1460 42 45 0.23394468 
693 1301 30 34 0.20961347 
530 1268 262 293 0.07357764 
461 86 480 573 0.0651 
991 1495 31 38 0.051916733 
10 152 192 286 0.05005458 
926 1503 38 32 0.043481182 
267 616 219 197 0.042793814 
852 429 54 75 0.038093068 
379 472 416 429 0.03263755 
740 349 106 126 0.03260385 
506 1418 10 14 0.029426731 
699 254 407 456 0.028901264 
786 1468 54 66 0.024090765 
790 1271 33 35 0.023728032 
748 1503 33 34 0.022079198 
472 1485 32 46 0.021113088 
