16_Award_Ceremony_Awards_Ceremony_16_195
24
533 211 29 37 0.9918297 
454 182 29 43 0.9908268 
599 238 22 33 0.96589804 
236 26 38 60 0.9549029 
668 267 19 31 0.780053 
304 105 32 40 0.6972874 
867 274 16 27 0.34901983 
307 111 19 23 0.06314371 
658 287 9 13 0.06308112 
548 219 22 30 0.0464323 
966 378 15 20 0.046391007 
404 228 28 33 0.04038799 
683 300 14 16 0.034641493 
909 316 9 10 0.0344931 
302 180 25 28 0.028961962 
364 100 23 29 0.028381 
424 367 22 30 0.028144104 
307 0 34 34 0.02802247 
436 373 15 21 0.027927967 
561 225 15 20 0.02633011 
253 38 35 48 0.024669914 
423 270 44 54 0.021483919 
120 92 31 46 0.020783935 
323 119 39 54 0.020769848 
