16_Award_Ceremony_Awards_Ceremony_16_84
20
433 164 254 346 0.9996915 
259 434 394 449 0.07388587 
101 1476 27 34 0.046620637 
765 1146 16 18 0.040223584 
659 1102 11 13 0.035296474 
613 1090 12 15 0.030358022 
4 1581 13 14 0.02912701 
37 1493 33 34 0.02907826 
71 1458 105 86 0.02805299 
33 558 491 523 0.027983045 
86 1472 60 56 0.027638324 
69 821 559 437 0.025607811 
694 84 33 37 0.025261145 
36 1511 35 48 0.023116875 
742 1168 33 39 0.022814307 
90 14 33 44 0.021235026 
658 54 69 71 0.021036737 
39 1578 12 15 0.021020178 
636 1095 13 15 0.020978896 
531 1183 249 201 0.020550735 
