16_Award_Ceremony_Awards_Ceremony_16_116
29
552 122 116 171 0.9992255 
396 160 128 187 0.9991179 
910 511 33 46 0.9227069 
844 479 20 23 0.5393375 
78 510 18 22 0.31023738 
173 467 11 14 0.09762045 
154 712 14 18 0.094765775 
458 129 122 182 0.09106177 
914 528 19 29 0.058553398 
61 518 14 17 0.04946703 
858 514 34 48 0.043100692 
68 512 21 25 0.039686576 
1 448 23 37 0.0375941 
93 616 22 27 0.033653058 
913 488 53 67 0.03188328 
249 637 10 12 0.030022195 
978 731 38 52 0.029626574 
717 1129 405 585 0.027281184 
137 149 11 13 0.02695944 
163 493 17 20 0.02609669 
622 872 115 134 0.025385689 
871 527 15 20 0.025337223 
123 677 16 20 0.023937518 
893 521 12 17 0.023273315 
10 452 14 18 0.022362368 
2 627 7 11 0.021649363 
45 402 15 19 0.021372298 
136 700 11 14 0.021241637 
127 529 8 10 0.020297894 
