16_Award_Ceremony_Awards_Ceremony_16_569
29
563 140 136 174 0.99943215 
443 2 71 86 0.9983784 
88 15 69 90 0.9954513 
259 6 73 102 0.9940923 
834 78 127 229 0.98191684 
191 36 43 54 0.98099154 
0 24 45 69 0.6072 
350 82 42 45 0.31742805 
506 3 46 70 0.2983801 
783 38 121 211 0.25724062 
450 605 11 15 0.12904495 
155 84 42 59 0.057343394 
451 666 12 16 0.042991027 
15 4 40 55 0.034679107 
353 195 16 20 0.03315988 
241 83 22 32 0.027557556 
449 641 16 20 0.024974855 
462 102 39 50 0.02483668 
5 142 14 21 0.024407206 
36 74 17 21 0.024193952 
361 90 21 21 0.02326403 
230 57 45 62 0.023183877 
3 65 16 22 0.02315505 
41 77 25 27 0.022815166 
1 51 27 41 0.02226583 
134 283 30 41 0.022178592 
249 90 15 19 0.021907931 
11 630 26 29 0.02131228 
333 722 14 16 0.021115778 
