16_Award_Ceremony_Awards_Ceremony_16_495
52
388 157 208 295 0.99990475 
84 307 9 12 0.18794619 
29 882 9 12 0.18615715 
974 739 12 17 0.17407139 
90 653 9 12 0.11136635 
995 461 11 13 0.08905853 
5 303 11 13 0.06355021 
902 659 10 12 0.04987718 
63 628 14 18 0.04815493 
0 186 9 17 0.047911547 
835 1052 12 17 0.044023734 
739 661 100 116 0.043723967 
0 73 11 21 0.042364597 
981 119 11 14 0.039904382 
977 507 9 12 0.039102457 
53 691 14 18 0.03799277 
7 540 12 18 0.037779268 
905 215 35 50 0.03770069 
913 514 18 25 0.03757531 
962 701 16 18 0.034538593 
872 1004 8 11 0.032344602 
122 628 13 16 0.03141709 
769 654 60 73 0.031264443 
814 1212 13 19 0.030977597 
8 442 22 29 0.030809918 
764 1154 11 14 0.028848335 
782 1279 10 13 0.028750598 
45 547 12 16 0.027154673 
69 61 12 14 0.027116952 
162 1259 8 12 0.025935942 
745 720 78 63 0.025749158 
820 1111 10 13 0.025611177 
107 541 11 13 0.025437325 
90 438 9 12 0.024897441 
79 196 10 14 0.023978414 
925 101 10 13 0.023420928 
79 445 9 13 0.02311944 
7 62 9 13 0.022633841 
912 115 10 12 0.022562012 
20 645 12 17 0.022258501 
94 544 10 12 0.021761267 
94 205 10 12 0.021247035 
811 1018 22 29 0.021136358 
895 683 13 17 0.02075165 
795 565 10 14 0.020727081 
81 192 8 11 0.02049047 
96 564 9 11 0.020485943 
943 102 8 10 0.020291258 
3 532 21 31 0.020231444 
934 659 15 18 0.020109685 
878 1396 9 13 0.020057756 
904 103 9 11 0.02000986 
