16_Award_Ceremony_Awards_Ceremony_16_231
24
431 151 120 146 0.9996737 
559 95 116 171 0.99922884 
129 148 60 58 0.99789643 
37 142 44 59 0.9854232 
792 143 18 21 0.90221167 
713 138 18 21 0.88327616 
904 156 18 24 0.79927033 
299 131 14 21 0.7065194 
750 209 31 40 0.40362743 
739 160 18 24 0.12907812 
498 107 126 172 0.11256865 
924 134 17 21 0.08547326 
100 145 24 33 0.06717709 
89 114 14 17 0.05828504 
899 266 18 21 0.03957748 
282 135 36 46 0.035522714 
427 643 15 19 0.029641632 
934 144 11 15 0.026835911 
10 590 16 21 0.023931697 
919 130 15 21 0.023317257 
83 115 22 29 0.022980291 
917 119 12 14 0.022071786 
872 311 28 32 0.020758947 
52 609 27 38 0.020266237 
