16_Award_Ceremony_Awards_Ceremony_16_270
17
447 131 238 375 0.9988545 
208 883 82 128 0.99725795 
635 639 204 279 0.24681419 
891 1204 97 110 0.05835989 
676 -13 441 454 0.05750997 
727 421 294 241 0.040343814 
95 5 439 486 0.039289463 
595 1529 16 15 0.037868764 
752 32 255 290 0.036807206 
674 1527 18 18 0.03637182 
682 491 299 299 0.034518056 
296 1107 579 454 0.029872071 
5 1290 79 151 0.02915222 
981 1447 40 66 0.027068889 
536 87 267 417 0.023734465 
872 1192 46 57 0.023560973 
644 350 465 403 0.021757511 
