16_Award_Ceremony_Awards_Ceremony_16_143
99
263 286 415 563 0.99985945 
680 1394 23 34 0.39203978 
654 1370 9 13 0.17573254 
232 1404 30 35 0.15849666 
400 1403 11 15 0.14249906 
548 1395 15 20 0.12268305 
607 1380 14 21 0.10951599 
469 1434 10 13 0.10450601 
797 1434 15 21 0.094944954 
543 1419 15 18 0.08045736 
546 1413 13 15 0.077601485 
690 1396 25 33 0.073503315 
595 1377 27 30 0.07249903 
591 1380 13 16 0.06805246 
464 1430 10 15 0.06184332 
511 1437 10 16 0.056054167 
318 1372 10 12 0.053849816 
278 1393 24 32 0.053036228 
441 661 545 548 0.052491963 
391 1372 10 13 0.051114507 
159 1426 20 29 0.047217105 
423 1388 10 13 0.044159766 
181 1436 11 13 0.04372483 
889 927 42 53 0.043624226 
806 1347 10 13 0.040026538 
414 1404 14 17 0.03851451 
661 1383 12 16 0.037949782 
270 1489 42 29 0.037933845 
523 1388 16 19 0.03774474 
167 1372 12 16 0.036646992 
478 1428 10 13 0.035599396 
789 1373 11 15 0.033072952 
614 1471 24 32 0.03262306 
368 1395 12 15 0.032228883 
650 1368 10 12 0.03195221 
628 1389 12 15 0.031788073 
375 1374 8 11 0.030198859 
375 1382 9 11 0.0301569 
669 1401 26 34 0.029537555 
179 1382 15 21 0.029253216 
136 633 550 514 0.029057 
666 1387 13 18 0.028746152 
790 1434 15 20 0.028606575 
358 1380 13 15 0.02846408 
409 1400 28 33 0.028048689 
543 1398 14 20 0.027930984 
623 1410 10 13 0.027200582 
463 1424 11 14 0.026930429 
742 1366 8 11 0.02654507 
399 1400 24 27 0.026431238 
703 1400 18 23 0.026400821 
670 1411 13 17 0.026318816 
266 1502 18 17 0.026222259 
668 1394 13 19 0.026175946 
364 1379 11 13 0.025858613 
577 1392 9 11 0.025477571 
260 1481 34 34 0.025338292 
300 1506 11 11 0.025328197 
585 1382 9 13 0.024450213 
522 1450 20 24 0.024352634 
783 1376 14 19 0.024121948 
800 1407 9 11 0.024001779 
533 1410 13 16 0.02396658 
758 1457 12 15 0.023938589 
608 1376 11 13 0.023927327 
724 1369 12 15 0.023780456 
556 1400 15 19 0.02369972 
803 1432 11 14 0.023514217 
252 1408 24 30 0.02340504 
289 1399 15 23 0.023211125 
840 1340 12 18 0.023198053 
531 1400 15 20 0.023096314 
237 1376 9 11 0.022778774 
564 1405 12 17 0.022409799 
354 1385 15 21 0.02217849 
165 1411 10 12 0.022160063 
165 1397 11 13 0.022123499 
596 1376 12 13 0.021987485 
165 1389 11 15 0.02188531 
824 1350 11 14 0.021727132 
821 1391 10 12 0.021436721 
661 1392 13 20 0.021410901 
198 1455 10 13 0.021368748 
391 1404 12 16 0.021035815 
539 1422 21 27 0.021004777 
802 1387 14 18 0.020928295 
356 1431 21 26 0.020815594 
414 1374 9 11 0.0208021 
621 1388 13 16 0.020793883 
525 1383 12 15 0.02076772 
903 1381 8 10 0.020712378 
384 1374 8 10 0.02061744 
209 1471 8 11 0.020518256 
301 1397 11 17 0.020453282 
327 1418 28 32 0.020452285 
723 1454 13 15 0.020451898 
741 1373 9 13 0.020394668 
663 1372 12 15 0.020302938 
671 1414 29 34 0.020059807 
