16_Award_Ceremony_Awards_Ceremony_16_141
44
188 278 35 45 0.9971973 
543 298 26 36 0.9965938 
604 310 23 35 0.9946996 
392 238 41 54 0.9913657 
139 260 37 52 0.9902284 
567 312 23 33 0.98712015 
635 322 22 29 0.9852138 
92 260 37 53 0.9850058 
344 242 41 64 0.9552071 
456 258 36 45 0.94705546 
-3 228 41 61 0.9177787 
281 54 44 77 0.69478863 
19 248 34 54 0.63528633 
495 283 24 33 0.5160962 
120 259 37 55 0.5098714 
433 254 33 49 0.27519125 
613 429 14 17 0.26846328 
503 287 25 36 0.23500414 
168 269 37 51 0.2158369 
367 242 45 61 0.20761015 
32 306 27 37 0.17550369 
556 302 24 33 0.124357745 
443 327 25 39 0.11531061 
481 273 26 35 0.09562482 
399 461 37 44 0.07720342 
208 418 36 38 0.062059693 
498 277 14 20 0.048030373 
511 284 12 16 0.044867996 
959 38 25 38 0.044527333 
644 423 11 14 0.042658236 
499 365 34 48 0.040134743 
424 270 34 46 0.038474258 
542 458 112 129 0.026916955 
488 293 27 35 0.025735056 
549 307 434 553 0.02399858 
514 299 15 24 0.022673389 
5 235 15 22 0.022598764 
20 250 17 22 0.022066442 
482 311 18 21 0.021861436 
538 439 15 19 0.021197254 
160 270 27 40 0.021050595 
40 256 29 44 0.020716732 
527 308 13 18 0.020375548 
531 312 15 18 0.020310327 
