53_Raid_policeraid_53_445
49
533 273 105 145 0.9993777 
978 154 36 50 0.9837931 
211 196 44 57 0.9759627 
118 163 44 58 0.96622956 
612 146 48 56 0.9645613 
822 133 45 55 0.9610878 
65 183 41 51 0.95499104 
765 159 41 52 0.94677377 
365 129 50 61 0.93388623 
510 188 41 51 0.9311043 
423 159 32 47 0.9150828 
308 201 41 51 0.56774276 
327 248 45 51 0.25028926 
434 159 40 50 0.2054762 
636 505 28 36 0.195712 
946 159 30 41 0.19486518 
342 291 47 55 0.17913336 
311 216 49 57 0.17723812 
717 177 27 34 0.14095911 
408 242 51 64 0.113839135 
3 251 12 17 0.108088925 
15 398 84 133 0.106676966 
333 266 48 53 0.06430855 
158 100 12 16 0.06210694 
109 90 16 20 0.058138706 
890 244 47 58 0.057246167 
211 272 41 51 0.04965723 
153 100 25 40 0.047378495 
220 292 25 30 0.039544284 
812 259 37 48 0.037714534 
300 200 31 38 0.033071432 
53 298 18 21 0.02938523 
77 167 25 32 0.02898499 
23 65 25 29 0.028110065 
703 514 86 112 0.026869765 
565 93 20 26 0.026317088 
839 107 15 18 0.025909958 
679 73 30 44 0.024480928 
283 283 35 45 0.024248408 
212 293 43 57 0.023381174 
0 117 33 63 0.02309019 
394 179 30 41 0.02234669 
765 263 27 38 0.021888362 
23 373 159 196 0.021512914 
154 287 46 58 0.02079174 
389 119 31 43 0.020735057 
826 96 45 60 0.02045424 
679 608 15 21 0.020177068 
841 87 25 33 0.02001964 
