53_Raid_policeraid_53_171
22
447 80 90 113 0.96012837 
922 38 76 106 0.5667691 
663 417 57 72 0.4649918 
810 289 14 17 0.1824735 
757 234 23 29 0.15526783 
550 10 41 45 0.13310392 
306 279 219 245 0.10694725 
422 67 9 12 0.05280348 
731 324 17 23 0.051566258 
912 62 48 73 0.03604872 
268 268 18 23 0.034177408 
533 509 42 63 0.03232161 
144 530 12 16 0.030120984 
640 409 93 135 0.028598025 
908 203 14 17 0.02661225 
750 205 15 20 0.025116066 
936 57 38 50 0.024726363 
243 181 365 415 0.023625633 
599 448 120 126 0.022560876 
257 232 17 21 0.021741573 
947 16 32 37 0.021271909 
673 139 10 13 0.02065845 
