53_Raid_policeraid_53_272
20
582 236 20 26 0.86567765 
905 190 17 23 0.8022393 
315 239 14 19 0.7179512 
332 231 14 19 0.09850322 
591 239 20 23 0.098203495 
480 292 11 14 0.052950535 
928 197 11 14 0.045589678 
638 363 9 12 0.04315646 
141 301 9 11 0.040034886 
610 212 11 14 0.03502259 
601 304 403 511 0.034555826 
342 246 12 14 0.033875342 
327 227 15 18 0.029283496 
333 224 12 16 0.028716745 
276 359 12 14 0.02870509 
288 224 24 28 0.025620373 
323 234 14 19 0.024140347 
333 241 14 17 0.023658166 
336 227 13 18 0.020984871 
927 189 12 15 0.02062056 
