53_Raid_policeraid_53_827
23
859 189 37 51 0.9679321 
567 186 31 33 0.9558678 
961 196 49 67 0.92877465 
638 177 30 48 0.9023337 
361 382 403 335 0.10810816 
933 222 67 64 0.08297185 
373 89 67 79 0.070024304 
662 245 70 86 0.06596345 
0 71 10 14 0.0618599 
674 227 55 58 0.05869294 
66 418 140 185 0.03582697 
603 201 22 28 0.034208044 
643 166 47 56 0.033150982 
377 373 47 48 0.031162564 
906 194 103 106 0.029967885 
591 253 33 40 0.027533883 
631 251 99 134 0.02688427 
651 191 53 62 0.02599022 
360 326 34 50 0.02479341 
663 157 48 56 0.02156965 
843 464 81 79 0.020913888 
205 330 458 498 0.020551896 
641 179 19 24 0.020289827 
