53_Raid_policeraid_53_599
78
355 305 27 33 0.99247617 
136 145 65 108 0.9647892 
835 268 15 19 0.946817 
243 327 24 29 0.9395901 
820 310 19 25 0.90267503 
582 267 16 20 0.8215817 
621 266 16 20 0.8073686 
637 328 21 25 0.72525233 
664 254 13 16 0.6338751 
721 237 15 18 0.6237519 
505 298 20 20 0.5894308 
483 283 16 20 0.44288307 
462 289 19 26 0.21064286 
854 298 16 22 0.15555127 
877 283 10 13 0.14694352 
483 336 15 18 0.13022593 
526 275 11 13 0.09995842 
478 288 15 20 0.08895416 
684 324 11 15 0.061794586 
871 314 17 20 0.058033757 
771 323 17 21 0.05603864 
857 294 14 17 0.048755992 
545 199 9 12 0.04776044 
98 461 130 127 0.047255617 
703 315 14 19 0.04420595 
559 220 28 43 0.042528696 
514 293 15 22 0.040627275 
686 319 11 14 0.040574893 
518 267 14 17 0.039858513 
445 354 49 56 0.038485527 
491 286 15 21 0.038033787 
465 323 11 15 0.037811175 
758 331 25 26 0.036883116 
725 310 15 18 0.035854194 
749 275 12 15 0.035704177 
116 514 22 26 0.034899384 
230 594 51 72 0.034785535 
877 328 25 32 0.03158751 
870 318 24 29 0.030291563 
775 289 13 16 0.030037144 
598 309 14 17 0.029882645 
595 309 23 28 0.029572217 
771 335 29 35 0.0269999 
648 331 14 19 0.026653409 
627 253 15 19 0.025970463 
338 271 15 20 0.025883064 
543 224 26 34 0.024566902 
676 253 12 16 0.024444858 
710 309 21 25 0.024107136 
858 297 23 26 0.02355969 
846 298 16 20 0.023478111 
523 278 16 22 0.023390364 
779 350 30 36 0.023362821 
689 309 11 14 0.022855535 
95 525 18 22 0.022778507 
517 250 22 27 0.02276273 
719 306 16 19 0.022747356 
847 280 38 49 0.022715522 
671 310 13 18 0.02269603 
694 321 11 16 0.022671863 
843 336 23 34 0.02260771 
682 348 13 14 0.022583675 
605 277 9 13 0.022422777 
668 334 11 14 0.022338169 
678 265 14 21 0.022291163 
676 259 14 18 0.021957966 
545 232 14 20 0.02165899 
876 302 14 16 0.021566933 
206 339 414 492 0.02152299 
323 372 28 35 0.021441339 
541 209 15 19 0.021302626 
670 360 15 20 0.021226298 
230 525 22 30 0.021188663 
455 368 28 37 0.021132277 
100 485 82 79 0.020830665 
616 261 15 19 0.020492833 
717 297 16 20 0.020212438 
856 300 42 51 0.020126881 
