53_Raid_policeraid_53_92
19
713 262 27 35 0.9996463 
642 287 29 39 0.9957028 
497 221 37 54 0.9782882 
585 287 16 20 0.18664941 
108 233 16 19 0.053353306 
644 357 12 16 0.030524459 
345 168 65 84 0.030433822 
-12 319 402 506 0.02774459 
596 251 13 16 0.026959017 
641 363 13 18 0.026951939 
236 318 9 11 0.025433585 
229 426 12 15 0.023910085 
461 282 39 49 0.022736233 
284 340 9 12 0.021653226 
208 366 11 13 0.0215145 
287 270 9 13 0.02118485 
631 299 12 16 0.021089444 
885 453 9 11 0.02097496 
598 458 45 63 0.020971475 
