53_Raid_policeraid_53_858
27
110 219 58 72 0.9984358 
830 128 43 58 0.9957009 
292 222 26 35 0.99360824 
409 242 23 30 0.9823605 
49 214 22 31 0.9585062 
494 140 48 57 0.47455293 
44 222 39 55 0.090509586 
732 139 31 47 0.057111528 
356 220 21 33 0.056539077 
172 221 36 58 0.055285543 
512 163 50 59 0.052440636 
459 224 45 67 0.04758692 
483 377 12 16 0.04731235 
739 164 37 38 0.046238184 
48 422 27 41 0.03768677 
44 415 11 14 0.036207076 
943 68 77 101 0.029706238 
274 88 124 200 0.027284233 
231 208 38 59 0.0233125 
924 62 61 89 0.02260009 
59 209 23 33 0.022514913 
26 410 46 57 0.02178616 
726 158 33 46 0.021257494 
205 162 13 17 0.021018395 
480 122 80 91 0.020765593 
993 663 26 27 0.020569868 
157 227 32 56 0.020267848 
