53_Raid_policeraid_53_928
26
767 132 43 58 0.9945634 
256 191 77 79 0.9865035 
701 135 34 56 0.8943141 
670 144 49 50 0.09767371 
45 405 12 17 0.08336566 
663 727 10 13 0.04936415 
637 44 9 13 0.04686376 
92 675 11 13 0.03504491 
109 647 11 14 0.033192605 
212 150 56 78 0.03186234 
957 747 17 17 0.02906541 
906 78 9 12 0.02836028 
23 298 10 12 0.02733679 
867 258 16 22 0.026947854 
222 138 89 123 0.025189666 
530 564 8 11 0.025062196 
932 141 11 14 0.024257159 
97 703 8 12 0.024209216 
728 137 28 41 0.023675494 
317 435 147 187 0.023387564 
17 282 10 13 0.021811103 
657 613 9 11 0.021469604 
266 215 46 48 0.020326028 
176 725 9 11 0.020259976 
96 670 10 12 0.020184476 
827 228 27 31 0.02009802 
