53_Raid_policeraid_53_368
36
819 66 105 141 0.9994654 
757 147 33 37 0.9968817 
545 131 37 46 0.9931178 
30 110 18 22 0.74204105 
59 99 13 16 0.47013193 
213 100 13 16 0.23983136 
514 425 21 26 0.11135817 
364 123 10 12 0.069701925 
626 208 44 68 0.05688769 
468 445 12 14 0.05172121 
454 416 13 17 0.04920705 
530 461 19 21 0.043725144 
387 300 16 22 0.03526888 
302 117 10 12 0.03454098 
677 138 9 13 0.034227178 
389 418 14 19 0.03361788 
332 302 12 15 0.032480787 
309 437 12 16 0.030739056 
208 102 12 16 0.027704768 
515 439 16 21 0.027666451 
641 192 39 72 0.027309287 
509 420 16 20 0.027232293 
718 147 14 17 0.025866706 
65 100 12 15 0.025753165 
47 99 15 18 0.025445465 
391 408 22 29 0.025226438 
447 553 14 19 0.02457316 
595 292 26 43 0.02420544 
382 458 15 22 0.02411872 
534 427 13 19 0.023876304 
220 95 13 17 0.022962367 
562 434 18 23 0.022640994 
657 186 38 62 0.022530887 
387 450 17 24 0.022000039 
381 153 17 22 0.021227084 
448 445 11 14 0.02100846 
