53_Raid_policeraid_53_674
39
844 66 29 33 0.9951473 
70 59 26 28 0.9810419 
285 57 47 52 0.8879268 
501 64 45 50 0.88464415 
642 92 21 26 0.83583844 
160 95 22 26 0.344624 
357 113 25 29 0.21156615 
157 104 16 20 0.113953866 
172 93 14 19 0.10268434 
653 296 17 21 0.07623144 
117 98 14 17 0.06849598 
180 98 11 14 0.06488121 
666 107 16 20 0.06486842 
349 98 31 34 0.048478603 
349 106 16 19 0.048424546 
89 91 13 14 0.040872965 
80 44 11 14 0.037332382 
153 107 13 17 0.036812652 
650 282 26 33 0.03621835 
323 119 18 23 0.030118655 
163 101 26 33 0.029615482 
901 108 14 19 0.026514642 
173 85 12 17 0.02610085 
682 128 21 27 0.025925964 
289 69 57 66 0.025683811 
619 301 17 23 0.025452502 
160 577 37 48 0.024533775 
464 427 81 122 0.024178741 
601 230 40 53 0.024068635 
544 125 27 32 0.023948945 
125 93 12 16 0.023340978 
36 93 15 20 0.021722531 
73 45 25 33 0.021424536 
64 100 12 16 0.021372957 
529 371 39 53 0.02083985 
650 84 18 26 0.020660667 
112 92 14 18 0.02051712 
656 78 12 17 0.020376684 
307 60 35 40 0.020312563 
