53_Raid_policeraid_53_107
19
230 99 34 41 0.9990527 
857 308 29 31 0.41044232 
431 211 16 19 0.097782515 
512 295 11 13 0.0922485 
138 115 12 16 0.088455416 
570 318 374 457 0.076356046 
-81 316 375 511 0.050076067 
241 84 24 36 0.044500984 
309 98 22 32 0.038090575 
849 289 48 48 0.037707396 
869 -12 133 201 0.035339784 
367 318 39 45 0.032775085 
873 310 18 23 0.031957146 
537 280 36 46 0.03037842 
-44 51 336 437 0.029259613 
44 102 195 294 0.027832849 
576 218 11 15 0.023612592 
634 506 56 65 0.023494981 
421 246 103 101 0.021050755 
