53_Raid_policeraid_53_696
79
268 207 25 34 0.88840914 
491 249 22 26 0.6871409 
554 253 20 29 0.5805727 
369 234 23 28 0.4993361 
196 364 14 18 0.35651168 
347 228 21 27 0.30267894 
421 220 24 32 0.26609823 
339 208 14 17 0.22784954 
662 345 32 39 0.21175353 
457 397 27 35 0.18328647 
650 272 18 22 0.1560433 
350 196 12 15 0.13250433 
960 237 49 64 0.1290855 
832 292 11 15 0.117978446 
843 361 24 29 0.115796484 
453 242 21 25 0.103376806 
194 215 28 33 0.09457921 
898 54 18 22 0.091071695 
339 361 16 23 0.08747357 
345 206 19 21 0.0872142 
669 360 17 22 0.06571018 
864 262 12 15 0.06530691 
892 280 16 19 0.0632503 
933 262 24 34 0.061818358 
560 250 19 25 0.057169393 
96 414 29 36 0.05708803 
869 282 17 19 0.048590057 
122 223 20 22 0.046407636 
215 392 17 22 0.043418884 
344 215 23 28 0.04115526 
136 395 38 54 0.038558166 
734 261 25 30 0.038366765 
42 336 19 24 0.038140733 
517 282 17 19 0.035337284 
351 389 21 26 0.035077337 
865 270 23 27 0.034464672 
821 400 13 18 0.034312524 
179 378 29 41 0.03382741 
789 419 11 14 0.030405903 
65 339 29 38 0.030140255 
62 267 12 15 0.029738594 
861 258 23 27 0.029707406 
105 308 27 33 0.029691191 
375 225 30 37 0.02831261 
890 281 25 32 0.027413301 
821 389 22 30 0.02734015 
895 266 24 31 0.027297681 
924 251 26 40 0.026644114 
613 277 24 29 0.026615644 
57 334 25 33 0.026449287 
655 268 15 19 0.025765836 
593 370 28 37 0.02566192 
924 245 11 15 0.025585486 
835 388 13 18 0.025212323 
814 295 10 14 0.025090318 
920 407 99 116 0.024977922 
114 299 26 34 0.02464221 
917 247 24 36 0.024125533 
69 243 31 36 0.023756785 
361 220 23 31 0.023093123 
551 262 14 21 0.022874776 
835 287 14 17 0.022776037 
804 266 10 14 0.022426216 
414 226 22 31 0.022422828 
184 371 45 59 0.022393258 
947 247 39 46 0.022115339 
612 369 23 30 0.022079065 
343 197 14 18 0.021822598 
372 220 17 20 0.021652697 
427 213 18 22 0.021444714 
495 261 19 24 0.021195166 
487 256 17 21 0.021192804 
864 439 51 65 0.021093458 
180 190 49 62 0.020806832 
1 277 54 80 0.020773366 
321 364 25 32 0.020689284 
903 37 31 39 0.020419976 
886 438 50 63 0.020179383 
843 290 13 17 0.020006206 
