53_Raid_policeraid_53_805
26
408 185 40 44 0.99872845 
191 215 26 36 0.9938054 
582 165 22 29 0.44617364 
667 205 44 47 0.16685429 
481 172 35 43 0.13452624 
302 214 39 43 0.13143642 
578 154 20 32 0.1195143 
391 443 40 52 0.07055022 
635 365 45 62 0.06259724 
396 121 46 58 0.05734191 
498 186 17 21 0.04428429 
774 174 10 13 0.037204046 
571 219 55 96 0.03588365 
380 149 31 42 0.032875493 
613 302 62 74 0.031569865 
94 62 14 16 0.026901137 
457 158 43 54 0.026700892 
41 61 27 33 0.025768865 
271 328 78 69 0.02574325 
389 288 23 31 0.025693594 
410 145 50 59 0.025421897 
207 210 23 34 0.024287542 
588 162 38 42 0.024078596 
583 147 29 34 0.02370417 
671 192 33 41 0.021656131 
568 149 21 32 0.020339742 
