53_Raid_policeraid_53_14
19
358 226 64 70 0.99938333 
505 0 41 41 0.99756694 
542 266 58 66 0.9886736 
765 3 55 31 0.7925818 
353 588 86 65 0.2896127 
535 383 156 164 0.086929485 
323 526 135 126 0.060618203 
724 563 35 51 0.049217675 
577 227 35 47 0.041592747 
275 464 226 226 0.034841113 
375 12 25 24 0.030317921 
371 0 18 17 0.029913124 
477 383 178 248 0.0277078 
568 266 43 46 0.026199574 
535 443 115 152 0.023659 
533 273 104 121 0.023289613 
87 654 10 13 0.0216334 
706 210 17 20 0.02089928 
375 0 30 25 0.020452091 
