53_Raid_policeraid_53_543
40
581 191 96 119 0.9989279 
797 220 56 84 0.98672664 
733 223 54 72 0.9778711 
75 258 42 50 0.960825 
165 162 20 27 0.8094877 
0 174 39 96 0.755859 
393 255 27 36 0.7066845 
489 293 16 19 0.67635477 
530 286 18 22 0.63805884 
51 167 19 22 0.4616931 
293 280 17 20 0.42251253 
87 197 16 19 0.14514503 
155 299 23 26 0.13887948 
755 209 61 94 0.13559534 
374 257 42 44 0.06434284 
506 311 44 62 0.06393707 
713 248 19 21 0.063068256 
450 283 17 20 0.051846486 
547 288 12 16 0.0502169 
294 271 26 32 0.05011476 
445 285 26 33 0.04542499 
497 292 14 18 0.042789295 
518 277 12 16 0.034810692 
225 442 21 31 0.030920982 
660 166 12 15 0.03073829 
13 156 46 88 0.030431978 
465 291 15 21 0.029261045 
509 291 13 17 0.028867124 
519 283 15 18 0.028295517 
216 225 37 50 0.027337808 
531 334 31 35 0.026940309 
138 298 41 51 0.026372604 
513 277 10 14 0.023369014 
38 161 28 33 0.023132764 
731 238 33 48 0.02298792 
540 341 14 17 0.02289178 
420 318 40 57 0.022561967 
915 274 57 66 0.021957753 
479 291 16 21 0.020301146 
460 278 11 15 0.02021604 
