4.254582956852590025e-01
3.944096881198700388e-01
1.036701431732277356e+01
2.126599967639266353e+01
2.783526623538343969e+01
3.204559713666299103e+01
3.723512050819311270e+01
4.205711114763563074e+01
4.476423197223147810e+01
4.841132929808087226e+01
5.130870644899793831e+01
5.452814680081988996e+01
5.565970483726918161e+01
5.715478588331999532e+01
5.913612523155970990e+01
6.023978076013401761e+01
6.077596230670222610e+01
6.187158867599308820e+01
6.236074588668525109e+01
6.203412162705276955e+01
6.200850725756239257e+01
6.306931806115414219e+01
6.398710039020902229e+01
6.545213063607168635e+01
6.548076256931041428e+01
