1.520267262888250848e+01
1.192035249847432787e+01
9.608109910341893212e+00
7.810716623104877243e+00
6.753480125658260391e+00
6.021512937494871487e+00
5.462404248946756802e+00
5.040528434195688412e+00
4.723907897422402691e+00
4.450996215542002865e+00
4.204540699558413586e+00
3.929788715917593933e+00
3.737682067170184030e+00
3.612700326830981634e+00
3.451732945159910582e+00
3.233523352210473600e+00
3.155780314323231917e+00
3.063870295662409760e+00
3.016474126184486515e+00
2.902005429061488506e+00
2.771350695774745798e+00
2.746938630360068689e+00
2.620667976327240467e+00
2.592930187789364460e+00
2.521600417457289467e+00
