3.642131852205865883e+00
2.981323306882603497e+00
2.530395397904866783e+00
2.163835945278869133e+00
1.932513651096765317e+00
1.785767384775862165e+00
1.644727463781926247e+00
1.567839070084441122e+00
1.490106543983037879e+00
1.431983708548619783e+00
1.372458872934861240e+00
1.314294747724805257e+00
1.269615540720568703e+00
1.235309992546666846e+00
1.198726841832817636e+00
1.145003871147677099e+00
1.129801376583922323e+00
1.109466861250885561e+00
1.091118415493680160e+00
1.064340663321825309e+00
1.045323829027760443e+00
1.023567923304179450e+00
9.999054927054954467e-01
9.930764729596720519e-01
inf
