2.380008760002088763e+02
2.123501110076904297e+02
1.917992003896962103e+02
1.771762491960703301e+02
1.666329405352195465e+02
1.578206301683224524e+02
1.500148173207822140e+02
1.430098506382533401e+02
1.366631520993961431e+02
1.309831015160365268e+02
1.254322878529566481e+02
1.204390076021229987e+02
1.157424499085230849e+02
1.114367107663835839e+02
1.072625924756067946e+02
1.033318512573005279e+02
1.000004242221761217e+02
9.670680442656049536e+01
9.360893195608387884e+01
9.052140019102866120e+01
8.751055994093047730e+01
8.456372521678854071e+01
8.180568843746777929e+01
7.941696729126924481e+01
inf
