3.348784219866954182e+00
3.081154575444156496e+00
2.902741212652336866e+00
2.671438451925789881e+00
2.502670967754740072e+00
2.373852554500473389e+00
2.256723556274212505e+00
2.179853697810669289e+00
2.100498495843284630e+00
2.047643377428284506e+00
1.985643028148583067e+00
1.928389949226601452e+00
1.891675820817118048e+00
1.844179709065959960e+00
1.809357592477376375e+00
1.758135907467663017e+00
1.731071795550932713e+00
1.715649363139401418e+00
1.687203389332161185e+00
1.666634044662025360e+00
1.642962511675143178e+00
1.620455923611703097e+00
1.587306575028237354e+00
1.573150222924370123e+00
1.564583792079309532e+00
