3.257918548139726145e+00
inf
2.014471771727715410e+00
1.814757992056493352e+00
1.647333898853441170e+00
inf
1.487606476402338229e+00
1.409485543499590765e+00
1.350893625648264207e+00
1.307835284360215899e+00
1.269441917723750368e+00
1.235538384732530082e+00
1.210840543361831889e+00
1.184582790892038995e+00
1.148642933181261316e+00
1.143080027421115030e+00
1.116673351600997677e+00
1.102811083498393518e+00
1.033582444944829648e+00
1.018540805153641315e+00
inf
1.009461582106139010e+00
1.014508770547390748e+00
1.000496499312706122e+00
inf
