8.614455092517928070e-02
5.445461698998532718e+00
1.922823298600186348e+01
2.847711421297709222e+01
3.645251792343480446e+01
4.114179144120117115e+01
4.558922100157966639e+01
4.875846964178376908e+01
4.983003228215412861e+01
5.129887940799891766e+01
5.312216454358094353e+01
5.454975501729465037e+01
5.550068873965528127e+01
5.659146143711097920e+01
5.711954182396774371e+01
5.773361914544766904e+01
5.828134914501869446e+01
5.866784049528118317e+01
6.101938198064618035e+01
6.124559580641737000e+01
6.291692847897832053e+01
6.190524814726192204e+01
6.281685926229162220e+01
6.281847058687795027e+01
6.280316706196867216e+01
