9.779841911126368359e+01
inf
8.635785998764986005e+01
8.387295573394490589e+01
8.177115737429316766e+01
inf
7.875807904900970868e+01
7.739898159785300891e+01
7.608424168343869098e+01
7.486075384424340484e+01
7.376798733124822149e+01
7.270112759134043756e+01
7.170618454121654395e+01
7.068244623693620099e+01
6.962450434850609327e+01
6.882695243373420624e+01
6.786297812817259967e+01
6.696721071486147991e+01
6.611217027865581031e+01
6.599110809172162817e+01
inf
6.570792574467866132e+01
6.571854760187753186e+01
6.557819864468544324e+01
inf
