1.345321459781309059e+01
9.039353264877515670e+00
7.020556329709032539e+00
6.020899472630912186e+00
5.306433861647148476e+00
4.835241784937448273e+00
4.560407924217097175e+00
4.304020867862316635e+00
4.013904012207474281e+00
3.782155590513663235e+00
3.647914336994290352e+00
3.514798575908130829e+00
3.413219331063746864e+00
3.281853901823947872e+00
3.118196206132632486e+00
3.129927505073802685e+00
3.028391703060880236e+00
2.950097149237990379e+00
2.715903140824311279e+00
2.718446221052211786e+00
2.662087917073357790e+00
2.621934212287251764e+00
2.666640514583089594e+00
2.570563298239378458e+00
2.614712331496086506e+00
