3.366442428149791777e+00
2.933854807237660456e+00
2.671722561953971287e+00
2.490479198209247347e+00
2.333687970356911556e+00
2.225378638445775881e+00
2.147676699071752182e+00
2.066875214532295502e+00
2.015191423249726110e+00
1.954850648153827697e+00
1.908321626414978711e+00
1.867615387676665462e+00
1.838969160496077837e+00
1.803900700455866923e+00
1.776603129362652744e+00
1.763496210671359643e+00
1.729436856665596434e+00
1.705198973556112829e+00
1.640580752459557257e+00
1.623499867616232883e+00
1.614735833097318718e+00
1.607535391837728644e+00
1.605010020089630673e+00
1.595853153361667109e+00
1.611448162599750100e+00
