18_Concerts_Concerts_18_872
45
512 121 91 123 0.998722 
216 1254 44 53 0.19587882 
238 1169 33 38 0.089353815 
169 1201 24 27 0.07092575 
71 1262 13 16 0.062423516 
422 1210 14 17 0.06158376 
75 1370 17 22 0.060661823 
709 1222 35 40 0.052844886 
709 1453 13 17 0.04503187 
5 1209 15 20 0.04163054 
740 1330 16 21 0.036421467 
237 1247 40 55 0.034874402 
381 1195 12 14 0.03249908 
387 686 79 100 0.031469356 
671 1285 10 12 0.03052836 
703 1455 22 25 0.03011966 
306 1323 23 35 0.029045358 
660 1302 15 18 0.028871104 
790 1251 27 29 0.02809633 
632 1310 8 11 0.027335482 
357 1290 25 29 0.026754225 
497 1281 9 11 0.026535166 
200 1274 44 56 0.025255922 
163 1300 12 15 0.025115624 
265 1243 31 37 0.024980482 
352 1331 10 14 0.02469945 
423 1154 10 13 0.023931462 
416 1190 10 13 0.023309726 
150 1370 14 16 0.022424977 
454 1299 25 31 0.022173101 
163 1328 22 27 0.021928806 
420 1196 14 17 0.021900557 
32 789 8 9 0.021659814 
431 1339 10 13 0.021456977 
376 1197 11 14 0.021310551 
3 976 173 311 0.021239005 
500 1294 13 17 0.021167567 
67 1266 23 29 0.020767502 
502 1187 13 16 0.020730171 
507 1195 14 16 0.020583011 
621 1454 12 15 0.020579925 
528 1237 9 11 0.02039326 
635 1130 243 249 0.020263392 
577 949 16 19 0.020018622 
455 1343 14 16 0.020002931 
