18_Concerts_Concerts_18_469
18
9 300 40 51 0.99158996 
664 253 36 46 0.9743609 
477 267 39 50 0.974145 
849 239 38 44 0.89431703 
809 295 29 42 0.31010905 
700 306 53 65 0.07681062 
93 414 15 24 0.06551734 
467 396 42 66 0.05685367 
32 504 51 60 0.050316162 
810 303 17 24 0.041325927 
900 286 50 68 0.038520865 
80 385 14 17 0.037414815 
83 419 23 30 0.030656349 
862 292 16 19 0.026328733 
262 165 12 15 0.024446901 
489 378 23 28 0.021325886 
463 320 36 50 0.020564036 
615 287 49 53 0.020462103 
