18_Concerts_Concerts_18_853
20
753 208 50 56 0.994468 
742 121 46 52 0.9835196 
911 219 47 50 0.97784233 
102 374 23 27 0.9604281 
178 377 22 26 0.8907343 
314 378 22 25 0.8548818 
596 239 40 51 0.6563948 
244 378 20 24 0.55187106 
577 283 21 28 0.04762004 
611 246 47 49 0.03925785 
328 469 9 11 0.038101584 
954 654 56 47 0.035251558 
634 240 35 47 0.027737439 
589 648 56 48 0.02555144 
64 371 21 29 0.025396591 
240 88 356 467 0.025068652 
258 651 26 29 0.021884078 
442 460 22 28 0.021555148 
562 652 58 47 0.021480313 
300 373 19 29 0.020887261 
