18_Concerts_Concerts_18_855
18
95 155 70 88 0.9928504 
368 92 63 84 0.9892848 
428 112 83 119 0.9790202 
823 206 64 87 0.6102677 
407 99 71 111 0.26331037 
780 155 63 66 0.23745374 
742 132 58 84 0.09153516 
806 180 67 91 0.07819879 
801 132 54 76 0.059316967 
78 532 34 40 0.04898353 
844 223 70 73 0.03768076 
513 218 493 347 0.037122257 
911 219 57 77 0.03322376 
637 268 268 216 0.032043144 
886 253 58 60 0.029312326 
397 550 26 33 0.025532171 
266 341 14 19 0.02420038 
704 312 148 119 0.022217985 
