18_Concerts_Concerts_18_602
234
557 384 33 44 0.99926454 
309 386 24 34 0.9965449 
166 403 25 32 0.9959099 
480 398 27 34 0.99527645 
369 393 29 40 0.99439126 
939 379 33 43 0.99203277 
455 486 29 42 0.9904717 
452 346 16 20 0.9883946 
329 504 37 55 0.98836154 
898 481 41 59 0.98197937 
141 255 16 21 0.9755622 
258 539 28 41 0.9741664 
772 333 15 18 0.9684585 
249 302 19 25 0.9672624 
294 526 43 56 0.9648921 
139 406 23 28 0.9597837 
406 391 20 28 0.95240736 
301 253 15 19 0.9081273 
517 321 16 20 0.90239054 
738 374 18 21 0.88119406 
836 340 17 21 0.8753246 
107 255 14 19 0.87322706 
39 345 17 21 0.8729289 
51 382 20 27 0.86839575 
231 298 16 21 0.86518437 
479 260 13 15 0.84972507 
346 381 18 25 0.83971125 
189 361 21 25 0.8216284 
396 324 12 18 0.8174802 
473 362 18 23 0.80449015 
79 421 20 26 0.7740781 
873 371 18 23 0.7487077 
709 339 17 22 0.73726714 
615 266 11 14 0.72678894 
307 510 42 62 0.70799893 
681 353 14 22 0.7045223 
21 339 15 20 0.7019356 
190 262 12 16 0.6912448 
568 333 12 14 0.68299913 
512 393 20 29 0.67558867 
133 395 13 19 0.669777 
262 261 12 15 0.6101667 
437 327 14 19 0.5715232 
338 330 15 18 0.5605891 
366 275 14 17 0.52335626 
212 273 13 17 0.4829594 
576 260 11 14 0.44106752 
48 261 13 19 0.37698227 
166 265 14 19 0.29454446 
407 288 13 17 0.28765503 
195 265 12 16 0.26785064 
522 339 14 18 0.25987512 
606 334 12 14 0.2546362 
347 331 15 17 0.24491575 
819 430 16 21 0.23106934 
777 658 39 36 0.22947493 
506 303 10 13 0.19738086 
902 349 13 19 0.1944148 
132 398 21 26 0.17333347 
114 409 14 17 0.15956193 
219 268 16 18 0.13362375 
0 282 9 16 0.13273704 
916 339 16 20 0.13228557 
875 340 13 14 0.11864619 
333 276 13 18 0.11254998 
403 321 13 18 0.109288685 
520 326 17 22 0.10576836 
179 517 13 15 0.10415215 
372 301 11 13 0.10062211 
292 238 10 13 0.09770901 
1 411 11 20 0.09765672 
545 277 10 12 0.09755685 
438 277 10 13 0.09092138 
13 334 19 27 0.09039647 
649 347 17 19 0.088680506 
734 350 12 15 0.088008806 
906 344 16 22 0.08684066 
390 300 10 13 0.07729123 
326 267 13 16 0.07375211 
501 390 24 32 0.070898674 
437 283 12 15 0.07063296 
86 719 29 33 0.06564925 
667 329 15 19 0.06509312 
327 280 21 26 0.06197997 
384 276 10 14 0.061056647 
169 483 12 16 0.060760636 
359 275 15 18 0.06042632 
508 385 20 25 0.05690985 
345 297 15 18 0.05682691 
431 324 15 18 0.055208948 
872 468 26 32 0.052936375 
610 339 15 18 0.052335292 
0 255 9 14 0.050999172 
667 337 17 24 0.05040349 
438 291 10 12 0.050225005 
254 278 9 13 0.05013655 
839 426 23 29 0.048829913 
453 287 10 12 0.047938414 
241 452 22 29 0.047159314 
326 275 15 17 0.046260267 
396 350 13 16 0.045845035 
154 466 12 15 0.045564897 
895 352 15 22 0.04529382 
110 435 14 16 0.044559587 
589 365 27 34 0.044408064 
433 304 9 12 0.04364066 
396 365 15 23 0.04359501 
412 322 10 14 0.042387076 
90 465 16 20 0.04235917 
181 311 10 14 0.042232577 
160 275 13 16 0.041999176 
656 343 21 26 0.041409113 
156 297 12 16 0.041324854 
604 342 16 20 0.03922605 
384 307 10 14 0.038026564 
752 641 122 87 0.037734453 
2 328 24 34 0.03743955 
173 518 21 26 0.03707197 
733 364 19 23 0.036936834 
27 341 17 23 0.03674139 
541 364 16 24 0.036727343 
183 265 11 15 0.036347616 
769 653 69 54 0.036313586 
559 259 9 13 0.033794582 
232 349 13 15 0.033595093 
899 520 15 19 0.033413786 
127 419 11 16 0.033260483 
481 303 9 11 0.03269379 
574 266 12 13 0.03264442 
103 447 14 19 0.03264052 
437 302 10 13 0.032602523 
250 279 9 12 0.03258258 
405 356 11 14 0.032420024 
709 328 15 19 0.032127894 
448 286 11 14 0.032081157 
320 267 12 17 0.031690586 
508 379 17 20 0.031511955 
117 430 13 18 0.031183524 
612 264 18 22 0.030722015 
654 349 40 49 0.030472273 
91 724 16 20 0.030161811 
646 352 25 30 0.029544756 
261 274 11 15 0.029446518 
706 333 11 15 0.029311625 
34 399 16 19 0.029272573 
336 286 20 26 0.029179426 
280 482 29 33 0.028563518 
561 332 11 14 0.028529184 
702 373 12 15 0.028508091 
136 695 8 11 0.028396556 
37 265 15 21 0.028355256 
142 383 10 12 0.028105928 
657 495 18 20 0.028018309 
352 278 10 16 0.027905347 
195 435 16 22 0.02733921 
-3 388 18 41 0.02700767 
861 360 26 29 0.026907323 
216 435 14 19 0.02686025 
823 458 13 17 0.026716959 
738 354 16 18 0.026700756 
475 261 10 13 0.02658398 
319 284 24 30 0.026029194 
150 257 19 24 0.02577189 
525 485 54 54 0.025744416 
356 382 24 34 0.025663678 
566 261 10 13 0.025587318 
565 340 16 21 0.025385952 
398 309 10 14 0.025250392 
610 268 11 14 0.025141638 
817 436 28 35 0.025093567 
150 480 15 20 0.024984106 
870 342 22 24 0.024954706 
570 327 14 17 0.024842229 
674 330 13 16 0.024811534 
757 368 15 20 0.024719907 
240 455 14 19 0.02431298 
671 351 15 21 0.024012897 
27 214 8 10 0.023854833 
922 336 13 16 0.023829771 
863 362 37 44 0.023722116 
339 282 13 19 0.02367657 
716 369 14 19 0.023405347 
45 454 15 19 0.023320861 
127 400 13 18 0.023251269 
265 265 12 16 0.023247262 
319 260 12 16 0.023222804 
263 495 39 54 0.023172034 
368 371 12 15 0.02307819 
821 449 14 18 0.02304809 
688 354 14 19 0.022962302 
315 483 12 14 0.022954073 
494 339 11 13 0.022915645 
436 367 15 19 0.0228959 
389 284 12 14 0.022795955 
218 280 14 17 0.0226881 
733 644 249 160 0.022678314 
317 281 14 18 0.022631392 
390 317 15 18 0.022605198 
583 353 14 18 0.022575669 
549 300 14 19 0.022431491 
97 276 11 16 0.022372851 
857 354 19 22 0.02226545 
6 386 11 16 0.022264227 
2 277 14 18 0.022069646 
863 374 17 21 0.021972528 
364 313 14 19 0.021941265 
103 435 13 18 0.021897828 
540 374 23 33 0.02189145 
446 291 12 14 0.021701192 
109 481 18 22 0.021604192 
876 361 21 26 0.021511229 
845 472 27 30 0.021313475 
124 427 12 18 0.021194998 
398 291 11 15 0.021145366 
231 452 12 15 0.02111294 
-2 285 13 22 0.021100337 
704 387 11 16 0.020798488 
111 412 20 24 0.020754637 
205 317 8 12 0.020691197 
175 254 10 12 0.02050791 
171 270 14 18 0.02050683 
444 548 49 65 0.020438509 
873 452 29 35 0.020362325 
331 380 21 30 0.020264274 
595 361 19 22 0.020253384 
763 415 10 13 0.020233363 
340 277 11 15 0.020217465 
376 484 38 51 0.020174056 
546 365 27 34 0.020156113 
75 386 16 20 0.020152189 
400 378 23 33 0.020143893 
435 306 11 14 0.02011397 
831 354 12 16 0.020100499 
115 253 11 16 0.020097952 
