18_Concerts_Concerts_18_27
18
388 157 418 555 0.9997919 
510 699 86 113 0.3223785 
84 898 392 431 0.17889623 
368 1037 494 433 0.1543986 
614 23 379 573 0.09401769 
758 32 199 340 0.08196526 
693 878 463 437 0.07259725 
491 786 390 488 0.03942426 
476 992 271 352 0.033022154 
191 965 505 446 0.032666095 
113 982 245 273 0.030279374 
499 882 55 55 0.026051087 
972 241 43 56 0.02510998 
216 781 247 270 0.023732848 
56 638 471 378 0.023019463 
516 2 127 73 0.021300925 
226 536 435 413 0.020941 
912 481 106 194 0.020504486 
