18_Concerts_Concerts_18_38
224
759 393 30 43 0.9970487 
66 414 33 46 0.99462306 
531 268 24 31 0.9803288 
805 276 23 29 0.9761016 
95 393 28 38 0.9681525 
640 185 22 29 0.9601784 
295 528 44 86 0.9501172 
595 302 19 28 0.9136663 
726 319 16 21 0.890262 
281 215 30 42 0.8884902 
363 183 14 18 0.8143243 
146 323 24 34 0.7583295 
878 236 12 15 0.6563471 
279 189 15 18 0.6489257 
542 484 58 81 0.63524103 
515 413 26 35 0.6016627 
562 348 22 33 0.601008 
-3 592 60 98 0.5175121 
127 327 24 35 0.5021931 
394 507 50 58 0.43611118 
899 334 54 74 0.3940709 
229 568 69 77 0.3878102 
733 288 14 18 0.3387223 
458 236 12 15 0.30262592 
893 276 16 20 0.29937297 
567 355 27 39 0.27093548 
366 299 14 19 0.26533946 
415 444 42 46 0.22232208 
509 212 11 15 0.18873952 
508 206 11 14 0.1800079 
469 369 23 27 0.1713379 
686 188 13 15 0.16102915 
567 196 9 12 0.1505574 
111 360 10 13 0.14196107 
697 293 10 13 0.13257852 
627 266 31 33 0.12421845 
260 200 15 19 0.122654855 
412 516 50 75 0.12202328 
718 319 14 22 0.11788001 
535 213 9 12 0.11519478 
307 205 14 17 0.11183766 
710 322 15 20 0.10596797 
431 229 12 14 0.10563163 
678 268 13 17 0.10435175 
302 445 57 72 0.09624011 
358 493 40 51 0.09363332 
709 262 11 13 0.09045822 
799 236 8 10 0.09028056 
683 349 15 25 0.08705009 
299 209 23 27 0.086330004 
714 174 9 12 0.08555448 
713 229 9 12 0.08369184 
928 253 9 12 0.08312394 
966 227 11 15 0.07954669 
876 247 14 17 0.07843528 
0 342 17 32 0.07720727 
685 322 12 20 0.07651061 
369 515 44 43 0.075614214 
636 280 17 19 0.072809115 
745 242 10 12 0.07161925 
689 260 9 11 0.07099132 
730 237 9 12 0.07013247 
903 254 11 13 0.068986766 
901 352 30 42 0.06890559 
941 223 11 14 0.06856328 
127 372 13 16 0.06724016 
163 385 41 47 0.065604255 
514 193 9 10 0.0652532 
507 421 40 50 0.06369541 
262 535 68 100 0.063617535 
221 403 12 16 0.06195042 
528 220 11 15 0.05995163 
961 225 10 15 0.056374595 
845 248 8 11 0.055501964 
486 298 13 17 0.054836318 
483 375 13 17 0.052517675 
795 252 13 18 0.04988136 
569 254 10 13 0.049584754 
219 290 15 19 0.049358074 
626 355 27 42 0.0490507 
897 244 11 13 0.048854765 
429 197 13 16 0.047831096 
405 496 85 124 0.047047872 
529 214 11 14 0.04659384 
694 286 10 12 0.04609931 
1011 224 12 22 0.046046276 
943 278 11 15 0.045986895 
860 276 13 17 0.045582447 
635 374 14 19 0.045431513 
773 210 11 14 0.04292271 
521 409 36 49 0.04280884 
316 508 50 83 0.04249339 
880 272 46 57 0.041766714 
860 270 11 14 0.041309327 
331 456 47 66 0.041173432 
558 347 15 24 0.039832115 
556 415 37 56 0.039271772 
688 354 20 30 0.03915451 
886 296 64 91 0.037921347 
408 426 38 52 0.037889212 
219 332 23 30 0.037654854 
888 186 7 9 0.03708214 
454 229 14 19 0.036889773 
479 283 9 12 0.03687525 
684 274 12 15 0.036707513 
970 229 12 16 0.03649773 
406 466 51 71 0.03623215 
573 366 32 39 0.036230195 
915 294 13 17 0.036097553 
828 317 21 33 0.03607408 
218 409 15 20 0.036015503 
371 509 82 90 0.035947625 
909 255 11 13 0.03580837 
1006 361 15 18 0.03567268 
21 398 26 33 0.03546836 
831 241 7 8 0.03511701 
728 245 12 14 0.03489786 
728 284 13 18 0.03475543 
421 534 27 48 0.034732755 
599 364 38 44 0.034344845 
947 176 8 10 0.034140408 
665 236 11 14 0.033938814 
886 293 10 13 0.03324661 
678 358 15 26 0.033084843 
583 242 11 16 0.03292818 
988 268 15 17 0.032829363 
690 321 16 22 0.03281835 
467 376 29 38 0.032746296 
119 380 26 37 0.03272777 
985 166 7 10 0.032630593 
887 346 27 33 0.031555012 
701 288 10 13 0.031170158 
873 242 12 16 0.030132566 
878 278 10 12 0.030097324 
453 220 11 14 0.029998029 
555 372 42 57 0.029847633 
308 538 53 88 0.029692676 
553 369 28 38 0.02964264 
528 226 13 16 0.029576946 
444 237 12 16 0.029486394 
591 189 13 18 0.02871837 
269 196 12 17 0.028661622 
769 278 12 13 0.02862676 
186 336 15 18 0.028540233 
125 322 16 26 0.028264761 
983 265 28 33 0.028140526 
692 256 11 15 0.027786324 
918 255 10 12 0.02766986 
540 338 34 49 0.027645444 
927 223 10 11 0.027313178 
733 214 11 14 0.027013194 
892 286 14 18 0.026997576 
783 325 11 15 0.02664986 
900 241 11 12 0.026464952 
689 347 16 23 0.026460923 
39 382 11 14 0.026358118 
76 405 32 44 0.02634885 
449 214 10 13 0.026248809 
135 222 13 15 0.02606888 
699 322 19 24 0.025757257 
110 389 29 40 0.025649063 
689 284 10 13 0.02559825 
840 618 46 37 0.025454868 
657 530 16 19 0.025431776 
977 149 8 11 0.02496918 
759 204 9 13 0.024932662 
823 251 11 14 0.0249112 
501 407 28 39 0.024888432 
183 376 32 45 0.024868015 
881 241 13 19 0.024755359 
896 251 12 16 0.024684269 
571 197 11 13 0.024665136 
346 492 29 49 0.024254309 
814 223 8 10 0.023973895 
718 278 10 12 0.023675282 
260 203 21 27 0.023548659 
516 195 10 12 0.023474853 
711 286 10 13 0.023413422 
350 271 11 15 0.023387734 
232 265 13 18 0.023155121 
20 406 16 21 0.02312994 
697 357 24 28 0.023073908 
526 485 93 128 0.023023117 
729 218 11 14 0.02295133 
106 363 11 15 0.022931878 
768 205 11 15 0.022815658 
529 207 9 11 0.02279333 
596 177 11 13 0.022651514 
693 279 10 13 0.022616392 
462 370 16 21 0.022479603 
504 344 43 50 0.02244676 
502 282 13 17 0.022168793 
950 215 10 11 0.022167526 
951 179 8 11 0.022009315 
436 235 14 17 0.022008091 
794 236 9 11 0.02197307 
7 388 20 37 0.021962354 
710 406 37 48 0.021764982 
679 293 9 12 0.021678172 
113 362 13 15 0.021513997 
405 188 11 14 0.021464683 
890 272 67 71 0.021389559 
447 228 13 15 0.021266077 
877 269 11 14 0.021134848 
992 267 28 44 0.020970201 
352 529 57 67 0.02081061 
732 279 12 16 0.020808045 
813 230 9 11 0.02075408 
683 367 13 21 0.020724718 
397 199 11 14 0.020705048 
884 249 13 17 0.020562338 
543 228 11 15 0.02055373 
905 223 8 11 0.020544805 
69 198 10 13 0.02051318 
791 257 13 17 0.020512743 
825 246 9 12 0.020457393 
968 167 7 9 0.020354448 
881 230 14 16 0.02033737 
356 268 13 17 0.02027497 
849 220 8 10 0.020118915 
352 274 23 28 0.020111501 
360 462 52 64 0.020055898 
748 455 39 51 0.020055361 
863 243 9 12 0.02000986 
