18_Concerts_Concerts_18_66
129
641 419 61 78 0.9974269 
441 365 66 89 0.996265 
480 199 23 30 0.99578565 
198 246 34 45 0.99463487 
491 329 64 79 0.9905426 
626 247 36 51 0.99052787 
891 351 44 56 0.9819641 
189 319 37 50 0.97547376 
808 263 40 50 0.9744493 
437 256 41 51 0.96778506 
924 293 39 46 0.96563965 
221 310 52 70 0.9599004 
389 219 28 35 0.9536963 
507 180 21 28 0.9361962 
750 332 49 68 0.88877887 
286 462 65 71 0.88780534 
72 317 52 61 0.8638329 
229 202 21 25 0.80502576 
211 167 22 26 0.75290245 
410 201 15 19 0.7527431 
26 265 28 42 0.5869991 
287 157 15 19 0.49320385 
578 314 45 59 0.47744423 
362 188 15 20 0.3826123 
890 172 17 22 0.35300893 
529 167 19 25 0.3091665 
459 166 13 17 0.30191985 
783 174 24 29 0.2784151 
516 135 15 19 0.27072427 
297 293 34 41 0.27064303 
378 150 10 13 0.25871816 
762 173 12 16 0.23124203 
742 298 28 30 0.19936821 
1002 180 20 29 0.18463694 
173 201 21 28 0.17807499 
952 201 41 56 0.16973402 
641 183 16 21 0.15967466 
335 154 11 14 0.15757033 
460 250 29 39 0.14334138 
186 75 26 35 0.13983187 
105 255 24 30 0.12806955 
722 280 37 49 0.1178765 
963 475 56 75 0.09946607 
853 158 11 14 0.09204775 
576 173 25 32 0.08260866 
302 204 13 16 0.07305053 
443 107 11 15 0.071529396 
395 187 13 16 0.07041754 
659 115 13 16 0.069181524 
429 125 9 12 0.059484355 
249 454 111 112 0.05845261 
876 339 47 58 0.055729393 
350 165 10 12 0.05316781 
465 342 71 98 0.05022096 
947 173 13 16 0.046255235 
181 179 12 16 0.045356616 
778 165 39 49 0.044468403 
462 160 12 16 0.04416772 
847 157 12 16 0.04286106 
728 347 33 47 0.04064534 
510 175 13 17 0.039994452 
779 101 12 14 0.03899547 
328 317 51 61 0.03839548 
173 62 44 63 0.038116395 
454 119 8 10 0.035990436 
766 207 20 29 0.0358908 
588 169 15 20 0.03352928 
908 104 16 18 0.032522492 
693 167 11 15 0.03161447 
772 172 22 30 0.031060565 
11 262 38 61 0.030559849 
345 178 13 16 0.030172182 
556 315 49 63 0.030140504 
352 193 13 19 0.030015167 
748 286 26 32 0.02987941 
424 184 14 18 0.029835293 
787 163 25 32 0.029791301 
905 258 44 55 0.029681707 
621 96 15 19 0.029523779 
724 293 20 27 0.029030818 
568 180 27 35 0.028521385 
502 125 10 12 0.028368162 
348 184 14 22 0.027594265 
515 171 20 26 0.027589804 
456 140 12 15 0.027059307 
269 187 10 13 0.026524553 
382 163 11 14 0.026488902 
251 145 8 11 0.026028445 
426 189 17 22 0.026026916 
82 338 65 78 0.026019603 
405 179 13 16 0.025931638 
826 171 28 35 0.025579099 
398 193 21 24 0.025401862 
348 173 11 14 0.025377521 
750 165 9 11 0.025193196 
883 99 18 23 0.025010353 
705 270 39 51 0.024876023 
780 226 31 42 0.024723612 
276 218 12 16 0.02468578 
623 162 14 17 0.024563387 
313 471 60 66 0.024470326 
874 328 35 49 0.024061926 
208 149 10 13 0.02396188 
563 295 25 32 0.023884598 
550 71 14 19 0.023818636 
691 253 38 51 0.023295999 
665 171 11 15 0.023293242 
510 164 13 16 0.023128578 
924 228 54 70 0.022938382 
345 132 10 13 0.022854118 
518 160 23 29 0.022619337 
465 163 14 18 0.022531705 
386 117 8 11 0.022504786 
443 217 16 22 0.022497013 
391 184 12 15 0.022351058 
931 192 25 27 0.022172306 
494 179 11 15 0.022043979 
900 249 37 44 0.021924326 
681 225 41 58 0.021747112 
932 56 68 73 0.021632383 
989 211 11 16 0.021433476 
935 184 47 59 0.021418834 
826 220 21 27 0.021281604 
375 164 11 14 0.02082382 
254 189 11 14 0.020556724 
403 186 14 17 0.020274749 
511 160 10 12 0.020067643 
772 184 44 59 0.020058576 
275 245 15 19 0.02003794 
