18_Concerts_Concerts_18_60
27
502 399 25 33 0.95063657 
256 379 19 25 0.56249756 
505 446 24 31 0.29928607 
718 405 15 20 0.120073006 
89 357 21 28 0.10080978 
928 655 10 14 0.075316854 
975 620 13 16 0.048208073 
706 478 25 30 0.04733777 
936 600 9 11 0.046380926 
482 440 28 38 0.0392473 
473 463 57 51 0.03477721 
725 470 9 12 0.030256847 
484 440 47 51 0.02984987 
28 419 44 61 0.028964745 
959 635 11 13 0.0276523 
636 510 39 37 0.025317308 
917 655 27 26 0.02488816 
303 513 7 9 0.023454072 
1002 626 21 37 0.022783954 
673 671 18 18 0.02276824 
941 600 9 11 0.022547916 
489 440 17 22 0.022266205 
762 503 12 14 0.0218716 
673 554 38 38 0.021839913 
985 587 11 15 0.02143725 
950 588 9 12 0.020897795 
244 408 10 12 0.020873506 
