18_Concerts_Concerts_18_784
19
260 233 353 455 0.99821067 
390 886 486 538 0.2609168 
912 373 76 69 0.115882516 
360 1083 251 201 0.100686274 
275 128 124 126 0.061306786 
994 297 29 52 0.05080597 
285 131 64 73 0.038561475 
85 675 413 515 0.037126947 
283 983 432 367 0.035880275 
370 74 32 44 0.03326198 
915 268 31 35 0.03179618 
313 63 274 331 0.030245986 
361 83 26 35 0.024668016 
342 113 41 50 0.022912655 
914 250 62 61 0.021139564 
309 118 66 73 0.020816382 
863 334 12 16 0.020666217 
1003 314 19 24 0.020466251 
921 367 42 36 0.020013576 
