18_Concerts_Concerts_18_127
37
356 227 60 86 0.9975902 
273 229 52 92 0.9946169 
662 170 52 74 0.9940877 
443 233 49 77 0.99355114 
245 131 35 50 0.99285054 
149 268 69 94 0.99256223 
529 225 54 63 0.9920427 
173 163 46 67 0.9907925 
738 193 49 66 0.9838971 
50 177 33 48 0.9837588 
845 201 31 42 0.9753538 
802 189 42 60 0.9743208 
952 198 37 48 0.9703841 
911 206 38 56 0.95285463 
453 181 34 46 0.9327804 
305 178 43 51 0.88478893 
567 186 36 51 0.79609114 
15 195 35 53 0.7643461 
29 302 66 84 0.28989446 
295 195 49 68 0.13433199 
765 187 45 66 0.061006244 
125 180 25 41 0.046907242 
4 182 34 54 0.041531734 
627 509 58 63 0.03680799 
829 199 33 48 0.033181872 
462 201 43 66 0.03216955 
540 166 38 42 0.031484846 
928 202 32 46 0.029323902 
760 164 30 37 0.028802035 
921 194 29 41 0.027409693 
749 168 49 61 0.026584405 
59 311 63 77 0.024572246 
852 534 14 21 0.023171198 
-1 172 29 43 0.022579243 
314 221 62 98 0.022521429 
429 186 43 51 0.02248916 
59 203 18 25 0.020458197 
