18_Concerts_Concerts_18_920
128
824 572 10 15 0.95517594 
279 505 15 19 0.93665683 
756 565 13 16 0.90398204 
617 606 11 13 0.8315626 
903 562 10 15 0.67811465 
752 626 11 13 0.580598 
868 574 9 13 0.5580259 
852 556 11 13 0.48864043 
619 566 8 10 0.4766124 
851 498 13 18 0.39604944 
931 560 8 12 0.32278383 
981 582 13 17 0.2834406 
876 665 13 17 0.26427358 
908 518 10 12 0.228368 
396 10 18 23 0.20584221 
232 610 25 45 0.18750504 
770 624 9 10 0.17350724 
921 573 11 14 0.15006338 
818 528 8 11 0.13179353 
903 486 10 13 0.11340573 
854 590 10 13 0.09600426 
251 602 38 55 0.09531698 
700 170 32 36 0.08794836 
740 603 10 13 0.0807098 
910 409 107 186 0.06965871 
902 522 10 14 0.06540619 
831 550 10 14 0.061829682 
723 102 16 21 0.057865452 
912 627 12 17 0.05680836 
869 525 9 11 0.056702513 
866 605 9 11 0.053521153 
790 550 9 11 0.050060958 
862 542 8 12 0.049745537 
897 524 9 12 0.048837032 
833 589 12 15 0.04494729 
800 556 11 13 0.04467565 
942 579 10 13 0.043211076 
835 596 12 14 0.042942554 
774 90 13 18 0.042376608 
837 551 9 12 0.042080287 
902 490 12 17 0.0413483 
709 171 17 19 0.040801585 
142 591 21 26 0.040572483 
644 130 22 26 0.039516106 
886 548 13 15 0.03889569 
882 605 8 9 0.037595488 
799 574 9 13 0.036577273 
924 578 10 13 0.036130127 
897 611 9 12 0.035706714 
683 654 13 14 0.034827873 
871 542 9 13 0.034445032 
872 533 9 12 0.03419277 
998 613 13 17 0.033072572 
44 459 13 17 0.032221884 
894 627 8 11 0.03167496 
898 557 11 14 0.031089349 
818 54 25 32 0.029875033 
916 535 10 12 0.029784761 
892 548 13 15 0.029532535 
1004 516 10 13 0.028734513 
765 64 13 18 0.028567372 
142 585 16 21 0.02855886 
857 541 9 11 0.027959324 
748 89 15 18 0.027055366 
913 539 10 13 0.026859982 
289 506 15 20 0.026779726 
772 79 16 22 0.026585925 
586 565 9 12 0.026543558 
898 555 19 23 0.026325673 
825 556 10 12 0.025849242 
882 589 9 11 0.025549456 
777 574 9 12 0.025500858 
897 493 11 14 0.025415437 
920 568 10 13 0.025364535 
755 600 16 18 0.024966694 
804 563 11 15 0.024767835 
692 168 27 30 0.024734868 
885 106 16 20 0.024662934 
803 74 14 17 0.024662785 
246 638 34 40 0.024613101 
868 601 9 11 0.024432635 
238 625 28 45 0.024380045 
615 600 18 22 0.024376342 
387 1 42 45 0.024190065 
685 114 12 18 0.024167622 
861 559 10 12 0.024047991 
871 548 9 11 0.024036366 
822 598 10 14 0.023856763 
899 550 13 17 0.023593094 
863 565 11 14 0.02355044 
873 90 57 63 0.023461448 
665 398 47 71 0.023191977 
752 596 13 15 0.023167996 
346 8 16 20 0.023085328 
672 563 9 12 0.023052027 
904 570 10 12 0.0224221 
896 599 9 12 0.02226786 
382 298 13 17 0.02221589 
925 611 10 13 0.022095418 
600 439 66 69 0.022078507 
712 130 17 19 0.021712087 
896 581 9 12 0.02170413 
661 573 9 12 0.021569759 
962 0 20 17 0.021481719 
887 574 9 10 0.0214169 
818 100 13 15 0.021400211 
952 589 9 11 0.02132736 
886 598 9 12 0.021172386 
803 572 11 14 0.021141462 
749 613 15 18 0.021061175 
699 171 16 18 0.021036446 
711 115 12 16 0.021013679 
242 610 30 42 0.020926325 
812 114 14 18 0.020918544 
915 32 22 29 0.020906774 
820 530 9 12 0.02083163 
663 566 8 11 0.020653384 
919 698 11 14 0.02062267 
762 70 20 29 0.02062192 
846 114 15 20 0.020415885 
817 572 11 14 0.020405257 
920 607 10 12 0.020343436 
110 598 10 14 0.020339994 
716 166 14 18 0.020301517 
825 565 13 17 0.020249384 
197 563 14 17 0.020172276 
899 485 10 12 0.020094272 
747 619 20 23 0.020034714 
