18_Concerts_Concerts_18_815
18
323 21 162 216 0.9789394 
657 333 14 16 0.10847771 
730 485 10 13 0.09706782 
39 555 13 17 0.07927343 
260 658 12 16 0.040384743 
487 616 17 19 0.039734628 
405 795 10 12 0.03220602 
970 516 27 32 0.031278975 
677 644 10 12 0.030336803 
542 683 13 17 0.028125102 
65 506 12 17 0.026000263 
540 618 14 18 0.025280349 
577 618 10 13 0.022952368 
653 668 14 19 0.022135593 
813 668 26 35 0.022124426 
676 405 351 452 0.02131748 
536 647 10 12 0.021134375 
526 413 9 12 0.020489635 
