10_People_Marching_People_Marching_10_People_Marching_People_Marching_10_People_Marching_People_Marching_10_162
200
391 310 22 24 0.9855607 
779 90 15 18 0.46775863 
657 333 15 19 0.30115774 
967 -1 54 52 0.2993181 
572 125 21 29 0.29309416 
368 310 10 12 0.22393776 
840 349 11 13 0.21172807 
450 123 15 19 0.19995126 
412 111 17 22 0.19328196 
673 298 13 17 0.17742807 
939 23 17 22 0.16447392 
332 195 23 35 0.14735599 
514 177 25 31 0.14501782 
280 299 10 12 0.13507505 
571 78 13 18 0.12714717 
594 185 13 16 0.1258097 
910 20 12 15 0.1009091 
884 61 13 16 0.09727045 
659 40 16 19 0.09069462 
82 181 16 20 0.088187896 
834 80 27 36 0.08631706 
259 209 31 41 0.08575097 
462 99 15 19 0.076764785 
409 410 10 13 0.075985454 
630 49 18 21 0.07427524 
358 211 12 15 0.073674075 
528 135 13 15 0.072654925 
369 270 11 14 0.07212958 
574 241 15 21 0.07122263 
826 8 17 20 0.06318139 
307 284 15 18 0.06311859 
903 24 22 30 0.062171232 
719 350 12 14 0.057429347 
502 309 13 17 0.0565091 
805 108 14 17 0.056258928 
854 2 15 18 0.055378836 
283 219 16 17 0.053124923 
314 206 14 18 0.051514033 
418 229 13 15 0.051357843 
466 92 14 17 0.050664928 
414 321 14 18 0.04497957 
71 318 10 13 0.04356664 
845 185 31 40 0.04167459 
871 84 12 15 0.041496564 
316 326 10 13 0.041380458 
274 301 9 11 0.041225806 
677 150 15 18 0.04087813 
713 292 12 13 0.03997548 
860 -1 36 30 0.039588157 
828 17 16 22 0.039473534 
894 331 32 39 0.039450396 
141 265 35 36 0.03924976 
448 117 14 18 0.038203496 
892 48 14 16 0.038081337 
359 373 11 14 0.03767926 
726 216 32 36 0.037145548 
91 179 15 19 0.03692871 
499 203 12 18 0.036905665 
712 17 15 20 0.036768332 
152 248 29 44 0.036723312 
355 294 12 15 0.03628663 
770 95 28 39 0.03623182 
547 98 15 17 0.036074623 
870 132 29 31 0.03495586 
273 214 28 30 0.03479448 
628 316 24 29 0.034165956 
592 176 23 27 0.03412606 
394 284 9 12 0.033711888 
545 303 8 10 0.03306079 
774 94 17 22 0.032628 
54 220 11 16 0.03231985 
381 149 12 14 0.032317054 
79 332 10 11 0.03221719 
581 143 14 19 0.031988587 
72 323 12 15 0.031785592 
702 287 9 13 0.031434275 
876 0 39 33 0.031426188 
914 141 17 23 0.03127149 
256 324 9 13 0.031238621 
910 116 10 12 0.030220337 
511 179 15 21 0.029966984 
328 188 9 12 0.029787516 
525 156 10 12 0.029757733 
473 211 14 17 0.029703371 
353 299 11 14 0.029541627 
970 216 38 58 0.029442146 
162 255 41 52 0.029411245 
269 232 15 19 0.029393636 
842 94 17 23 0.02932914 
597 170 32 38 0.029301388 
639 345 12 16 0.02907581 
715 360 17 18 0.028875869 
328 387 9 13 0.028793318 
801 607 21 17 0.028569298 
445 222 10 11 0.028288884 
644 332 10 15 0.02808644 
144 277 16 16 0.027992724 
484 314 13 17 0.027906194 
61 222 26 31 0.02783811 
582 96 14 19 0.027624395 
848 329 13 16 0.027453244 
349 373 11 15 0.027395872 
819 341 12 13 0.026852483 
497 93 12 15 0.026780693 
604 54 10 16 0.02655518 
492 148 11 14 0.02636228 
499 159 13 14 0.026311321 
443 299 15 15 0.026272116 
380 154 14 20 0.026222443 
931 145 13 17 0.02596887 
890 37 23 28 0.025743786 
195 335 11 14 0.02492702 
820 311 24 29 0.024902247 
686 318 12 16 0.024869489 
680 321 11 16 0.024780165 
369 295 10 13 0.024748152 
209 348 9 13 0.024715407 
970 206 13 17 0.024650827 
567 284 12 15 0.024546262 
684 177 26 33 0.024441322 
433 292 28 26 0.024306342 
209 265 15 22 0.024283925 
447 325 12 15 0.024263563 
842 82 16 20 0.024038738 
915 20 23 31 0.023876803 
515 175 17 20 0.023814933 
191 214 9 11 0.023687754 
492 313 12 18 0.0235931 
87 335 9 11 0.023572138 
715 295 15 17 0.023542533 
568 332 10 13 0.023475029 
373 292 11 14 0.023397516 
617 217 20 30 0.023394054 
358 287 9 12 0.023366548 
719 142 11 12 0.023359546 
753 45 30 35 0.023267005 
379 156 23 30 0.023048686 
885 53 15 16 0.02288825 
515 324 13 15 0.022821268 
333 362 11 14 0.022791771 
535 283 10 13 0.022763634 
908 6 23 27 0.022720957 
358 163 12 14 0.022695852 
637 329 13 17 0.02264437 
288 273 26 33 0.02263324 
473 309 23 28 0.022628203 
907 343 30 33 0.022567544 
530 179 14 20 0.022541547 
810 111 15 19 0.022371352 
486 95 11 13 0.022370487 
963 79 45 59 0.022341788 
454 112 20 25 0.022317784 
258 230 15 22 0.02231647 
62 323 8 11 0.02209553 
595 117 13 17 0.022033475 
433 240 10 12 0.021809464 
381 284 10 14 0.02178667 
407 108 15 21 0.021761775 
469 255 27 34 0.021754514 
390 129 14 15 0.021733329 
558 308 11 15 0.021729914 
556 235 26 36 0.021640498 
400 112 21 29 0.02147162 
655 24 22 27 0.02143195 
916 164 16 22 0.02142635 
391 260 10 13 0.021418534 
345 346 21 27 0.0212567 
843 342 13 16 0.021236906 
623 342 12 14 0.021205872 
355 354 13 15 0.02118838 
949 111 8 11 0.021132383 
967 92 10 13 0.021102948 
525 148 12 15 0.021100555 
939 186 15 19 0.021073742 
343 281 12 14 0.021025812 
700 143 11 13 0.020860119 
696 310 55 64 0.020816773 
923 27 14 19 0.020804023 
766 38 27 33 0.020673553 
464 100 23 28 0.020671595 
823 175 35 50 0.02064869 
925 141 15 19 0.020613667 
294 301 10 12 0.020607188 
437 241 12 15 0.020586364 
889 59 14 18 0.020441247 
335 277 14 15 0.020409832 
807 41 15 18 0.020404084 
323 207 16 21 0.020395193 
475 331 15 17 0.020380277 
560 304 9 12 0.02030457 
810 7 30 36 0.020300258 
864 73 24 30 0.020292645 
390 121 23 28 0.020273345 
904 359 23 27 0.020253723 
916 151 16 20 0.020159494 
888 306 57 67 0.020159122 
74 318 12 14 0.02013884 
621 51 13 16 0.02010975 
710 288 12 13 0.020033399 
311 209 22 27 0.020032637 
