10_People_Marching_People_Marching_2_823
42
362 194 198 263 0.9996444 
797 448 25 28 0.8638381 
948 492 21 29 0.83074385 
233 415 23 31 0.63269234 
990 461 14 18 0.22826183 
898 483 14 17 0.09694176 
878 464 13 16 0.07820864 
965 460 13 16 0.065054566 
215 486 27 34 0.05956858 
944 454 25 28 0.049312234 
402 1184 14 19 0.04623932 
208 411 25 26 0.04415436 
740 471 17 20 0.043882586 
154 942 320 457 0.0403177 
841 509 12 15 0.039394367 
220 409 16 21 0.036588937 
350 1129 37 46 0.036565453 
0 454 32 48 0.035120405 
845 451 16 19 0.03317642 
228 410 16 21 0.032686565 
951 493 51 75 0.031245977 
81 445 14 19 0.03047721 
364 761 11 14 0.030315813 
218 414 30 31 0.028693931 
1013 455 11 19 0.028640559 
274 1083 126 156 0.02832112 
613 774 386 496 0.028039178 
707 471 25 29 0.02753064 
954 473 16 24 0.027029349 
647 446 26 28 0.026899295 
894 467 12 15 0.026579954 
788 453 38 44 0.02632944 
949 483 18 24 0.025674148 
674 915 211 274 0.025364343 
958 460 21 26 0.023521287 
328 1123 55 71 0.022815842 
381 745 11 14 0.022496603 
406 785 12 18 0.022496518 
687 461 15 18 0.02210826 
879 458 22 25 0.021320105 
215 392 23 30 0.021235973 
969 464 16 19 0.020605583 
