10_People_Marching_People_Marching_2_678
121
723 273 25 30 0.99213916 
448 295 23 28 0.9913908 
350 277 25 30 0.98983616 
841 304 23 27 0.9695328 
306 292 21 25 0.9644641 
116 334 14 19 0.9399052 
216 296 24 27 0.8968696 
63 253 12 15 0.8904495 
885 292 21 26 0.8634784 
20 317 12 18 0.84743977 
786 305 20 24 0.83998686 
251 286 31 35 0.8267437 
622 295 19 22 0.69787896 
827 352 16 18 0.48213816 
38 317 13 18 0.47344315 
760 322 14 19 0.45128778 
138 395 11 14 0.39252827 
901 207 12 16 0.32091153 
58 326 10 13 0.3158351 
432 282 14 17 0.21160424 
947 210 10 13 0.20741221 
912 330 12 15 0.19244103 
67 366 12 17 0.18894798 
87 334 10 13 0.18621036 
174 339 13 16 0.18470298 
564 330 10 13 0.18104863 
204 344 15 19 0.18098636 
164 317 13 17 0.17531545 
554 359 15 18 0.17006963 
304 270 11 13 0.13582934 
81 334 9 11 0.13504064 
164 410 13 16 0.13489664 
102 349 11 15 0.12722234 
189 316 10 13 0.11947946 
205 420 11 16 0.105867594 
111 299 11 14 0.09493443 
717 326 13 16 0.0880089 
67 351 11 14 0.08334774 
204 298 11 14 0.08159564 
514 302 19 23 0.08139277 
29 317 13 17 0.07787696 
165 311 12 14 0.07640234 
805 311 12 17 0.07507267 
876 352 9 12 0.070652306 
590 315 12 15 0.07059996 
91 333 12 15 0.06851393 
739 405 12 14 0.06361724 
82 350 9 13 0.060866747 
206 277 10 12 0.057284646 
187 405 13 16 0.057208512 
122 392 12 19 0.055433813 
867 316 13 16 0.054561116 
679 416 9 11 0.054131113 
420 424 10 11 0.051787883 
789 494 12 15 0.047504835 
231 284 12 14 0.04666345 
81 384 16 23 0.044885617 
777 267 11 14 0.044525392 
476 354 14 16 0.044421777 
125 378 12 16 0.043376006 
104 252 16 19 0.041656096 
182 408 12 16 0.040425684 
103 278 11 14 0.04034269 
172 411 11 14 0.03982054 
710 286 12 15 0.038890038 
465 271 9 11 0.037014183 
794 254 9 11 0.035486396 
156 337 12 16 0.034822743 
95 348 14 16 0.03420814 
207 283 11 13 0.032027896 
472 252 13 16 0.030661613 
70 270 12 15 0.030584725 
49 302 9 11 0.03034577 
758 275 11 14 0.02953506 
890 286 14 20 0.02904652 
380 306 15 18 0.028330969 
200 295 9 12 0.028050117 
519 420 14 16 0.027970795 
79 354 11 15 0.027720418 
799 422 10 12 0.027600726 
799 293 11 13 0.027038854 
105 300 10 13 0.026581496 
844 181 13 14 0.026364876 
820 321 17 19 0.026275108 
147 373 12 16 0.026180144 
75 362 13 18 0.0260292 
469 270 9 12 0.025914459 
454 418 13 15 0.024674047 
591 342 10 11 0.024374964 
475 172 13 17 0.024197526 
171 318 10 14 0.024107315 
173 324 11 15 0.024013031 
888 349 10 12 0.023890732 
869 322 13 16 0.023725986 
84 376 24 28 0.023406742 
111 325 11 15 0.023402695 
645 451 12 15 0.023339273 
766 255 10 11 0.022905959 
792 272 9 11 0.022700468 
195 406 10 14 0.022508899 
469 198 21 28 0.022356972 
477 291 11 16 0.02225648 
418 315 20 28 0.022119956 
257 301 19 21 0.022108866 
274 332 16 19 0.022031358 
68 366 22 28 0.021980226 
789 466 15 18 0.021812446 
169 339 11 15 0.021691186 
81 339 11 14 0.021674035 
129 357 9 12 0.021665812 
108 278 10 12 0.021479916 
885 326 11 15 0.021423303 
511 466 13 15 0.021399641 
796 306 20 26 0.02130028 
100 377 17 20 0.020941762 
468 276 12 16 0.020816471 
107 384 21 25 0.020619806 
348 258 27 34 0.02053592 
857 156 10 13 0.020419043 
51 276 12 16 0.02018323 
79 330 9 11 0.02000613 
