10_People_Marching_People_Marching_2_269
120
769 238 25 33 0.99902856 
66 218 14 18 0.64413416 
654 192 9 11 0.14117177 
201 221 10 12 0.13029182 
253 249 12 16 0.12603076 
789 223 13 15 0.11742793 
88 268 13 17 0.10057621 
592 -26 422 479 0.095101275 
247 207 10 12 0.08838613 
622 232 12 16 0.08806769 
751 196 9 12 0.073261335 
862 179 9 12 0.0591939 
744 212 9 12 0.057471864 
494 204 8 10 0.05602371 
758 179 11 14 0.05484272 
722 183 10 12 0.05447979 
824 455 45 36 0.051775426 
748 191 10 13 0.051476873 
941 180 10 13 0.051219385 
7 221 8 11 0.04915376 
84 269 21 36 0.04770495 
616 232 12 17 0.046765268 
669 286 12 14 0.04434687 
752 180 9 12 0.041779857 
742 228 11 15 0.041281104 
874 200 8 10 0.040841784 
151 18 442 472 0.03923622 
94 198 12 15 0.037064657 
235 296 14 20 0.03642901 
773 189 11 14 0.036426473 
755 198 10 13 0.036037035 
197 319 10 13 0.034269966 
762 357 23 31 0.033797167 
840 213 13 17 0.03334975 
418 231 9 11 0.033190455 
666 207 8 9 0.032524128 
600 243 10 12 0.032119304 
341 196 8 11 0.031807058 
191 223 9 11 0.031785093 
812 216 10 12 0.031713326 
769 165 9 11 0.031240877 
742 315 14 16 0.031030502 
222 199 9 11 0.03100535 
577 213 8 12 0.030656822 
605 198 9 12 0.03026998 
672 200 8 10 0.030003974 
665 189 8 10 0.029837528 
119 197 11 13 0.029702704 
686 191 9 12 0.02957299 
724 185 11 14 0.029457685 
694 183 8 10 0.029225389 
478 205 9 12 0.029020416 
945 190 9 12 0.028579464 
663 147 10 12 0.02850339 
616 284 12 16 0.028010232 
966 188 11 15 0.027361918 
193 229 7 9 0.027031748 
666 184 7 9 0.026915401 
745 194 10 13 0.026888939 
0 243 10 19 0.026368689 
948 299 11 14 0.026271995 
330 -42 516 536 0.025392238 
543 193 7 8 0.025185654 
57 213 11 13 0.025125068 
266 191 8 11 0.025007283 
725 198 10 12 0.024944475 
438 238 8 10 0.024836209 
919 173 8 10 0.024819637 
752 203 10 13 0.024761098 
614 191 8 11 0.024727378 
608 192 9 11 0.024580128 
473 208 8 10 0.024411937 
544 245 10 12 0.024354989 
244 299 12 17 0.024243947 
780 190 11 14 0.02388557 
957 243 10 11 0.023882365 
490 205 8 10 0.023725208 
730 305 15 17 0.02362437 
965 293 11 13 0.02353747 
583 236 9 11 0.023488281 
397 376 11 14 0.023376469 
671 268 8 11 0.023182774 
570 197 8 10 0.02303412 
696 196 10 13 0.02303234 
48 230 10 13 0.023003032 
77 281 23 33 0.022940427 
423 217 7 9 0.022658918 
721 299 27 28 0.022654224 
670 189 8 10 0.022508496 
607 222 8 11 0.022367498 
174 236 9 12 0.022361124 
682 207 7 9 0.022319548 
122 235 11 14 0.02226091 
727 214 12 14 0.022014 
650 114 10 14 0.021929856 
858 175 10 12 0.021888323 
186 215 8 10 0.021869568 
231 207 9 11 0.021755816 
337 198 9 10 0.021662295 
606 150 8 11 0.021645965 
266 197 9 13 0.021614598 
687 269 14 19 0.0215407 
942 242 10 12 0.02150006 
887 197 11 14 0.021329803 
152 229 8 11 0.02108799 
729 285 13 16 0.020966657 
652 220 15 18 0.020938186 
98 239 9 12 0.020873563 
847 177 7 9 0.020735618 
488 215 8 10 0.02066325 
101 235 10 14 0.020574493 
494 190 8 10 0.020543043 
2 271 30 45 0.020478936 
960 386 16 18 0.020465594 
44 220 10 12 0.020445755 
203 215 13 15 0.020320442 
249 197 10 13 0.020312456 
669 204 9 11 0.020311385 
125 230 9 12 0.020176612 
560 206 8 10 0.020158825 
