10_People_Marching_People_Marching_2_191
94
515 316 17 27 0.98699343 
746 325 21 26 0.9741566 
338 307 15 24 0.9713661 
660 322 20 23 0.9546927 
454 321 15 24 0.95411414 
849 317 22 25 0.9512906 
243 310 18 24 0.94556636 
387 321 16 19 0.90635556 
379 239 14 19 0.89059764 
82 293 16 22 0.8830478 
187 314 18 20 0.7881673 
329 237 15 19 0.7828344 
97 315 16 21 0.6372205 
969 345 21 28 0.6275208 
17 298 23 23 0.5272396 
568 340 11 15 0.4897626 
253 291 18 23 0.45526025 
317 301 14 19 0.44324094 
791 471 18 31 0.3850799 
823 318 21 29 0.33415312 
138 306 14 18 0.31622902 
82 287 38 49 0.28991756 
195 311 16 21 0.2581927 
833 320 20 27 0.17833242 
366 314 13 18 0.14090742 
959 481 15 20 0.13515164 
9 289 22 29 0.12553987 
244 299 21 27 0.11509539 
180 318 18 21 0.11398115 
796 478 23 27 0.09557788 
299 315 16 18 0.0785626 
940 451 11 14 0.07299615 
485 329 14 19 0.06580864 
322 301 17 25 0.05780456 
976 348 28 32 0.04736327 
957 133 9 12 0.044201005 
809 473 22 30 0.043967072 
640 311 21 33 0.042736 
592 336 8 10 0.042689294 
231 308 12 17 0.04137091 
899 376 13 18 0.04111928 
669 468 12 14 0.040978383 
516 499 28 40 0.039620712 
57 389 14 18 0.038122635 
464 492 30 28 0.036997475 
999 475 20 26 0.035269845 
499 330 13 18 0.03505988 
819 477 15 23 0.034345847 
461 446 41 46 0.033181865 
724 377 12 15 0.032957856 
247 413 14 15 0.032920882 
387 311 16 22 0.032903403 
666 363 27 31 0.0320193 
939 455 14 20 0.030898584 
88 302 22 29 0.030299578 
883 519 17 23 0.029692812 
68 291 15 24 0.029640323 
175 322 16 20 0.029386874 
880 331 12 17 0.027736528 
931 519 11 15 0.027665172 
480 322 15 19 0.027205965 
494 331 12 16 0.027104018 
837 316 36 42 0.027031267 
800 485 29 31 0.027007941 
334 349 40 52 0.026909694 
1009 473 15 27 0.026434558 
527 489 25 37 0.026151877 
181 309 17 21 0.026080573 
883 112 8 11 0.02573527 
678 369 14 19 0.025359396 
739 314 16 19 0.025201732 
694 371 14 19 0.024672858 
993 460 27 33 0.024454366 
771 491 13 16 0.024263913 
231 325 12 16 0.024249727 
317 311 15 20 0.023823837 
843 322 19 27 0.023742246 
359 306 14 21 0.023129934 
516 351 30 44 0.022779107 
372 317 14 20 0.022449424 
460 538 47 47 0.022240482 
265 297 13 16 0.022140848 
809 303 27 38 0.022101486 
220 358 12 14 0.02178077 
457 464 42 46 0.021688454 
631 363 11 14 0.021569025 
124 299 12 16 0.02155448 
561 340 12 15 0.020884411 
-52 184 414 563 0.020517983 
480 317 12 15 0.020403577 
146 305 14 19 0.020331023 
19 309 17 20 0.020320153 
270 321 14 18 0.020171644 
961 477 23 32 0.020110482 
