10_People_Marching_People_Marching_10_People_Marching_People_Marching_10_People_Marching_People_Marching_10_716
60
506 293 62 74 0.9987264 
2 438 34 40 0.9982331 
328 348 51 64 0.99760085 
74 440 37 44 0.9974801 
765 264 78 96 0.99474996 
120 418 41 43 0.9931613 
196 409 45 50 0.95828617 
931 457 31 33 0.9251454 
652 522 23 26 0.7799283 
70 250 29 37 0.26599 
179 548 33 42 0.19174124 
68 515 45 58 0.12104187 
691 540 15 19 0.093382165 
425 320 45 60 0.07648391 
567 555 31 47 0.07436711 
886 528 11 14 0.05652929 
681 628 15 17 0.056212105 
129 562 27 33 0.054947793 
679 527 12 15 0.051091984 
935 581 27 30 0.04640949 
451 452 99 117 0.04202181 
327 213 11 15 0.04155904 
130 393 24 27 0.039895702 
85 427 42 54 0.039314225 
139 569 28 28 0.038761813 
377 108 10 14 0.03822619 
343 143 10 14 0.037583265 
673 531 24 28 0.03728468 
726 525 26 35 0.036807444 
130 1 14 13 0.03647528 
160 272 9 11 0.03417323 
891 542 26 30 0.033192553 
743 444 113 124 0.032313175 
663 528 19 20 0.026643952 
59 533 33 42 0.026420595 
35 292 10 13 0.026189758 
701 517 50 61 0.026081342 
56 397 29 38 0.02522307 
921 437 46 59 0.024680134 
697 481 113 127 0.024654511 
660 506 13 15 0.02448176 
67 549 16 19 0.023913566 
277 537 38 45 0.023609236 
737 531 17 22 0.023449888 
789 437 75 64 0.02247051 
24 243 12 16 0.022269316 
698 571 18 23 0.021649191 
723 512 49 62 0.021542322 
873 209 129 149 0.021237766 
646 523 19 21 0.020880347 
9 279 11 13 0.02086148 
29 522 47 64 0.02082096 
303 141 10 13 0.02081786 
896 395 88 114 0.020597015 
665 520 57 57 0.020495564 
63 407 46 59 0.020371081 
417 469 97 114 0.020297524 
181 148 10 13 0.020238388 
651 503 28 37 0.020145984 
234 442 27 37 0.020001868 
