10_People_Marching_People_Marching_2_27
77
575 190 34 44 0.98709434 
704 204 31 36 0.9859679 
363 183 27 36 0.9793171 
833 227 29 37 0.9792971 
861 206 25 31 0.97629493 
432 184 29 41 0.9735117 
18 188 25 33 0.9707728 
913 266 35 46 0.9660162 
37 205 28 35 0.95549166 
789 229 26 34 0.95378935 
914 213 29 37 0.941483 
537 198 32 39 0.90338236 
264 195 25 29 0.9029348 
647 183 23 32 0.89743716 
303 182 36 39 0.88566893 
127 198 26 31 0.824396 
212 204 20 27 0.8196196 
484 195 22 27 0.7504941 
519 195 21 31 0.7090324 
609 210 31 39 0.5909545 
124 203 16 24 0.37406534 
762 237 15 20 0.25616795 
467 143 14 17 0.2228898 
805 298 54 70 0.213565 
210 191 17 20 0.18309668 
646 203 37 48 0.16662875 
192 42 53 64 0.15897974 
0 188 16 32 0.13345729 
881 333 43 62 0.085080676 
989 211 15 22 0.074063785 
567 15 9 13 0.06705175 
353 156 14 18 0.0662418 
268 189 14 18 0.06327854 
159 179 22 30 0.05647516 
881 179 25 29 0.050581936 
302 187 16 20 0.049926464 
779 209 15 20 0.046835124 
974 208 12 16 0.041303243 
29 0 44 45 0.036461823 
657 220 17 22 0.03553723 
537 185 25 31 0.034637153 
991 205 12 16 0.033660036 
9 194 23 36 0.033570006 
702 186 29 37 0.02799169 
983 202 25 35 0.02782136 
259 68 335 466 0.027019167 
0 202 22 37 0.027013088 
572 146 10 13 0.02615608 
857 178 17 20 0.024833387 
347 180 13 18 0.024759077 
764 227 34 46 0.024029912 
779 214 26 31 0.023899687 
319 186 20 25 0.023882192 
165 191 26 32 0.023749236 
982 210 12 17 0.023480551 
342 133 28 38 0.023232656 
18 192 37 54 0.023067815 
473 139 15 20 0.022832226 
340 202 23 30 0.02279412 
756 237 25 30 0.02275016 
561 193 29 38 0.022327678 
465 64 23 28 0.022283157 
317 190 31 36 0.022144692 
559 31 11 14 0.022128347 
890 220 22 28 0.022095619 
643 199 25 35 0.02156407 
209 208 14 20 0.021526389 
89 143 9 12 0.02134501 
-1 395 6 11 0.021304507 
140 293 33 45 0.021012627 
969 202 24 29 0.020838644 
538 179 18 19 0.020503653 
204 66 15 18 0.020254273 
465 143 26 33 0.020180566 
82 434 127 165 0.020156354 
707 193 19 22 0.020125022 
0 206 12 23 0.020055935 
