10_People_Marching_People_Marching_2_236
40
463 158 31 41 0.89282066 
917 125 12 15 0.48033512 
801 130 20 24 0.4265859 
474 117 15 18 0.4157401 
559 147 43 61 0.3967102 
36 123 12 15 0.32143006 
871 130 12 15 0.27114382 
0 123 9 14 0.19328615 
709 126 14 17 0.12488677 
553 127 11 14 0.110245965 
974 125 13 15 0.0865907 
928 171 25 38 0.08480939 
603 113 17 18 0.08119559 
469 110 14 19 0.050380196 
140 136 41 57 0.041745164 
898 190 26 34 0.038715772 
703 121 16 18 0.0360114 
544 144 39 58 0.035246857 
478 120 18 20 0.03522756 
715 287 408 567 0.03365774 
701 117 12 15 0.033598673 
730 129 15 18 0.033541944 
569 127 50 67 0.03245323 
285 228 15 19 0.031666383 
831 119 11 14 0.031343058 
282 278 30 35 0.030680194 
292 220 14 20 0.024787283 
378 260 436 431 0.024528332 
725 127 13 15 0.024043676 
463 112 13 20 0.023663735 
864 130 14 18 0.02314589 
675 210 46 59 0.022559773 
549 127 19 23 0.022366658 
909 127 14 18 0.022041647 
473 375 216 239 0.021901105 
791 122 23 33 0.021802768 
312 214 8 11 0.021635791 
823 123 12 15 0.020975167 
912 177 30 39 0.020763341 
600 113 27 31 0.020424256 
