10_People_Marching_People_Marching_2_171
246
456 77 22 27 0.9743747 
306 437 22 28 0.96460587 
113 126 22 29 0.9610422 
748 274 20 28 0.9532625 
977 265 22 28 0.9511579 
307 358 22 26 0.95005 
840 99 19 27 0.9444248 
324 299 18 22 0.9408142 
13 632 21 26 0.93805724 
267 492 18 27 0.93571395 
346 115 18 22 0.93176734 
215 431 22 29 0.9235936 
572 71 18 25 0.9208041 
419 494 18 27 0.92045337 
66 363 18 23 0.91974765 
248 105 16 21 0.9194604 
671 91 21 26 0.9151583 
559 580 21 29 0.899208 
200 364 20 25 0.8855782 
31 432 23 27 0.88412213 
5 143 18 22 0.8782174 
722 341 24 30 0.86642534 
453 534 19 26 0.83386713 
442 428 19 22 0.80266863 
469 356 18 21 0.78770006 
193 306 18 22 0.74541974 
392 360 17 20 0.68012834 
225 586 15 20 0.67386585 
769 72 21 28 0.655447 
564 427 22 26 0.6521585 
103 547 19 23 0.6377801 
122 440 21 28 0.54804623 
609 385 20 29 0.49834704 
100 659 18 21 0.40280265 
17 173 25 32 0.3984979 
340 616 20 28 0.3299994 
227 163 12 16 0.31720895 
179 377 16 19 0.3133853 
193 458 17 22 0.31142205 
443 294 13 16 0.27133667 
487 437 24 29 0.26497632 
421 155 12 16 0.20510963 
282 375 17 21 0.19172202 
48 458 12 14 0.16361482 
662 371 20 27 0.14840738 
555 354 16 21 0.13389733 
361 283 23 33 0.12003921 
338 342 21 26 0.11834062 
215 553 14 18 0.09102389 
365 481 13 17 0.08911881 
163 325 17 22 0.085676685 
570 276 14 17 0.084284954 
117 584 22 31 0.0819296 
590 255 16 21 0.07814605 
576 373 11 14 0.076181695 
457 300 11 14 0.069554724 
289 433 15 20 0.06792749 
336 347 14 17 0.06764916 
185 518 23 28 0.064358234 
316 161 13 17 0.06393267 
252 435 15 19 0.06147218 
887 301 59 59 0.05908458 
965 281 12 17 0.05765262 
540 598 13 18 0.05750419 
155 166 26 32 0.056821376 
903 330 27 32 0.05633022 
471 329 13 17 0.055963375 
767 64 14 22 0.05509698 
0 467 8 15 0.053789087 
287 452 12 15 0.053595588 
14 475 11 13 0.0530472 
190 351 35 43 0.051231578 
733 293 14 16 0.05072853 
7 571 14 16 0.050103486 
290 377 13 17 0.047996283 
563 368 15 19 0.047376815 
459 470 28 35 0.04585387 
417 331 11 15 0.04558562 
631 390 15 20 0.045249015 
405 496 15 20 0.044753484 
716 320 17 23 0.04472206 
715 325 26 35 0.044651322 
496 377 11 15 0.044615723 
829 395 28 36 0.04415549 
2 524 14 18 0.04321619 
99 590 18 22 0.04308538 
459 294 13 17 0.042977486 
166 429 12 14 0.042879734 
475 166 16 19 0.04234169 
523 509 13 16 0.042175423 
684 385 14 19 0.041889798 
2 492 13 17 0.041494463 
32 167 22 30 0.041224975 
372 190 13 16 0.04117644 
9 579 12 15 0.040693056 
543 329 13 17 0.040103056 
676 160 37 36 0.039057966 
221 320 13 18 0.038641717 
461 340 11 14 0.038452934 
515 578 20 23 0.03833297 
548 155 15 17 0.038323294 
8 453 14 16 0.037663754 
240 444 11 16 0.03721106 
790 116 15 18 0.037172507 
427 369 13 18 0.037102044 
269 447 14 18 0.035962306 
184 307 11 15 0.035466 
173 311 10 12 0.035243344 
164 395 17 20 0.035027005 
272 269 13 18 0.03443214 
287 444 15 17 0.034345213 
244 441 13 17 0.03414776 
380 510 16 19 0.03407091 
668 349 18 21 0.033536702 
27 601 14 17 0.033436626 
37 443 24 28 0.032928884 
149 549 11 15 0.032696337 
3 625 20 29 0.032476895 
111 525 11 12 0.03238192 
215 588 20 26 0.032143805 
131 443 21 26 0.031804014 
643 166 11 14 0.031662628 
556 365 16 20 0.031050514 
670 375 24 30 0.031015186 
81 656 32 29 0.030854162 
439 325 11 14 0.030839693 
119 477 9 13 0.030749502 
186 367 20 27 0.030639723 
358 151 30 32 0.030366478 
340 373 16 21 0.03018064 
401 438 16 21 0.029866835 
378 332 16 18 0.029570937 
808 164 14 17 0.029560791 
308 291 13 18 0.02935724 
432 654 19 23 0.029153395 
106 585 16 22 0.02873838 
103 647 29 32 0.028730055 
236 594 11 15 0.028376259 
970 254 38 47 0.028134955 
402 167 12 15 0.028111283 
111 463 9 13 0.027953155 
533 599 23 29 0.027702643 
354 172 27 31 0.02755494 
182 302 11 14 0.027349235 
750 141 10 14 0.027036827 
213 560 14 19 0.02657371 
134 551 12 17 0.026569294 
142 165 26 33 0.026528185 
455 325 10 13 0.026497245 
171 162 15 21 0.026437066 
42 170 14 21 0.026217414 
482 593 13 20 0.02594043 
346 96 18 21 0.025759583 
623 403 11 15 0.025696898 
398 499 12 15 0.02565249 
261 555 11 14 0.025547331 
751 147 10 14 0.025532953 
161 565 12 15 0.025325153 
158 468 9 12 0.0250832 
580 376 11 14 0.02507899 
861 147 9 12 0.02495393 
339 198 15 21 0.024942297 
112 549 17 21 0.02493164 
131 660 14 17 0.024807366 
456 157 42 47 0.024803627 
95 485 14 16 0.024772115 
304 526 21 28 0.024764426 
478 441 23 30 0.024677113 
340 441 18 22 0.02459295 
390 339 10 13 0.024574641 
878 144 13 18 0.024549395 
596 396 13 19 0.024443537 
743 98 11 16 0.024432493 
185 463 26 33 0.02425362 
444 302 13 18 0.024178686 
246 431 13 16 0.024062375 
731 283 17 21 0.02404929 
206 440 14 20 0.024005663 
665 361 27 32 0.023946935 
434 499 13 18 0.023936683 
460 330 16 19 0.023841053 
153 466 11 13 0.023557777 
499 404 24 29 0.02350407 
190 453 15 19 0.023492983 
216 316 12 17 0.023475565 
147 451 14 18 0.023431605 
455 306 11 13 0.023312889 
548 359 18 24 0.02327928 
68 559 17 23 0.023136523 
201 463 15 20 0.022988668 
336 353 24 28 0.02297129 
380 360 16 23 0.022870235 
449 665 20 19 0.022749687 
70 549 15 19 0.022547683 
302 475 11 14 0.02247498 
975 294 11 15 0.022426708 
605 379 17 25 0.022319052 
276 381 17 21 0.022288669 
289 532 14 17 0.022287412 
242 549 13 16 0.022223568 
181 475 25 31 0.022212261 
419 306 13 17 0.02219566 
110 494 10 12 0.022045312 
365 154 14 16 0.022023555 
790 256 23 28 0.022018684 
402 485 16 20 0.021963479 
517 511 20 26 0.021958657 
416 158 13 18 0.021909617 
0 627 13 23 0.0217966 
212 414 28 34 0.02178263 
529 617 25 39 0.021780781 
398 332 14 16 0.021756709 
449 504 16 19 0.0216331 
182 329 13 17 0.02162296 
269 550 12 16 0.021348769 
447 532 15 23 0.021326205 
311 333 11 16 0.021315474 
1 621 37 53 0.021282718 
256 556 11 14 0.021163465 
842 134 8 11 0.021150734 
174 316 10 13 0.02112891 
468 259 23 31 0.02112474 
252 466 11 15 0.021115983 
201 311 16 19 0.021032285 
846 133 9 12 0.02091387 
140 448 14 19 0.020886617 
339 435 15 17 0.020798534 
174 372 15 19 0.02074589 
125 664 16 16 0.020730492 
541 338 14 19 0.02070482 
168 427 26 32 0.02066852 
674 272 30 39 0.020667175 
360 182 25 28 0.02065858 
251 497 16 21 0.020613395 
670 125 46 48 0.020609308 
869 188 14 21 0.02059122 
466 335 16 18 0.020485587 
112 475 10 15 0.020428 
257 434 20 27 0.020425063 
390 528 57 58 0.020335272 
109 532 14 17 0.020131834 
520 109 11 15 0.020104278 
595 385 23 29 0.020100541 
270 123 12 15 0.020083284 
571 365 15 19 0.020079358 
182 318 10 13 0.020022782 
