10_People_Marching_People_Marching_10_People_Marching_People_Marching_10_People_Marching_People_Marching_10_1024
258
3 1689 55 65 0.9986486 
367 1895 71 82 0.9981724 
954 1929 57 63 0.9971607 
729 1852 49 59 0.99579877 
211 1966 77 91 0.9954882 
401 1789 54 61 0.9952335 
516 1847 38 46 0.9938433 
612 1987 76 83 0.99315155 
885 1688 33 40 0.9920288 
914 1787 48 54 0.99155784 
461 1044 30 36 0.98993134 
596 1764 31 37 0.9898218 
797 1786 41 46 0.98805827 
664 1806 34 40 0.9851386 
860 1781 40 46 0.98125666 
174 1745 46 53 0.98044246 
612 1829 43 50 0.9757823 
490 1719 32 41 0.97531825 
344 1750 34 49 0.96233624 
580 1898 43 51 0.9591272 
548 1775 30 37 0.95544386 
907 1078 38 45 0.9551836 
269 1747 39 47 0.94516355 
281 1048 21 29 0.93447447 
451 1830 34 41 0.92774886 
222 1752 27 40 0.91216743 
78 1708 46 51 0.91185635 
763 1742 37 42 0.88120824 
206 1054 26 31 0.87746274 
987 1760 38 45 0.84197026 
995 1092 25 35 0.7549047 
860 1727 34 36 0.69981766 
709 1078 27 37 0.67288446 
127 1708 37 45 0.65678984 
792 202 32 42 0.6479379 
229 1720 29 37 0.641216 
475 1042 26 33 0.506138 
178 358 13 15 0.48122954 
573 1042 22 26 0.4219645 
633 1755 30 33 0.3988779 
446 365 13 19 0.3984199 
65 295 19 23 0.39247584 
677 1753 16 19 0.38711822 
214 359 14 16 0.29338557 
470 1772 26 30 0.27314532 
667 1018 14 19 0.23478867 
918 69 98 120 0.22174542 
172 1058 18 22 0.1892971 
252 1049 14 18 0.17860152 
700 1762 17 20 0.17737712 
396 332 26 33 0.17073503 
504 966 34 44 0.15208802 
644 2082 127 123 0.13816786 
849 1068 21 26 0.13457386 
329 1050 14 18 0.1285603 
489 1042 20 26 0.12359796 
806 972 21 27 0.11315063 
685 1008 19 21 0.09712832 
702 344 19 20 0.09246589 
945 1092 21 28 0.08506968 
711 1073 19 24 0.08391842 
770 1032 29 33 0.08312376 
611 1803 25 33 0.08266979 
428 1806 47 59 0.07866602 
509 1796 28 31 0.078218944 
519 363 11 14 0.07567136 
411 1058 29 33 0.07420397 
37 334 19 29 0.0740805 
119 1026 14 19 0.06882667 
974 1194 22 28 0.06759039 
671 1730 22 25 0.06562584 
764 813 40 54 0.06549255 
477 366 15 17 0.062125053 
779 1883 39 53 0.06102735 
766 1035 45 55 0.058815658 
205 1751 35 43 0.052329633 
439 390 11 14 0.05167058 
99 1026 29 32 0.050925367 
87 1035 42 51 0.050588835 
590 357 12 15 0.048443485 
967 1094 21 31 0.04759076 
958 1095 21 28 0.04688097 
159 364 13 17 0.046306495 
690 301 15 17 0.045187704 
641 1004 28 34 0.044797394 
234 995 27 30 0.04472384 
589 361 16 20 0.043945517 
244 1048 24 31 0.04389388 
242 1004 28 31 0.043046936 
244 354 14 17 0.04299982 
903 970 25 32 0.04252734 
298 1044 23 32 0.041944586 
607 1059 15 17 0.040268652 
101 358 14 19 0.039977856 
688 1755 21 25 0.039248396 
654 1008 23 31 0.03918628 
640 1674 26 34 0.03879912 
798 1059 14 21 0.038738728 
697 1007 15 22 0.03858897 
675 1011 20 23 0.038014058 
552 368 25 32 0.037758105 
691 1060 12 16 0.037434984 
558 355 13 16 0.037168153 
263 938 34 47 0.03698562 
925 2121 14 18 0.036890548 
691 1044 16 20 0.03664188 
436 952 31 32 0.036440603 
197 379 12 14 0.035773147 
618 357 28 34 0.03577297 
493 1038 14 18 0.035621636 
81 1690 35 48 0.03497501 
779 1042 26 34 0.03457095 
727 1052 14 16 0.0345592 
673 1783 19 24 0.034465164 
132 997 10 12 0.03434446 
232 1758 31 40 0.034111388 
563 372 15 19 0.032654162 
58 357 15 16 0.032616287 
430 1771 47 57 0.032388065 
246 363 13 16 0.032262962 
434 351 21 26 0.03196099 
81 1053 28 40 0.031945784 
763 1750 20 24 0.031901207 
567 1252 14 18 0.03187607 
552 1033 26 35 0.031654496 
848 1073 30 36 0.03164611 
210 1720 33 40 0.031444896 
311 1040 22 29 0.03133673 
298 310 44 48 0.031183336 
711 985 24 31 0.0308583 
710 903 11 16 0.03082903 
321 1745 25 33 0.030490465 
451 358 13 20 0.030471222 
358 1740 28 39 0.030398602 
109 1003 13 17 0.030206274 
977 1092 24 33 0.030111711 
669 1016 22 27 0.029562134 
627 369 17 21 0.029562045 
366 1734 22 27 0.02942582 
906 402 19 26 0.029096156 
147 396 11 15 0.02908739 
940 1087 17 25 0.029030213 
771 1146 40 52 0.02855177 
321 326 27 39 0.028465498 
412 355 14 20 0.02843901 
416 1836 50 67 0.028384035 
238 346 17 20 0.028350318 
842 1052 24 29 0.028258754 
533 365 12 15 0.028139997 
249 1463 80 103 0.027970826 
807 788 50 61 0.02778513 
767 1718 29 37 0.027732097 
702 1257 29 41 0.02767786 
3 1945 14 16 0.027634455 
948 1085 15 19 0.027558701 
593 367 17 21 0.027345184 
736 1817 31 38 0.027178988 
145 1037 15 17 0.02703356 
212 349 15 20 0.026979243 
702 1787 23 29 0.026957957 
838 1042 23 28 0.026921298 
208 1871 124 148 0.026566263 
352 1010 17 20 0.026557669 
653 1045 14 20 0.0265563 
229 985 22 28 0.026516842 
791 1049 24 35 0.026280452 
152 1623 29 38 0.026252054 
48 344 20 27 0.026231429 
869 379 12 17 0.0262092 
23 332 25 33 0.0261393 
954 1091 17 21 0.026056657 
143 359 21 25 0.025965381 
649 1290 40 45 0.02593599 
425 2401 67 66 0.02584753 
884 1672 29 37 0.025656378 
2 712 32 48 0.025618557 
368 921 22 30 0.025541106 
670 1242 13 15 0.025411548 
896 963 24 29 0.025214283 
212 364 18 21 0.025185667 
36 1017 23 27 0.025166694 
900 344 13 20 0.024911731 
251 353 14 19 0.024909515 
686 1052 21 28 0.024847401 
687 1063 12 16 0.024707466 
866 1713 16 18 0.024694476 
315 1291 14 18 0.024451232 
615 1814 32 44 0.024383722 
907 1795 32 40 0.024363423 
845 1041 11 14 0.024278928 
454 1758 41 52 0.024262626 
247 1027 24 32 0.024189757 
339 978 44 56 0.02413913 
81 1678 31 38 0.024090122 
555 1210 23 36 0.02407194 
246 370 15 18 0.023977898 
963 1192 45 60 0.023964321 
21 337 38 47 0.023739735 
724 1864 33 38 0.023667462 
402 349 17 21 0.023608055 
249 1725 19 25 0.023606602 
55 359 22 26 0.02357844 
813 1755 24 31 0.023504784 
917 1727 37 47 0.02347955 
788 1060 15 21 0.023454027 
977 1666 40 55 0.02328217 
676 378 12 17 0.023172034 
208 522 29 31 0.02297513 
583 1046 17 21 0.02285676 
714 995 29 36 0.022709807 
894 980 31 37 0.022700723 
164 357 14 19 0.022643512 
705 1759 22 27 0.022637464 
787 801 51 60 0.022628589 
234 1717 18 21 0.022593 
708 1015 26 31 0.022544378 
206 354 15 18 0.02245633 
668 1092 28 31 0.022264333 
490 1737 26 36 0.022204444 
743 239 27 32 0.02218983 
559 1045 28 32 0.022172745 
737 1775 18 21 0.021944458 
181 1051 24 31 0.021925 
425 2270 20 27 0.021907045 
799 968 21 27 0.02173464 
514 976 19 25 0.021673637 
654 1272 27 38 0.02161135 
635 362 14 19 0.021515483 
659 1869 40 52 0.021442583 
133 1686 34 49 0.02143892 
180 372 14 17 0.02142637 
717 981 13 18 0.021396182 
853 357 22 27 0.021381453 
189 374 14 18 0.02135502 
680 1758 23 30 0.021335352 
188 357 12 15 0.021248572 
36 342 38 48 0.021229353 
772 771 91 104 0.021197917 
980 1385 18 21 0.02112327 
746 818 36 50 0.021078708 
669 1757 16 21 0.021039026 
478 971 49 58 0.020929605 
399 1048 29 33 0.02088328 
661 371 23 29 0.020832824 
323 1035 23 27 0.020774178 
194 361 16 18 0.020727223 
610 991 25 33 0.020659212 
982 1077 36 55 0.020648854 
911 976 26 35 0.02061867 
709 1734 17 22 0.020368991 
560 1820 21 32 0.020325918 
463 347 12 15 0.02031863 
671 1749 17 19 0.020281978 
330 934 17 21 0.02027979 
553 1761 28 33 0.020184971 
693 345 16 21 0.020165697 
301 1746 24 36 0.020111391 
859 1734 21 23 0.02003291 
