10_People_Marching_People_Marching_2_316
17
32 7 200 212 0.9943116 
874 4 68 94 0.120667376 
639 6 202 197 0.06536581 
844 11 57 75 0.058855783 
5 384 217 277 0.043955002 
909 -1 62 51 0.03749446 
840 19 40 49 0.035958167 
318 470 115 135 0.034572702 
352 482 56 73 0.033518516 
-17 -80 348 367 0.031315662 
350 105 458 431 0.027337149 
941 435 65 101 0.023775041 
0 271 42 70 0.022461921 
339 93 234 222 0.021987665 
407 73 104 130 0.02158764 
162 31 425 399 0.020786026 
271 54 213 203 0.020084256 
