10_People_Marching_People_Marching_10_People_Marching_People_Marching_10_848
49
759 129 55 72 0.99682695 
643 165 45 58 0.9959221 
480 154 44 60 0.99578804 
130 184 34 45 0.9954418 
243 214 36 45 0.9915241 
364 198 41 51 0.97923833 
988 192 37 55 0.9636997 
723 179 35 46 0.6980013 
584 199 26 41 0.4773206 
823 132 34 43 0.15714327 
108 241 16 19 0.14774178 
581 207 41 51 0.1147067 
531 112 31 38 0.10594617 
894 403 15 19 0.08010207 
286 505 25 31 0.073327534 
717 114 33 42 0.06454503 
7 231 29 39 0.057988092 
101 243 16 19 0.05160632 
253 433 9 11 0.04733475 
332 271 42 59 0.04579596 
609 403 23 31 0.041172434 
704 52 32 48 0.03585674 
675 467 13 16 0.03556613 
288 512 15 19 0.035278924 
311 526 32 40 0.034104526 
529 104 27 29 0.033215467 
158 534 14 17 0.03245571 
718 57 28 39 0.030046837 
735 185 20 25 0.029483603 
20 239 17 22 0.02844677 
0 131 31 57 0.026876112 
548 464 15 20 0.026517639 
698 159 42 53 0.026358869 
706 138 40 50 0.026157634 
293 517 15 20 0.025702547 
351 491 52 59 0.02567184 
732 65 15 21 0.025110995 
524 100 15 18 0.02412521 
102 242 27 32 0.023125662 
607 441 32 40 0.022433523 
248 434 11 12 0.022313299 
564 392 26 32 0.021956047 
54 3 35 36 0.021880528 
459 358 34 57 0.021872262 
732 180 17 22 0.021157213 
518 146 34 40 0.021139253 
902 85 35 44 0.020829746 
532 451 11 12 0.020378869 
285 85 26 36 0.020230306 
