10_People_Marching_People_Marching_2_34
937
715 702 23 30 0.9978516 
624 718 34 44 0.9974916 
525 710 30 40 0.98663855 
589 688 24 32 0.98168373 
403 720 18 25 0.9780952 
835 669 22 28 0.9741832 
995 721 29 45 0.9736539 
670 708 22 30 0.9727774 
85 733 22 30 0.93260473 
102 682 14 20 0.93232745 
397 657 17 21 0.9264988 
864 722 28 35 0.92587173 
759 747 31 28 0.91445416 
342 643 12 16 0.89649534 
167 634 11 15 0.8477481 
512 687 19 30 0.84695333 
448 686 13 16 0.797183 
455 636 13 17 0.7893123 
304 715 20 26 0.7730433 
39 684 14 18 0.7557797 
370 642 11 15 0.7397471 
62 635 13 17 0.6982359 
620 627 12 15 0.6549216 
423 691 13 17 0.64988524 
175 748 29 27 0.58753014 
174 691 14 16 0.56627494 
715 658 13 18 0.5582571 
306 625 13 15 0.5549092 
702 681 16 19 0.49581483 
811 640 13 16 0.49036995 
97 555 11 15 0.48211437 
244 638 12 16 0.48058277 
79 598 11 13 0.46073496 
360 547 11 14 0.42267182 
463 592 9 12 0.4124731 
663 668 14 17 0.41114727 
507 638 11 14 0.39286518 
191 560 11 13 0.37385333 
67 559 11 14 0.35544896 
218 670 12 17 0.35147348 
615 665 10 14 0.32604402 
103 645 14 17 0.313838 
311 642 13 17 0.29946828 
734 581 10 13 0.278636 
70 563 11 13 0.26911905 
1001 655 11 17 0.2571611 
93 620 10 12 0.25480172 
249 581 9 12 0.24067105 
47 530 11 15 0.23616257 
746 551 9 11 0.23026723 
341 574 9 11 0.22978899 
764 590 9 11 0.22894798 
899 562 11 15 0.22862674 
821 609 12 17 0.22501974 
664 610 12 15 0.21064842 
629 605 11 13 0.20441945 
784 547 9 12 0.20213453 
604 623 9 12 0.19920765 
903 315 13 15 0.1945512 
301 588 8 11 0.19222033 
173 713 15 23 0.19108908 
146 623 10 12 0.18608929 
664 532 9 12 0.18353845 
277 584 8 10 0.18330538 
752 610 11 13 0.18059716 
295 567 9 11 0.17885529 
752 575 10 12 0.16749133 
376 582 8 11 0.1600513 
656 508 9 11 0.15904546 
895 628 14 18 0.15727742 
941 597 13 17 0.15611772 
341 606 9 12 0.15438838 
321 565 8 12 0.14963107 
524 581 10 13 0.14342478 
262 670 11 13 0.14016385 
838 612 12 15 0.13665698 
657 576 8 10 0.13492247 
33 551 8 11 0.13488099 
492 643 11 14 0.12848583 
950 664 14 20 0.12653588 
379 560 7 10 0.12649426 
849 520 9 10 0.12506984 
446 589 10 12 0.12274399 
36 649 13 16 0.1210645 
319 662 10 12 0.12068019 
552 623 10 13 0.12067762 
705 605 9 13 0.120028816 
914 523 7 10 0.11947297 
985 589 10 13 0.11860021 
224 612 10 13 0.1164391 
969 651 14 18 0.116106026 
565 565 10 12 0.11191168 
437 629 9 12 0.1110299 
779 658 16 19 0.10401305 
559 586 10 13 0.10285761 
277 627 10 11 0.102473445 
590 476 8 11 0.10155785 
810 588 8 11 0.09979824 
206 551 9 11 0.09952176 
631 611 10 13 0.09831004 
177 622 8 11 0.09675481 
487 599 9 11 0.095535435 
813 588 10 13 0.094887964 
802 567 8 10 0.09459909 
725 611 10 14 0.09421845 
9 547 11 14 0.09410941 
383 672 15 18 0.09318272 
494 465 9 11 0.09149035 
991 604 14 16 0.09097809 
673 520 8 10 0.09094695 
725 628 10 14 0.09059974 
246 563 9 12 0.08973445 
12 620 9 12 0.08944906 
341 590 9 12 0.08918811 
127 606 8 10 0.089012936 
638 666 12 16 0.087322466 
315 687 14 22 0.08695122 
935 517 8 10 0.08630847 
620 574 11 13 0.08498547 
672 328 9 11 0.084407665 
229 595 9 11 0.0828342 
364 565 9 11 0.082755506 
73 604 9 11 0.08255771 
29 620 11 13 0.08248115 
101 605 9 12 0.08230501 
553 573 7 9 0.08145863 
402 424 9 11 0.081354246 
1008 586 12 16 0.08124261 
227 677 14 17 0.08071281 
927 649 22 38 0.08070472 
704 589 10 12 0.08029123 
422 437 11 14 0.07979367 
349 624 9 11 0.079543345 
734 604 10 13 0.07937251 
230 659 14 18 0.07905208 
912 544 9 12 0.07847819 
257 648 16 21 0.078371994 
330 729 21 24 0.07687989 
80 632 10 12 0.0764141 
843 480 7 9 0.07622425 
581 607 11 13 0.07583169 
562 670 15 17 0.07565366 
294 603 9 12 0.0754449 
141 682 13 17 0.07510068 
316 638 12 17 0.074802145 
79 463 7 9 0.073506095 
567 589 8 10 0.0730276 
727 606 10 13 0.07296534 
854 632 14 17 0.07252511 
302 681 12 16 0.07149527 
790 518 10 13 0.07126126 
535 598 9 12 0.071095645 
519 644 11 14 0.07050083 
522 454 7 9 0.07021898 
957 567 10 13 0.06927784 
430 547 9 11 0.06909526 
724 621 12 16 0.067726366 
781 584 8 10 0.06771013 
620 580 13 14 0.06657217 
802 721 21 33 0.06561319 
896 570 11 15 0.06542964 
199 527 9 10 0.065137595 
939 605 16 20 0.064772286 
388 667 15 20 0.0643382 
831 563 10 14 0.06404136 
478 628 10 13 0.06389459 
374 415 7 11 0.06356968 
461 527 8 10 0.063022904 
390 698 12 15 0.062171873 
253 644 13 20 0.062048513 
730 465 8 10 0.061962344 
822 670 14 23 0.061401397 
838 495 8 12 0.06080035 
351 607 10 12 0.06053986 
963 596 12 14 0.060291592 
223 684 12 16 0.060218416 
190 571 11 15 0.06011332 
128 455 8 10 0.060073484 
984 653 12 16 0.06000298 
675 449 8 10 0.05980654 
352 675 12 15 0.05946936 
351 533 8 11 0.05936317 
496 598 10 12 0.058922723 
339 720 15 22 0.05888026 
326 648 10 13 0.05769935 
144 628 10 11 0.057666667 
805 606 9 12 0.05764478 
71 501 11 13 0.057101276 
317 469 8 11 0.056694258 
200 615 8 10 0.056594033 
886 478 10 12 0.056575835 
319 612 9 12 0.056551557 
561 564 9 13 0.056451824 
385 638 9 12 0.056427445 
917 519 8 12 0.05622039 
424 619 10 13 0.055594303 
685 550 8 11 0.055451844 
64 449 7 9 0.055443287 
624 603 9 12 0.055087093 
79 645 10 13 0.054823473 
157 438 7 10 0.054625817 
921 581 10 12 0.054461066 
622 509 9 12 0.05443536 
928 533 12 15 0.05440042 
21 526 8 10 0.05437082 
805 511 10 13 0.054367345 
995 706 27 39 0.05436428 
966 589 11 14 0.054213855 
694 680 17 20 0.053790435 
266 712 15 24 0.05325504 
703 597 11 14 0.053228118 
14 544 8 12 0.052693736 
471 698 14 18 0.052394453 
76 568 8 9 0.052383825 
774 325 9 13 0.05223128 
94 685 15 20 0.051936846 
119 572 8 10 0.051837776 
726 510 10 13 0.05179251 
334 544 8 11 0.051575888 
415 690 14 19 0.0511242 
1006 664 13 16 0.051108792 
137 609 8 9 0.05089128 
621 586 11 13 0.050730873 
735 358 12 15 0.0498192 
747 658 11 15 0.049745787 
226 732 14 19 0.0495079 
353 446 9 12 0.04922807 
340 686 15 18 0.04911582 
879 574 9 12 0.048984244 
184 439 8 11 0.048723772 
535 582 9 11 0.048578348 
935 595 13 17 0.048472665 
960 601 13 16 0.048392683 
879 417 7 9 0.048199885 
308 681 15 20 0.048123773 
468 589 11 14 0.047763623 
462 566 10 12 0.047573373 
503 629 13 16 0.047226712 
3 759 17 17 0.04694577 
408 549 7 10 0.04672241 
63 620 11 13 0.0466954 
221 636 11 14 0.04659518 
914 759 13 15 0.04657848 
934 538 10 14 0.046515394 
198 517 9 11 0.046318173 
775 149 11 14 0.04626311 
942 452 11 13 0.04609904 
644 682 15 17 0.04592834 
616 603 10 13 0.045572404 
655 652 13 15 0.045570057 
245 600 8 10 0.04556399 
328 544 9 11 0.045552794 
940 590 12 14 0.045459148 
965 692 17 22 0.04537333 
908 581 9 11 0.04528081 
142 608 8 11 0.04486742 
771 728 32 42 0.044588152 
561 703 25 33 0.044198237 
784 312 9 12 0.043884423 
382 584 8 11 0.043865636 
358 637 9 12 0.04350472 
505 622 11 13 0.043366916 
942 542 8 11 0.043053214 
821 588 10 13 0.042936347 
1013 533 9 14 0.042664103 
472 583 9 11 0.04259571 
589 581 10 13 0.041942593 
386 589 7 9 0.04175244 
29 556 10 12 0.04157166 
856 565 9 11 0.041504685 
120 667 10 13 0.04127595 
69 430 9 12 0.041246977 
29 589 11 15 0.041178394 
766 359 9 11 0.041142445 
109 515 10 13 0.04108745 
389 638 10 12 0.04101939 
424 580 8 10 0.04088471 
459 631 11 15 0.04081002 
69 615 10 13 0.04080208 
688 615 9 11 0.0407891 
303 349 10 13 0.04064887 
8 447 9 12 0.04042392 
256 424 8 11 0.040343612 
218 504 8 11 0.0403327 
180 455 9 11 0.04031759 
940 646 16 22 0.040276375 
357 631 11 13 0.03998182 
775 521 7 8 0.03985659 
930 516 9 11 0.039780572 
874 517 8 10 0.039732184 
394 526 8 10 0.039583176 
444 584 10 12 0.039486047 
463 572 8 11 0.039398473 
1012 499 10 14 0.039329633 
655 621 9 13 0.03930408 
449 637 12 15 0.03904711 
258 595 8 11 0.039044693 
800 516 10 12 0.039039105 
504 453 8 10 0.038996257 
591 643 8 11 0.03895318 
650 456 7 9 0.03873643 
405 598 9 11 0.03873589 
975 573 7 10 0.038557388 
609 492 8 10 0.038396135 
-1 557 8 13 0.03835475 
749 586 11 15 0.03827186 
166 715 16 21 0.038235568 
641 441 7 9 0.038222894 
905 413 8 11 0.03820869 
905 454 7 9 0.037983295 
876 622 10 11 0.03780933 
274 623 9 12 0.037646357 
855 621 12 15 0.03746516 
659 562 11 15 0.037463214 
786 316 8 10 0.037429277 
548 692 15 18 0.037404753 
578 611 9 13 0.037293177 
990 628 11 14 0.03727826 
800 572 8 9 0.037178308 
223 494 8 10 0.037148207 
638 580 9 12 0.037130393 
542 565 10 12 0.037091404 
815 572 8 11 0.037080184 
151 468 7 10 0.036956336 
382 622 10 12 0.036921475 
326 631 11 13 0.036845066 
508 400 9 11 0.0368003 
525 319 10 12 0.03672418 
261 592 9 11 0.03665559 
285 486 9 10 0.036593877 
653 708 23 30 0.036533426 
141 652 13 15 0.03643126 
488 603 9 12 0.036254134 
829 671 17 23 0.036171746 
629 689 24 30 0.036164176 
302 389 10 13 0.03607438 
312 719 21 27 0.035898823 
456 607 8 11 0.035784233 
55 575 9 12 0.035783112 
616 622 13 16 0.0357724 
766 651 13 19 0.03575865 
260 658 14 18 0.03571515 
760 527 8 9 0.035701625 
875 626 12 17 0.035683386 
786 536 8 10 0.035543956 
719 576 8 11 0.035445936 
862 649 12 16 0.035429385 
929 566 7 10 0.035283096 
661 505 9 11 0.03526795 
826 467 9 13 0.035265785 
935 439 9 11 0.03522493 
925 603 11 15 0.03513887 
70 507 11 13 0.035096116 
863 481 8 9 0.035080317 
97 644 11 16 0.03499899 
482 597 8 11 0.034970894 
377 622 8 10 0.03491606 
524 699 25 31 0.034864265 
414 376 8 11 0.034831394 
839 584 8 11 0.034782924 
26 558 8 11 0.034742735 
989 598 13 15 0.03470481 
969 572 8 11 0.03450257 
1007 621 13 17 0.034485307 
459 581 7 10 0.034421418 
454 545 8 10 0.03439866 
717 43 11 13 0.034360208 
582 536 9 10 0.034337126 
729 600 9 11 0.034197636 
493 651 13 14 0.0341385 
258 715 19 26 0.03411424 
365 709 11 14 0.034112222 
136 447 9 11 0.034099374 
536 565 11 12 0.033954445 
342 580 10 12 0.033918586 
983 636 10 13 0.03380394 
581 541 9 11 0.033756383 
17 573 9 11 0.033714768 
679 481 8 9 0.033629075 
559 598 9 11 0.03354826 
720 534 9 12 0.033344373 
206 628 13 15 0.033300176 
921 612 10 14 0.03324294 
324 722 19 24 0.033184923 
203 582 9 11 0.03309374 
136 511 8 10 0.032986447 
418 532 9 12 0.03297466 
900 622 14 17 0.032970313 
244 643 14 20 0.032916404 
686 599 8 11 0.03289933 
280 566 10 12 0.03287549 
288 567 8 11 0.03286469 
606 110 14 16 0.03283352 
808 729 25 30 0.032810416 
755 580 11 13 0.032798998 
455 731 23 31 0.03275822 
199 512 9 12 0.032674156 
784 587 8 11 0.0326193 
599 596 9 12 0.03259686 
169 718 22 29 0.032586843 
489 637 10 14 0.032488663 
986 279 9 13 0.03246955 
364 556 12 15 0.032429773 
983 630 11 13 0.032376062 
975 627 11 14 0.03229579 
892 578 12 15 0.03226539 
184 445 8 10 0.032182172 
846 644 13 18 0.032124363 
677 521 7 10 0.032102197 
536 628 8 12 0.032079656 
274 542 8 9 0.032075413 
149 639 12 14 0.032067493 
681 708 17 25 0.032022465 
855 502 8 10 0.03197726 
832 551 8 10 0.03179754 
424 433 10 11 0.03172009 
953 570 11 14 0.0316726 
616 588 11 14 0.03163526 
765 584 10 13 0.031619977 
97 439 7 9 0.03159832 
317 650 12 16 0.03154503 
739 582 11 13 0.031534445 
974 446 8 10 0.03145786 
143 613 9 11 0.03141162 
654 457 7 8 0.031405553 
359 591 10 11 0.03138581 
520 623 9 11 0.031326666 
575 698 25 32 0.031303056 
537 525 9 12 0.031292 
67 640 13 17 0.031153182 
783 713 24 40 0.030970588 
950 588 11 14 0.030933412 
267 487 7 9 0.030909585 
976 517 11 14 0.030848712 
289 621 8 12 0.030798513 
709 628 10 12 0.03078146 
609 662 10 13 0.03065274 
177 710 21 27 0.030613612 
471 701 21 26 0.030586593 
497 591 10 12 0.030571118 
333 500 10 13 0.030536419 
485 630 9 13 0.030518012 
739 437 7 9 0.030488297 
990 618 14 17 0.030367061 
928 528 9 11 0.03036308 
669 304 9 11 0.030326538 
871 588 9 12 0.030249551 
37 573 11 13 0.030208271 
383 628 9 13 0.030047482 
247 586 10 12 0.029941628 
140 668 12 14 0.029937806 
36 517 10 12 0.029886622 
824 510 9 11 0.029822268 
471 550 9 11 0.0297782 
269 614 9 11 0.029687552 
267 668 13 15 0.029645989 
356 652 13 15 0.029614948 
519 650 12 15 0.029555751 
656 614 9 12 0.029521741 
949 703 19 22 0.029461626 
493 520 9 11 0.029453387 
429 621 10 14 0.029450594 
127 462 7 9 0.029443426 
448 612 9 12 0.029390538 
277 398 8 10 0.029303266 
686 605 9 11 0.029261315 
542 476 9 12 0.029246736 
389 619 11 15 0.029187532 
193 534 7 10 0.029173203 
955 648 15 21 0.029150527 
315 377 7 9 0.02914279 
775 663 15 21 0.029111154 
337 567 9 12 0.029060135 
630 700 27 34 0.02903108 
194 527 8 11 0.028976653 
184 606 8 10 0.028960362 
716 647 13 15 0.028938392 
278 541 7 10 0.028861517 
677 567 9 11 0.02884783 
765 559 10 12 0.028817238 
223 632 9 12 0.028750092 
778 744 34 30 0.028742306 
1013 565 10 16 0.02873362 
57 635 12 16 0.028641615 
23 565 9 12 0.028623026 
355 670 13 16 0.028484257 
1006 605 10 14 0.028483022 
150 593 8 10 0.028433787 
358 644 11 15 0.028428052 
82 582 8 11 0.028389953 
630 582 9 12 0.02830159 
803 630 16 19 0.028279407 
848 589 9 12 0.028271638 
275 687 12 19 0.028271442 
869 582 10 13 0.028220423 
87 682 14 19 0.028214572 
192 376 8 9 0.028204998 
855 606 9 12 0.028175946 
118 643 12 16 0.02814832 
358 608 8 10 0.028119529 
416 581 8 9 0.028078407 
24 541 8 11 0.02805002 
567 534 10 14 0.028035648 
592 574 10 13 0.02788922 
586 676 15 17 0.027885893 
528 413 8 10 0.02785714 
733 610 11 14 0.02781998 
743 438 6 8 0.027817555 
174 424 9 11 0.027762596 
968 585 9 11 0.027661618 
910 413 9 11 0.027638517 
324 636 11 13 0.027615793 
522 687 23 30 0.027604794 
85 635 9 13 0.027567293 
515 504 7 10 0.02752126 
336 612 9 12 0.027473237 
478 591 9 11 0.027414918 
575 597 8 10 0.027394582 
25 594 12 17 0.027217783 
142 512 8 11 0.027179115 
441 527 7 9 0.02717822 
727 653 10 14 0.027166938 
388 703 16 22 0.027070416 
551 429 9 11 0.027060965 
390 630 10 12 0.02704944 
829 611 12 16 0.027025327 
115 573 8 10 0.027007231 
201 606 9 11 0.027001003 
888 472 7 10 0.026987117 
433 592 6 9 0.026970893 
799 635 15 18 0.02697007 
591 495 8 11 0.026939014 
329 500 9 12 0.026921164 
473 623 12 14 0.026910175 
336 597 11 13 0.026864463 
696 605 10 13 0.02681905 
638 565 10 13 0.026782839 
383 533 8 11 0.026782436 
575 535 9 12 0.026780192 
616 654 11 14 0.026760887 
955 668 15 21 0.02675086 
205 447 9 11 0.026742512 
298 390 9 11 0.026725551 
470 653 13 16 0.026701523 
721 606 12 15 0.026700329 
262 397 9 11 0.02667271 
738 433 7 8 0.026669936 
553 453 8 10 0.026652444 
819 676 21 27 0.026501507 
544 570 10 13 0.026468746 
762 565 9 11 0.026466874 
185 548 10 13 0.026419055 
343 610 9 12 0.026397 
586 471 9 12 0.026322123 
220 661 15 20 0.02624962 
312 575 7 9 0.02619868 
390 591 8 9 0.026197825 
141 645 12 15 0.026166344 
755 678 12 14 0.026136545 
634 503 8 9 0.026080288 
17 521 8 10 0.026057055 
796 743 25 28 0.026011264 
680 620 9 12 0.025989229 
288 550 9 11 0.025951002 
815 504 9 11 0.025936281 
835 558 11 13 0.02593188 
427 549 7 9 0.025914785 
682 544 8 9 0.025870671 
951 582 11 13 0.02581575 
353 599 8 11 0.0258046 
418 576 7 11 0.025796773 
298 586 8 10 0.025737569 
377 543 8 12 0.025734065 
639 678 23 28 0.025724795 
848 567 8 12 0.025698535 
48 556 7 11 0.025627041 
177 695 14 19 0.025618182 
951 470 10 12 0.025585022 
172 630 12 15 0.025569908 
770 478 8 10 0.02556686 
404 695 16 20 0.025561662 
276 632 12 19 0.025549712 
943 519 9 12 0.025497947 
769 574 8 10 0.025450202 
437 634 12 14 0.025432836 
621 568 11 13 0.025408266 
224 544 7 11 0.025395375 
690 581 7 10 0.025388408 
732 654 10 14 0.025386212 
896 625 23 29 0.025378736 
1007 611 12 17 0.025330586 
536 696 25 30 0.025325619 
777 544 8 11 0.025305433 
125 600 10 13 0.025280599 
159 492 9 11 0.025274973 
376 587 8 11 0.0252659 
743 622 8 11 0.025250718 
788 541 10 13 0.025216978 
16 568 9 11 0.025168959 
970 446 8 10 0.025135549 
534 429 8 10 0.025134575 
705 572 8 11 0.025104145 
744 614 8 11 0.02508628 
129 544 8 10 0.025066197 
677 326 9 12 0.025039835 
950 400 8 10 0.025034865 
873 574 9 12 0.02499181 
681 485 6 9 0.02492893 
152 548 8 10 0.024885336 
926 550 9 12 0.024880655 
709 610 10 14 0.024838112 
590 588 8 12 0.024820603 
713 527 9 12 0.024791861 
952 512 8 9 0.024784109 
325 560 8 12 0.024781218 
311 661 11 14 0.024772298 
451 548 7 10 0.024759363 
263 465 7 8 0.024752691 
199 620 10 12 0.024737785 
671 523 10 13 0.0246832 
347 534 8 10 0.024664186 
405 428 8 11 0.024623234 
534 591 10 12 0.02461511 
849 729 34 36 0.024582911 
215 551 8 11 0.02458062 
192 690 11 15 0.0245633 
612 658 17 23 0.024538577 
630 587 9 13 0.024509756 
677 451 8 11 0.024494005 
632 471 6 9 0.024461681 
624 517 9 12 0.024449171 
78 470 8 10 0.024435112 
426 685 16 20 0.024426674 
695 568 7 9 0.024424208 
741 714 15 19 0.024410482 
33 685 13 17 0.02438364 
629 519 9 12 0.024354082 
926 617 13 17 0.024352431 
312 413 10 13 0.024350855 
464 660 11 15 0.024322651 
289 373 8 10 0.024291757 
416 380 8 11 0.024286509 
573 499 10 12 0.024277836 
220 641 14 18 0.024275338 
725 557 12 14 0.02427462 
23 534 9 12 0.024254221 
823 517 10 12 0.024254208 
477 633 12 15 0.024251591 
303 473 7 9 0.02424787 
591 464 6 9 0.024225678 
773 722 13 19 0.024215024 
86 646 9 13 0.024205301 
743 532 8 12 0.024190925 
619 650 14 16 0.024176883 
353 589 8 11 0.024154764 
851 641 15 19 0.024061643 
655 424 7 9 0.024060326 
549 436 9 11 0.024042225 
421 420 9 11 0.024041547 
224 457 6 8 0.024015605 
337 644 11 15 0.024015289 
350 559 9 12 0.024014484 
919 511 8 10 0.02401416 
241 605 9 11 0.023992736 
711 400 9 11 0.023952067 
545 431 9 12 0.023917112 
168 454 8 10 0.023874214 
240 631 11 14 0.023873994 
285 714 14 18 0.023768404 
343 550 9 11 0.023756748 
892 589 12 16 0.023752151 
534 572 11 14 0.023731142 
648 614 10 12 0.023717292 
482 659 21 29 0.023712168 
937 583 9 12 0.023689747 
820 729 22 29 0.02368714 
774 525 9 11 0.023656761 
208 707 10 13 0.023651376 
95 659 10 14 0.02362697 
1011 667 12 16 0.023623375 
192 644 9 12 0.02357375 
856 485 8 10 0.023571763 
679 557 9 10 0.023550576 
267 675 12 16 0.023527052 
573 592 8 11 0.023469104 
252 722 16 20 0.023447737 
973 588 9 13 0.02344694 
67 631 12 15 0.023420764 
689 456 7 8 0.02340788 
511 581 8 11 0.02337928 
162 635 11 15 0.023379091 
727 297 12 15 0.023290677 
209 376 7 9 0.023290012 
189 606 9 12 0.023283323 
416 597 8 11 0.023273133 
950 623 10 12 0.023270942 
845 605 11 15 0.023262784 
870 557 9 11 0.023259187 
122 552 7 10 0.023256296 
774 628 10 13 0.02324133 
7 526 8 10 0.02320299 
834 499 9 12 0.023159765 
363 544 12 14 0.023138452 
560 606 9 12 0.023112858 
768 542 8 10 0.023108942 
800 628 12 15 0.023093179 
743 567 8 11 0.023084346 
564 584 9 13 0.023074793 
521 575 10 13 0.023060724 
990 539 15 18 0.023060057 
10 616 9 11 0.023042096 
136 613 8 11 0.02304015 
649 620 10 13 0.023036119 
221 651 14 18 0.023032103 
538 503 8 10 0.023025557 
134 452 8 12 0.02302359 
877 518 8 10 0.022967834 
274 760 19 18 0.02296756 
95 485 9 11 0.022948576 
664 489 8 9 0.022947224 
967 400 7 10 0.022919081 
558 552 9 11 0.022910068 
418 439 9 11 0.022908831 
612 488 9 12 0.022903197 
0 668 7 13 0.022900233 
847 572 10 12 0.022891866 
638 590 9 11 0.022867912 
586 463 7 9 0.022860222 
485 660 11 18 0.022857906 
964 261 41 52 0.022856424 
1001 659 21 27 0.022837646 
367 749 12 15 0.022835989 
199 431 9 12 0.022819197 
870 604 11 15 0.022816868 
89 557 8 11 0.022815634 
681 605 8 11 0.022800613 
72 573 9 11 0.022780662 
609 478 8 10 0.022767758 
326 613 9 11 0.022740277 
974 582 9 12 0.022726176 
493 603 10 12 0.022708463 
461 582 10 13 0.022693845 
343 471 10 13 0.022680184 
287 481 8 11 0.022670954 
1005 641 14 18 0.022658229 
359 623 9 11 0.022654392 
886 579 12 16 0.022650143 
168 469 7 10 0.022648474 
854 511 8 11 0.02264064 
856 612 11 16 0.022639008 
806 533 8 10 0.022604926 
152 607 9 11 0.022599857 
876 699 16 18 0.022594001 
553 589 10 12 0.022589939 
881 462 7 9 0.022569064 
318 360 9 11 0.022562474 
349 638 11 14 0.022554813 
668 663 12 15 0.022548681 
926 574 10 12 0.022520691 
740 605 10 12 0.022511803 
424 398 9 12 0.022482393 
42 646 12 15 0.022481592 
674 480 7 8 0.022462059 
760 543 7 9 0.022450313 
698 541 8 10 0.02244776 
655 668 15 18 0.022395836 
688 324 9 12 0.02238879 
127 589 10 12 0.022380011 
823 526 10 12 0.022379233 
627 376 8 11 0.022378245 
265 614 9 12 0.022350006 
785 470 7 8 0.0223421 
399 560 7 9 0.022334266 
252 500 11 15 0.022318974 
890 678 14 18 0.022304518 
494 630 12 16 0.022290755 
346 684 16 19 0.022283081 
472 613 11 12 0.0222685 
64 534 9 11 0.022266569 
802 757 17 16 0.022225766 
394 559 7 9 0.022206914 
320 584 7 10 0.02220248 
306 642 12 16 0.022186251 
589 501 9 10 0.02218428 
80 592 10 13 0.022173498 
446 629 10 13 0.022170179 
880 729 16 21 0.022145905 
647 493 9 11 0.022133779 
770 535 8 10 0.02213255 
375 576 10 13 0.022110494 
560 612 9 11 0.022087837 
503 450 7 9 0.022086892 
119 592 8 11 0.02207337 
696 591 9 11 0.022064593 
193 623 9 11 0.022063449 
640 495 9 11 0.022055661 
526 627 11 13 0.022054426 
235 677 13 17 0.02204252 
779 670 15 19 0.02204007 
560 646 11 15 0.02202348 
566 613 8 11 0.02200425 
934 608 14 18 0.022000141 
654 627 10 14 0.021995278 
78 614 10 12 0.021968396 
292 626 12 17 0.021966208 
147 464 7 10 0.02191258 
583 601 8 10 0.02189674 
275 666 12 15 0.021879666 
912 397 9 11 0.021863692 
240 614 9 11 0.021846903 
318 537 8 10 0.021830853 
685 619 10 12 0.021828415 
345 627 10 12 0.021822454 
568 596 9 11 0.021818642 
542 583 7 10 0.021808403 
55 549 9 13 0.021801205 
254 444 8 10 0.021776207 
775 575 9 11 0.021772925 
953 476 8 12 0.021771796 
957 470 11 13 0.02176881 
885 574 10 13 0.021711411 
894 415 8 9 0.021709923 
762 648 23 32 0.021645576 
335 622 9 11 0.021640124 
709 597 9 12 0.021591637 
126 558 8 10 0.02157904 
447 476 8 11 0.021567043 
73 301 8 10 0.02153252 
777 548 9 11 0.02153128 
321 683 14 19 0.021522181 
767 612 10 12 0.02151736 
895 509 7 10 0.021483311 
454 660 11 15 0.02146616 
749 554 10 13 0.021456819 
452 505 12 15 0.021454467 
816 606 12 15 0.021439942 
686 545 7 10 0.021431718 
30 564 10 13 0.021411527 
825 567 9 11 0.02140992 
955 592 21 26 0.021328036 
335 676 13 16 0.021256218 
601 616 7 10 0.021255719 
332 698 17 20 0.021253506 
287 626 12 16 0.021240916 
789 614 10 15 0.02123396 
647 520 8 11 0.021220224 
231 551 7 9 0.021192728 
437 493 10 12 0.02115431 
623 611 12 15 0.021145543 
735 565 8 11 0.021112492 
529 599 9 11 0.021112004 
919 550 9 11 0.02108055 
410 376 9 10 0.021068748 
429 615 9 12 0.021065231 
551 694 22 26 0.021063063 
576 554 12 15 0.02104422 
338 687 24 28 0.021035526 
646 701 24 29 0.021022927 
384 690 21 24 0.021019991 
53 655 10 14 0.02094269 
360 471 10 12 0.020933537 
877 596 11 15 0.02093154 
350 564 9 12 0.020929726 
640 445 8 11 0.020925911 
860 565 10 12 0.020922428 
469 596 9 12 0.020918129 
790 470 7 9 0.020888584 
662 617 12 16 0.02088564 
557 502 9 12 0.02087391 
207 493 7 10 0.020868737 
566 629 10 12 0.020861695 
95 590 9 11 0.020860434 
824 572 8 12 0.020850476 
398 622 9 11 0.020830618 
1010 496 9 13 0.02082963 
390 696 20 24 0.020825123 
773 596 9 12 0.020817274 
798 725 15 26 0.020812256 
888 627 13 17 0.020801978 
957 581 10 13 0.020789247 
352 384 8 10 0.020779075 
28 600 12 16 0.020767638 
562 699 17 20 0.02076607 
241 399 8 10 0.020753069 
312 606 9 12 0.020748943 
602 627 8 12 0.020730376 
71 579 8 12 0.020704402 
319 541 8 10 0.020697063 
458 590 9 12 0.0206618 
677 658 12 15 0.020646807 
353 541 9 11 0.020641005 
558 574 7 10 0.02062884 
723 658 13 17 0.020628357 
711 574 9 11 0.020600324 
552 607 7 9 0.020593442 
430 582 8 10 0.020567568 
205 527 9 10 0.020566419 
222 567 10 12 0.020536773 
85 590 9 12 0.020532295 
410 582 7 9 0.020520438 
239 416 7 9 0.02051556 
847 582 11 14 0.020504465 
569 669 15 17 0.020478442 
933 650 14 22 0.020472733 
106 461 7 10 0.02046586 
640 422 9 11 0.020458462 
327 589 9 12 0.020455223 
781 382 8 10 0.020449575 
361 573 9 11 0.020447692 
184 557 13 14 0.020431949 
753 683 17 20 0.020428086 
479 467 8 11 0.020423863 
85 603 9 12 0.020422371 
367 632 11 13 0.020419938 
26 551 8 11 0.020337813 
583 623 9 11 0.020337654 
151 511 8 10 0.020305403 
520 605 11 13 0.020272568 
5 699 15 18 0.020264003 
999 662 13 18 0.020250207 
827 430 8 10 0.020220624 
887 526 10 12 0.020206744 
429 674 13 16 0.020206489 
275 588 7 10 0.020192398 
262 680 13 18 0.02018629 
799 486 9 13 0.020182192 
1007 595 11 15 0.020162163 
201 436 8 11 0.020149978 
785 653 15 19 0.0201383 
693 614 8 12 0.020136474 
697 688 21 28 0.02012679 
345 715 14 21 0.020113813 
151 613 10 12 0.020080587 
666 365 30 39 0.020062037 
444 660 12 15 0.020029636 
625 524 10 13 0.0200031 
616 545 8 9 0.020001747 
