10_People_Marching_People_Marching_2_259
323
561 462 17 20 0.96383494 
326 249 14 18 0.9637482 
533 415 13 16 0.8999812 
329 210 10 13 0.89351165 
485 158 10 13 0.87591857 
283 471 15 19 0.86423457 
337 472 15 19 0.8560128 
747 414 14 17 0.84573954 
166 461 16 19 0.83997554 
625 205 9 12 0.8332066 
206 409 14 17 0.8186084 
611 363 15 19 0.806044 
449 468 16 20 0.80498105 
226 463 16 19 0.73826945 
803 407 13 17 0.73740405 
364 204 9 12 0.7301829 
687 413 14 17 0.67920846 
883 463 16 20 0.6553076 
567 172 10 13 0.6315474 
52 364 14 19 0.6255936 
629 257 12 15 0.622387 
558 286 11 14 0.6059674 
941 412 14 19 0.5943835 
281 205 10 12 0.593784 
397 366 13 17 0.58931786 
506 464 15 19 0.58731186 
395 460 16 20 0.5776664 
895 401 11 16 0.5657003 
447 284 14 19 0.53412694 
147 403 15 20 0.5289685 
683 362 13 16 0.5177052 
347 362 13 16 0.5124193 
785 461 15 19 0.5057499 
706 219 9 13 0.49673566 
665 206 10 14 0.4885717 
473 406 16 20 0.48638406 
619 467 14 19 0.4821994 
711 276 13 17 0.4804106 
835 468 14 18 0.47319636 
444 173 10 13 0.42934188 
523 174 10 12 0.42060703 
493 474 10 14 0.41705725 
364 276 14 19 0.4127914 
761 197 10 13 0.37264627 
368 408 14 18 0.36973682 
296 363 11 15 0.36878273 
402 173 9 12 0.3087446 
495 364 13 16 0.28386745 
587 413 13 16 0.2808642 
678 460 14 20 0.27046764 
431 265 11 14 0.2667362 
556 356 12 15 0.25141758 
533 256 10 12 0.24599789 
640 425 10 13 0.23965436 
734 464 14 18 0.23255756 
262 405 15 18 0.23154049 
314 409 13 16 0.23054224 
420 282 12 16 0.2210021 
109 477 15 17 0.21466717 
428 195 11 15 0.20640326 
342 313 13 15 0.20114772 
211 467 13 17 0.19824657 
419 404 16 20 0.19704635 
592 323 11 14 0.18758084 
500 290 11 14 0.18111888 
637 411 12 14 0.17510831 
623 449 14 18 0.16998781 
565 195 17 20 0.1609174 
232 365 13 17 0.13772507 
207 204 10 12 0.13534072 
443 352 15 20 0.1351893 
500 357 13 16 0.13385703 
314 381 12 14 0.13323817 
759 201 12 17 0.1323253 
573 444 11 13 0.13192165 
91 457 17 23 0.1278973 
253 382 11 14 0.1257295 
177 370 12 15 0.123487554 
469 324 12 17 0.11521573 
679 454 13 17 0.112293385 
612 274 12 15 0.11111337 
892 390 13 18 0.10053716 
803 354 15 20 0.093399554 
852 400 16 20 0.0912031 
458 421 13 16 0.09005018 
267 270 16 25 0.08666407 
919 362 13 18 0.086066276 
589 196 11 15 0.08324973 
457 343 11 14 0.08151818 
607 285 11 15 0.0786047 
414 387 11 14 0.07835987 
786 451 14 16 0.07659627 
628 341 11 14 0.07649225 
556 197 15 18 0.07589085 
274 261 25 31 0.07560168 
431 374 10 12 0.073082656 
672 418 12 14 0.07248714 
686 406 12 16 0.07196248 
607 276 12 15 0.07169379 
920 371 11 15 0.071347415 
312 375 11 14 0.070507236 
514 294 10 13 0.06958936 
800 266 12 14 0.06834585 
446 278 12 16 0.067928754 
516 340 10 14 0.06724876 
484 383 11 14 0.06628554 
643 412 12 14 0.06564794 
283 317 11 14 0.06394027 
613 461 15 19 0.06021811 
116 319 14 18 0.056172024 
859 314 13 17 0.054995496 
227 350 23 28 0.052756242 
166 229 10 14 0.052470706 
519 430 11 15 0.052454315 
743 348 14 17 0.051817562 
665 282 11 15 0.051554013 
339 461 15 17 0.05135229 
511 181 10 13 0.050636142 
352 292 9 12 0.049951125 
909 361 10 14 0.049209896 
205 399 14 16 0.048802473 
609 341 10 13 0.04830544 
639 324 10 13 0.048065465 
807 349 24 27 0.047769096 
475 266 16 19 0.047475882 
176 358 10 13 0.047122695 
773 412 16 18 0.045187593 
493 341 9 11 0.044093806 
935 381 11 15 0.04352969 
575 282 11 13 0.04340452 
267 340 14 19 0.042393755 
446 272 10 12 0.04199785 
797 228 10 12 0.041133624 
695 485 12 15 0.041091703 
154 392 15 18 0.040391415 
767 211 11 13 0.040370297 
267 398 13 16 0.039005715 
228 454 14 19 0.038862832 
373 391 16 19 0.038840845 
820 475 10 13 0.03842762 
638 317 10 13 0.038163044 
732 454 13 16 0.038034502 
790 244 12 16 0.038026605 
320 282 11 15 0.037946545 
158 466 12 15 0.03727587 
694 340 10 14 0.03694122 
251 389 16 21 0.03647 
568 420 11 13 0.03631887 
466 311 8 10 0.036149777 
582 325 10 13 0.03601991 
470 194 13 18 0.035361983 
518 179 11 13 0.035317753 
392 369 13 17 0.03527568 
447 344 20 25 0.03520824 
695 478 11 13 0.035150167 
288 300 8 12 0.034900855 
436 267 11 14 0.034670923 
572 191 13 17 0.03415932 
912 388 9 13 0.0336258 
439 485 11 14 0.03347684 
589 425 12 14 0.03338694 
256 403 14 18 0.033375733 
760 380 10 13 0.03295679 
878 355 11 14 0.032927 
473 494 9 12 0.03273133 
484 310 10 12 0.03257285 
541 380 10 14 0.03240352 
624 306 10 16 0.032202113 
558 431 9 13 0.032132037 
552 436 11 14 0.032119513 
128 336 11 14 0.031987052 
285 375 10 13 0.03191609 
333 381 12 16 0.03188467 
602 407 9 11 0.031681903 
281 380 11 15 0.03129562 
552 362 10 14 0.030742688 
789 381 12 16 0.030672174 
441 277 10 14 0.03065879 
486 328 9 12 0.030538836 
858 296 8 11 0.030525962 
460 460 11 14 0.030392904 
481 163 10 12 0.030369833 
732 428 12 15 0.03022193 
192 390 11 13 0.030220736 
406 283 12 17 0.029777432 
489 472 10 13 0.029753985 
282 462 17 22 0.029633041 
884 454 14 18 0.029481865 
806 469 10 13 0.029436668 
850 382 10 13 0.029356414 
469 318 10 13 0.02912093 
528 397 9 12 0.028947905 
596 226 13 15 0.028897896 
462 454 10 14 0.028822448 
503 352 10 13 0.028596487 
221 385 11 14 0.02856958 
887 398 14 19 0.028539961 
598 387 11 15 0.02847464 
731 414 12 15 0.028456341 
814 256 9 12 0.028128041 
316 398 12 15 0.027560929 
527 315 9 12 0.0274834 
477 203 11 13 0.02745546 
518 312 9 11 0.027422486 
830 349 10 13 0.027292611 
620 277 9 13 0.027229516 
197 395 11 14 0.027205521 
165 239 14 20 0.027005833 
733 437 11 14 0.026971892 
909 379 10 14 0.02693729 
932 438 10 13 0.026759343 
931 387 13 16 0.026587518 
837 390 9 12 0.026466917 
492 478 13 18 0.026204323 
589 203 11 15 0.026118686 
671 452 12 15 0.026009351 
249 386 13 17 0.025963858 
708 324 10 12 0.025950016 
432 368 10 13 0.025696892 
430 380 11 15 0.025660614 
752 204 12 18 0.02561043 
916 390 10 11 0.025555072 
118 453 10 13 0.025332926 
634 253 12 16 0.025331337 
632 359 9 12 0.025211457 
583 426 11 14 0.025211452 
341 301 12 15 0.025140736 
399 360 11 14 0.025082558 
525 178 10 12 0.025008919 
614 470 14 18 0.024993293 
349 301 11 14 0.024847643 
120 283 12 16 0.024803564 
712 407 9 11 0.024763493 
435 474 13 17 0.024587516 
92 469 14 19 0.024575843 
732 420 11 15 0.02430659 
790 420 10 13 0.024284277 
206 462 14 19 0.02420083 
608 422 10 13 0.024144322 
692 406 12 16 0.024130564 
614 453 12 15 0.024106568 
806 485 11 14 0.02392182 
856 394 15 18 0.023895849 
774 285 11 15 0.023823587 
623 440 9 11 0.023810761 
901 470 14 17 0.023800405 
430 356 11 14 0.02376081 
772 213 9 12 0.023702037 
359 282 12 15 0.023639118 
789 266 12 15 0.023533812 
390 454 14 17 0.023532681 
199 411 12 15 0.023450911 
846 294 9 11 0.02336712 
470 399 14 17 0.023326967 
648 283 9 13 0.023297142 
702 403 10 12 0.023263644 
901 426 12 17 0.023242662 
277 251 28 30 0.023232553 
524 519 11 13 0.023097074 
259 390 13 16 0.023066143 
728 453 12 14 0.023021337 
608 444 9 13 0.02296146 
512 419 12 14 0.022864183 
1013 475 10 15 0.02280389 
426 374 9 12 0.022749847 
585 211 9 12 0.022634506 
276 404 12 16 0.022555359 
506 204 14 18 0.022553429 
554 421 9 11 0.022472536 
857 478 9 11 0.022447394 
701 302 10 11 0.022326495 
634 419 19 22 0.022273231 
105 475 13 16 0.022228505 
653 285 8 11 0.022190595 
425 261 12 15 0.022189489 
111 461 13 16 0.022175075 
153 469 11 13 0.022171251 
482 333 8 11 0.022144591 
216 381 14 16 0.02210237 
823 414 10 13 0.021982737 
644 261 13 16 0.021968296 
583 191 12 15 0.021960746 
640 277 11 15 0.021945452 
781 384 13 18 0.021897858 
571 252 11 17 0.02188926 
464 382 11 15 0.021731615 
566 427 11 14 0.021688301 
143 397 14 20 0.021658426 
401 179 9 12 0.021611663 
843 474 11 14 0.021594 
597 412 11 14 0.021584397 
853 337 14 18 0.021561792 
271 476 11 15 0.021398665 
278 395 12 15 0.021333525 
847 384 24 32 0.0213283 
518 354 11 15 0.02130545 
420 388 11 14 0.021305423 
591 308 13 16 0.021270955 
620 454 18 25 0.021229088 
671 465 14 18 0.021064507 
632 427 11 14 0.021024302 
660 445 11 14 0.020987306 
860 299 10 13 0.020921461 
805 261 12 14 0.020880677 
607 359 13 16 0.020774873 
630 227 13 16 0.020744037 
685 301 10 12 0.020740911 
516 300 10 11 0.020684209 
898 386 14 17 0.020631561 
311 467 12 14 0.020621322 
537 375 8 12 0.020611394 
544 363 10 13 0.020571453 
278 387 12 15 0.020555113 
641 269 10 13 0.020502329 
296 414 11 14 0.02048494 
596 420 11 15 0.02047244 
660 464 14 18 0.020470304 
927 380 11 14 0.0203769 
701 380 9 12 0.02021684 
577 326 10 13 0.020190446 
659 452 12 17 0.020146636 
447 344 10 12 0.020050274 
796 251 11 13 0.020046491 
