10_People_Marching_People_Marching_2_40
241
767 208 37 32 0.99667966 
401 157 29 34 0.9955415 
267 118 26 32 0.99338937 
46 133 39 47 0.98768604 
716 270 51 62 0.9856793 
356 127 26 33 0.9850411 
585 268 42 56 0.98438835 
833 240 55 67 0.9839744 
495 144 31 35 0.98242205 
516 86 19 24 0.97506136 
88 460 81 109 0.9724496 
93 90 25 29 0.9702747 
665 201 41 54 0.97011334 
167 221 35 48 0.9556586 
943 241 44 60 0.9525655 
515 519 100 103 0.95220715 
587 125 24 38 0.95094496 
853 52 14 18 0.94869846 
418 99 24 30 0.9425998 
100 139 26 30 0.9380245 
687 251 35 46 0.92849594 
411 46 12 16 0.9179737 
230 93 19 22 0.8764662 
817 143 20 35 0.85366845 
51 343 56 61 0.8490224 
712 84 14 18 0.83057433 
564 64 15 18 0.79686725 
511 49 11 15 0.7912199 
680 98 18 22 0.7865695 
574 45 12 16 0.77317667 
137 79 21 28 0.7295514 
708 356 43 66 0.729229 
699 43 14 17 0.693013 
794 115 25 32 0.6929559 
758 49 13 16 0.6860195 
716 52 13 17 0.66408294 
884 101 13 18 0.6320275 
100 36 16 20 0.5754795 
822 53 12 17 0.56819415 
768 86 19 22 0.5634294 
56 35 12 16 0.5525199 
376 83 25 34 0.5307764 
472 104 22 30 0.49310127 
313 146 23 30 0.46987563 
460 50 13 17 0.45916247 
237 202 23 31 0.41333938 
982 331 37 75 0.39035806 
796 66 13 18 0.37211004 
140 39 10 14 0.35512304 
252 83 17 20 0.35460007 
120 379 69 80 0.3403397 
742 64 12 15 0.3304039 
155 44 11 13 0.3279411 
565 3 15 19 0.32339853 
188 76 22 26 0.3095499 
166 56 14 17 0.29290268 
516 44 13 17 0.25588632 
957 308 44 62 0.24131356 
800 104 26 36 0.21543732 
284 20 13 16 0.18872848 
522 43 12 16 0.18831101 
433 80 20 28 0.18374334 
667 101 14 19 0.17980437 
99 415 85 111 0.1727148 
188 39 9 11 0.16677368 
240 88 20 26 0.16448726 
854 101 22 28 0.14433603 
953 200 27 37 0.14185695 
814 52 13 17 0.13671124 
561 98 34 42 0.1319667 
427 88 22 28 0.12823105 
669 156 22 37 0.12157372 
789 121 18 25 0.117637455 
696 258 44 57 0.10429646 
315 142 15 19 0.09577903 
492 56 10 13 0.09555054 
14 2 12 13 0.09197731 
764 133 17 22 0.0917698 
808 52 13 16 0.09099243 
466 44 11 15 0.085883155 
330 151 16 23 0.08450271 
940 166 17 23 0.08367423 
8 29 11 14 0.07940558 
863 96 21 30 0.07757275 
566 117 39 47 0.07456344 
809 29 12 15 0.07135546 
931 152 24 38 0.06800529 
805 131 29 41 0.065603815 
282 56 16 20 0.065062605 
669 45 14 18 0.06470724 
152 28 10 13 0.06407012 
662 90 41 46 0.06140356 
250 85 24 31 0.061327178 
325 12 14 16 0.06129581 
385 91 23 32 0.06060506 
753 110 19 23 0.060167395 
961 197 11 16 0.060101166 
97 6 9 12 0.05923563 
363 88 28 36 0.05896907 
739 73 15 20 0.058755036 
962 200 16 22 0.056496438 
605 204 48 58 0.056320984 
461 5 8 11 0.05313303 
546 325 38 45 0.053012263 
20 1 11 12 0.0520578 
815 236 50 65 0.05188477 
878 83 12 15 0.051681798 
877 90 15 22 0.051264625 
192 68 21 25 0.048236836 
565 45 20 23 0.048046444 
652 50 14 22 0.047603335 
229 208 19 24 0.047407247 
909 115 16 18 0.046901308 
199 102 15 21 0.0444954 
754 212 50 54 0.044022463 
116 36 14 19 0.042869557 
364 58 16 19 0.042481907 
747 64 14 18 0.041930106 
888 104 14 19 0.041927155 
752 43 14 19 0.041073166 
297 96 13 19 0.039380908 
825 206 39 52 0.03764715 
6 0 22 20 0.037515763 
846 74 13 18 0.037487976 
755 35 17 23 0.036964007 
525 60 11 14 0.036843263 
320 137 30 39 0.036248222 
792 205 24 28 0.03559094 
92 112 36 51 0.035513364 
720 383 42 42 0.034399156 
953 301 33 49 0.034313988 
737 60 12 16 0.03427415 
193 84 22 29 0.034175526 
353 112 27 35 0.034064382 
632 457 117 129 0.033935085 
158 49 13 17 0.033649452 
639 47 21 28 0.033511046 
756 133 17 21 0.033435687 
558 49 13 16 0.03333723 
658 57 11 16 0.032867968 
143 146 34 40 0.032844305 
99 50 14 17 0.032841075 
3 51 17 24 0.03249182 
685 63 12 14 0.032087732 
791 69 14 20 0.031854384 
0 18 8 13 0.031771194 
664 102 24 29 0.03162079 
242 29 13 18 0.031012692 
329 114 16 22 0.031000901 
233 28 19 26 0.030933654 
110 130 26 34 0.030442787 
682 349 51 67 0.029876934 
455 45 14 19 0.029774401 
182 51 13 17 0.029613104 
846 157 29 37 0.02937928 
783 127 14 21 0.029089976 
184 42 12 16 0.029039934 
901 90 17 19 0.028961368 
738 67 12 15 0.028879236 
481 46 10 13 0.028774846 
402 98 23 30 0.028728353 
526 474 147 184 0.02863888 
913 121 15 18 0.02814159 
408 98 38 47 0.028116388 
619 46 23 28 0.027854072 
246 193 22 34 0.027424257 
321 66 15 19 0.02741304 
806 195 38 54 0.027389688 
485 45 11 12 0.02728273 
0 350 44 99 0.027210956 
735 82 13 16 0.027146505 
907 143 36 48 0.02694439 
716 141 24 29 0.02688379 
-7 57 33 61 0.026838662 
756 30 14 17 0.026562668 
84 131 28 38 0.026496029 
112 24 9 11 0.026348649 
657 46 19 26 0.026156986 
95 58 13 15 0.026137417 
838 72 14 19 0.025989106 
355 100 26 31 0.025724532 
534 74 14 16 0.025566492 
480 52 10 13 0.02541937 
199 176 40 51 0.025252694 
754 67 14 16 0.025206467 
166 48 12 16 0.025200468 
747 72 15 20 0.025181815 
537 95 21 24 0.02505494 
943 211 26 30 0.025040122 
233 195 38 50 0.025030285 
199 63 22 26 0.024779573 
621 33 14 17 0.024742605 
29 0 13 11 0.024668185 
300 84 15 18 0.024308447 
757 118 21 28 0.024235874 
806 32 22 28 0.024075722 
772 90 27 35 0.024019625 
524 49 12 17 0.024015864 
726 101 11 15 0.023803944 
820 247 30 42 0.023739383 
456 70 12 17 0.02372163 
845 36 10 14 0.02370847 
618 45 15 19 0.023619873 
574 131 41 47 0.023550889 
801 67 14 18 0.023461603 
88 37 11 16 0.023323359 
488 6 11 12 0.023125336 
227 29 15 23 0.023123944 
309 91 13 15 0.023114122 
94 30 13 17 0.023042621 
311 90 30 35 0.022905374 
763 34 14 18 0.022511879 
218 185 40 49 0.022452196 
123 36 12 16 0.022440795 
660 170 28 37 0.022351258 
582 69 12 14 0.022262333 
749 116 16 21 0.02220189 
707 151 28 34 0.022160348 
629 285 36 42 0.022052592 
844 68 12 16 0.021493891 
27 436 136 156 0.021290759 
853 64 14 18 0.021244211 
181 59 13 16 0.021155223 
835 156 26 30 0.02104581 
757 217 16 20 0.021005582 
803 289 17 18 0.020933239 
123 91 20 29 0.020813594 
897 112 23 26 0.020810349 
389 156 26 32 0.020717211 
759 21 27 34 0.020665059 
745 198 32 42 0.020650335 
887 136 37 47 0.020598607 
770 181 34 42 0.020595348 
689 560 65 68 0.020563578 
172 47 12 15 0.020456221 
203 88 14 21 0.020239763 
311 132 25 32 0.020238698 
131 86 22 31 0.020186516 
105 451 42 47 0.020133002 
500 67 12 17 0.020112738 
86 43 10 14 0.020033203 
