10_People_Marching_People_Marching_2_2
252
761 423 29 39 0.9955642 
664 478 29 52 0.9737802 
950 464 40 63 0.97187185 
658 396 17 27 0.95697176 
488 484 23 40 0.90424836 
792 386 11 16 0.86215115 
1002 420 20 28 0.83347464 
906 405 16 23 0.7614764 
963 394 15 24 0.72993094 
827 348 11 15 0.716065 
126 469 52 86 0.60661465 
718 395 18 26 0.5209211 
557 386 13 17 0.50903606 
630 381 12 17 0.5039211 
37 385 11 21 0.38565707 
660 434 19 30 0.38430583 
336 388 12 17 0.37603644 
762 391 17 20 0.36096862 
310 390 12 16 0.3288685 
296 395 11 16 0.3209688 
424 383 10 13 0.3138615 
576 359 10 12 0.30450362 
340 456 27 45 0.2600688 
815 401 12 16 0.24687552 
110 402 9 13 0.23445487 
163 427 13 19 0.19393513 
574 424 12 19 0.19313058 
436 402 12 14 0.18164247 
703 369 9 11 0.18044434 
477 372 13 16 0.17691855 
453 461 15 28 0.17253177 
405 391 10 12 0.16730888 
910 352 10 12 0.16533807 
523 418 13 18 0.1506393 
392 367 9 11 0.1383529 
252 383 11 14 0.12027196 
593 402 12 16 0.118986905 
515 493 29 36 0.11278706 
258 449 30 46 0.11074132 
495 381 10 12 0.11047108 
540 371 10 12 0.096185744 
505 524 37 53 0.088021055 
589 356 9 11 0.08749358 
517 398 9 15 0.08348951 
199 390 11 15 0.08330019 
983 364 11 13 0.08093607 
86 393 13 18 0.07973897 
473 377 13 17 0.07513107 
639 409 15 19 0.07273014 
219 489 45 63 0.0688132 
541 399 10 13 0.064827204 
577 400 15 19 0.061848566 
813 379 11 14 0.06157528 
559 380 17 18 0.06138243 
536 399 11 13 0.06121652 
582 358 10 12 0.060987193 
302 411 12 14 0.060281936 
491 405 14 17 0.059344314 
103 396 10 13 0.059072047 
101 391 9 12 0.058763526 
941 357 11 14 0.058593158 
512 387 11 15 0.05765278 
992 356 11 13 0.05730407 
232 463 38 57 0.05639422 
249 457 27 35 0.056008924 
122 438 42 68 0.055921342 
415 436 43 52 0.054949783 
433 399 11 15 0.0548238 
93 394 11 14 0.054706044 
638 373 10 12 0.051050294 
620 356 10 13 0.05027536 
88 441 39 63 0.048821915 
42 385 14 22 0.04877139 
592 489 61 73 0.048310943 
344 442 24 42 0.04800414 
2 387 16 21 0.047866043 
646 400 20 25 0.04757523 
301 404 12 16 0.04757199 
973 348 9 11 0.04728159 
815 406 20 25 0.04636927 
158 420 13 23 0.04594484 
472 395 11 15 0.045034785 
931 374 14 20 0.04468827 
79 401 15 20 0.04462737 
784 384 12 19 0.04451224 
166 427 23 26 0.044342782 
359 413 12 15 0.044331167 
748 405 13 17 0.04420754 
621 432 14 24 0.04374309 
612 385 11 16 0.043492455 
126 403 11 14 0.043234587 
105 462 47 81 0.04217958 
461 425 14 20 0.041267812 
29 389 16 20 0.041254595 
343 455 14 24 0.040242665 
522 356 8 11 0.039895743 
275 412 17 21 0.039854217 
365 376 10 12 0.03945819 
634 482 51 64 0.039198257 
311 441 14 22 0.03850526 
727 243 41 54 0.037896596 
413 395 11 14 0.03778666 
526 397 11 15 0.037677255 
374 392 12 15 0.03749684 
238 489 27 42 0.037410382 
653 433 16 23 0.03740084 
861 396 14 17 0.037295256 
486 409 14 18 0.03711118 
853 418 15 22 0.03698503 
806 403 12 15 0.036938194 
189 389 21 26 0.036619633 
517 383 9 12 0.034958825 
825 414 18 28 0.03462558 
835 418 16 21 0.034546357 
512 400 12 16 0.034224585 
680 364 8 11 0.03408383 
520 413 11 19 0.033320464 
477 475 28 40 0.033219434 
860 417 14 23 0.03307984 
698 367 10 12 0.032633822 
397 430 35 54 0.03256552 
724 390 15 19 0.032052524 
695 356 9 11 0.0318825 
456 542 51 61 0.031827234 
532 386 13 16 0.031447023 
446 467 17 27 0.031311326 
75 388 22 27 0.0313002 
190 421 14 18 0.031186419 
326 379 10 13 0.031137412 
419 392 14 17 0.030918786 
494 491 35 51 0.030651875 
437 478 25 27 0.030598806 
842 417 20 25 0.03027644 
288 395 14 17 0.029746749 
381 436 24 38 0.029676126 
298 391 17 24 0.029459339 
700 403 16 21 0.029135754 
333 651 41 42 0.029103918 
462 363 10 12 0.028920442 
568 422 13 22 0.028743573 
551 396 10 14 0.028711522 
217 397 10 12 0.02871094 
799 404 14 17 0.028616618 
400 394 13 17 0.028385635 
575 426 20 26 0.028312048 
51 391 13 17 0.02786564 
834 462 24 34 0.027783314 
318 381 9 12 0.027627999 
709 399 16 22 0.027616765 
203 412 41 51 0.027606998 
270 383 10 13 0.027414057 
193 499 53 60 0.027402928 
462 417 20 24 0.027175616 
642 415 14 19 0.027079953 
637 365 11 13 0.026972547 
175 421 24 30 0.026891116 
254 460 15 20 0.026875366 
499 404 13 17 0.026853677 
447 388 11 15 0.026512058 
814 386 13 17 0.026445063 
661 429 14 22 0.026243674 
119 390 8 11 0.026135536 
150 486 55 70 0.026131539 
876 347 11 13 0.026083661 
455 427 12 18 0.025827272 
428 446 11 14 0.02575502 
533 379 13 17 0.02564048 
607 367 12 15 0.025524016 
205 416 25 29 0.025401225 
327 388 14 18 0.02524211 
847 425 23 28 0.025208322 
579 362 11 15 0.025128635 
645 386 12 17 0.025023134 
548 408 13 18 0.024916748 
314 393 12 17 0.024910597 
436 454 28 35 0.024711339 
561 391 16 20 0.024651363 
585 424 17 24 0.024642974 
203 394 11 14 0.024343781 
899 501 42 60 0.024339167 
352 390 9 12 0.024303446 
175 390 10 12 0.024289096 
118 376 11 13 0.024276776 
485 380 11 14 0.02423264 
61 386 24 30 0.024211796 
553 381 12 18 0.024186483 
230 408 12 18 0.024179043 
148 416 19 29 0.024080548 
446 382 9 14 0.024048297 
686 365 9 11 0.024032284 
756 396 21 25 0.024027577 
914 355 13 15 0.023996186 
138 382 9 11 0.023957519 
527 419 17 19 0.02390576 
485 388 12 16 0.023859033 
328 375 9 12 0.023840515 
718 389 13 21 0.023638224 
477 399 12 18 0.023582526 
461 388 13 17 0.02356923 
406 417 22 28 0.023524767 
905 355 13 15 0.023500701 
119 402 10 14 0.023495136 
572 409 16 22 0.023308603 
506 497 42 53 0.02310196 
885 381 25 30 0.023072507 
990 410 32 50 0.022980027 
525 365 11 14 0.022950707 
856 397 12 16 0.022829507 
453 388 12 16 0.022754883 
818 397 14 17 0.022716397 
318 404 10 14 0.022627898 
488 410 21 27 0.022540517 
382 374 9 13 0.022348193 
972 376 15 17 0.022320824 
891 444 36 51 0.02226141 
185 416 23 29 0.022120405 
406 383 11 14 0.022066323 
194 400 16 19 0.022028904 
374 409 13 16 0.021982953 
206 379 11 14 0.02189606 
557 400 12 18 0.02186206 
687 359 9 11 0.021849861 
616 405 9 12 0.02173763 
926 460 49 63 0.021615827 
525 380 13 17 0.021609912 
264 396 10 14 0.021561207 
498 372 12 15 0.021525681 
199 384 11 14 0.021471389 
379 390 11 15 0.021444216 
287 382 10 13 0.02138955 
865 400 16 20 0.021363145 
597 432 14 22 0.021270221 
422 267 13 18 0.021259837 
313 384 9 13 0.021164987 
180 394 12 15 0.021161633 
422 360 8 9 0.021095099 
912 445 42 56 0.020983178 
646 426 15 20 0.020939954 
502 520 25 39 0.020880241 
265 422 10 13 0.020760618 
443 396 11 15 0.02069803 
407 373 9 12 0.020659424 
565 402 13 16 0.020492394 
301 416 13 17 0.020471536 
254 439 25 32 0.020410424 
191 402 26 32 0.020378023 
134 411 12 16 0.020357547 
568 358 9 12 0.020330615 
272 437 38 52 0.020278517 
611 371 11 14 0.020197064 
637 396 12 17 0.020147353 
540 378 12 16 0.020120876 
