10_People_Marching_People_Marching_2_638
30
374 178 342 461 0.9855666 
28 249 412 458 0.13792194 
51 363 256 283 0.07891719 
399 133 13 18 0.062837325 
392 1 14 18 0.048450824 
294 222 10 13 0.043615557 
417 106 30 38 0.041002844 
436 59 10 13 0.03734383 
272 129 17 19 0.03445623 
422 58 12 15 0.030250186 
457 43 450 581 0.029275868 
399 144 12 17 0.028409356 
437 118 12 14 0.026637137 
219 150 44 64 0.026275534 
334 17 14 18 0.024025042 
392 130 22 30 0.02376379 
300 65 14 17 0.023318654 
637 256 9 11 0.022937957 
308 328 39 47 0.022609761 
434 171 8 12 0.022271715 
348 3 40 38 0.022174088 
106 488 298 225 0.02171032 
407 107 15 18 0.021409072 
535 45 10 13 0.021234112 
409 102 25 31 0.02113738 
152 444 146 150 0.020857139 
308 6 13 13 0.020636013 
342 173 9 12 0.020210737 
355 130 11 16 0.020083094 
655 0 38 33 0.020028714 
