10_People_Marching_People_Marching_2_498
161
785 543 23 26 0.9820578 
412 584 24 27 0.977367 
346 419 27 30 0.971891 
954 545 23 30 0.96554327 
28 15 21 26 0.95653266 
69 145 23 30 0.95546293 
706 0 19 22 0.93870795 
895 419 19 26 0.87177783 
542 3 23 26 0.87006027 
164 422 22 28 0.86842716 
834 275 22 28 0.86793756 
607 128 24 27 0.83783233 
773 136 18 21 0.8262867 
1003 276 21 24 0.81789416 
189 27 24 27 0.7933441 
36 616 18 21 0.6422105 
117 270 18 22 0.41794255 
947 128 16 18 0.4032973 
723 419 22 24 0.3915913 
236 136 26 29 0.35711738 
574 596 20 30 0.34025398 
538 439 23 29 0.3236922 
650 7 18 20 0.25414658 
871 -1 32 31 0.23047118 
365 31 17 22 0.18352103 
679 312 10 12 0.17529532 
662 278 24 27 0.14759214 
946 110 11 13 0.14374289 
290 288 18 19 0.12789358 
790 524 12 14 0.11771223 
214 590 25 29 0.11466808 
979 569 18 21 0.1139829 
307 317 27 33 0.10683764 
886 86 13 16 0.1044339 
583 602 21 26 0.09905645 
59 32 27 30 0.09045954 
953 125 15 18 0.089895904 
729 403 12 14 0.08487554 
671 156 14 18 0.08176465 
1 460 12 18 0.07929835 
211 606 25 29 0.07690568 
194 10 14 15 0.071954794 
469 300 14 17 0.06808334 
886 49 13 15 0.06380167 
701 310 8 11 0.062671736 
179 441 18 22 0.06264247 
287 263 27 29 0.058815215 
230 70 11 14 0.056712866 
353 403 13 15 0.056306615 
291 0 15 13 0.055877518 
125 298 14 16 0.05523946 
35 0 17 19 0.053513538 
561 47 30 31 0.050714996 
34 599 27 29 0.0495841 
542 465 17 20 0.047645934 
10 521 26 35 0.04682404 
427 190 34 34 0.045260444 
101 180 15 17 0.045067165 
741 460 17 22 0.044506054 
184 0 36 46 0.044386197 
488 329 19 21 0.0442851 
541 672 15 16 0.044285033 
539 -2 37 43 0.0440458 
210 63 25 27 0.043073136 
596 606 17 20 0.0427419 
360 6 11 12 0.041741144 
812 170 13 18 0.040661544 
876 14 18 20 0.03956352 
643 164 14 17 0.03940009 
728 441 12 16 0.03908922 
971 148 13 15 0.03782839 
211 60 17 17 0.036383267 
757 36 14 23 0.035607517 
255 176 33 39 0.035543777 
109 174 11 17 0.03472044 
92 319 16 24 0.034443278 
613 109 13 15 0.0340516 
726 11 16 20 0.03398808 
954 173 27 29 0.033422157 
892 49 14 15 0.03334823 
242 117 14 16 0.03299372 
212 618 19 21 0.03259738 
309 326 32 37 0.03252836 
970 554 23 29 0.032253046 
943 115 13 15 0.031893715 
684 314 11 14 0.031466614 
359 0 11 10 0.031335566 
719 421 15 18 0.031006087 
667 263 12 13 0.030827798 
563 44 19 19 0.03082248 
41 595 17 19 0.030747995 
309 336 18 20 0.030377036 
70 29 14 16 0.030196248 
240 68 9 12 0.030017529 
617 132 24 29 0.029998507 
311 318 14 17 0.029677637 
0 47 27 36 0.029234488 
427 151 15 18 0.028446112 
422 161 12 16 0.028419478 
953 186 31 35 0.028334238 
292 284 28 31 0.027849853 
1013 307 10 17 0.027762711 
635 150 23 28 0.027756637 
340 71 16 21 0.027609857 
697 315 11 15 0.027581766 
816 571 13 15 0.027394626 
20 2 39 44 0.0273796 
543 6 48 55 0.02726528 
318 452 10 14 0.027232662 
888 623 11 14 0.027174074 
40 61 36 65 0.027171563 
630 145 15 19 0.027079502 
666 -1 14 12 0.027003251 
802 176 18 19 0.02658879 
740 43 15 16 0.026187593 
751 35 12 20 0.026136886 
498 327 15 21 0.026132109 
806 514 11 14 0.025985872 
730 435 15 19 0.025851808 
748 186 14 18 0.025536923 
256 171 25 26 0.025329523 
459 319 52 68 0.02512708 
220 75 16 17 0.025096834 
1 451 15 20 0.025094386 
958 139 12 15 0.025020344 
48 618 15 18 0.02496471 
776 570 12 15 0.024747634 
365 19 14 17 0.024523178 
279 247 41 53 0.024501048 
414 569 16 19 0.024313796 
927 586 22 28 0.02421656 
900 41 14 19 0.02375654 
619 163 12 16 0.02368802 
263 107 14 18 0.023596536 
772 172 16 19 0.023536595 
131 270 11 15 0.023530513 
96 183 24 30 0.023119114 
422 620 11 15 0.023109762 
581 613 14 19 0.023034194 
642 146 15 19 0.02293368 
427 285 109 109 0.022467585 
629 64 23 28 0.022461774 
342 1 10 11 0.022328295 
188 19 20 24 0.022301598 
235 118 24 30 0.022264611 
679 311 28 34 0.022121148 
966 143 13 15 0.021779291 
818 577 14 16 0.021778654 
171 439 18 22 0.021748593 
903 466 10 14 0.021745315 
743 41 26 31 0.021733694 
74 21 13 17 0.021628223 
737 467 15 17 0.021239227 
376 82 19 21 0.021141656 
204 54 46 66 0.021125272 
961 170 18 20 0.020907884 
522 32 8 11 0.020839762 
938 120 22 27 0.020774806 
156 410 38 48 0.020722343 
51 39 28 32 0.020479236 
244 141 27 33 0.020087851 
