10_People_Marching_People_Marching_2_395
93
579 182 33 39 0.9890183 
218 160 34 43 0.9826752 
955 178 31 38 0.98180217 
829 214 23 30 0.94190377 
742 214 26 33 0.904837 
153 172 30 39 0.80959594 
466 179 26 32 0.7043668 
929 145 25 30 0.6708701 
10 228 17 21 0.5719351 
335 227 24 32 0.50301427 
517 197 24 32 0.3587499 
62 223 24 30 0.34069318 
422 214 24 29 0.26118276 
299 343 15 20 0.23831698 
104 190 39 42 0.16089371 
321 227 17 21 0.1451588 
409 211 27 32 0.14062542 
148 184 25 32 0.12295225 
469 202 16 22 0.10057921 
665 220 15 17 0.08766083 
466 188 37 46 0.0845646 
940 147 28 33 0.07911437 
0 233 11 19 0.07253338 
15 268 14 17 0.0722512 
948 233 16 21 0.0643493 
44 241 16 20 0.05989689 
414 212 13 16 0.059501607 
711 313 13 18 0.05144652 
920 276 11 14 0.051437147 
101 203 15 18 0.049574047 
517 216 13 17 0.04901235 
99 169 15 18 0.048037212 
654 217 27 32 0.047456365 
842 210 25 30 0.047341395 
159 172 14 19 0.04729044 
662 233 14 17 0.044953562 
57 232 23 27 0.044624668 
0 228 19 30 0.04442881 
767 237 34 46 0.04393832 
853 216 15 19 0.038877394 
889 334 10 15 0.037898216 
912 340 11 14 0.035919636 
652 158 38 52 0.035564516 
390 210 14 17 0.033890795 
480 21 11 14 0.033728845 
485 5 10 12 0.03368142 
789 372 30 36 0.033111427 
397 2 8 9 0.033010125 
134 190 26 32 0.03289128 
345 228 15 21 0.032024983 
39 244 13 16 0.0316779 
755 216 26 32 0.03162433 
364 247 28 39 0.031148713 
417 213 17 21 0.030619668 
764 226 30 34 0.029119492 
8 248 24 34 0.029113902 
51 236 17 21 0.02892423 
285 266 12 15 0.028689163 
27 191 41 49 0.02850961 
773 221 13 14 0.02778361 
319 219 38 47 0.027642388 
445 216 14 18 0.026570123 
916 248 13 17 0.026321871 
666 214 29 35 0.026320864 
364 252 16 23 0.026283426 
937 171 29 40 0.025764331 
532 201 26 32 0.02565445 
18 259 22 26 0.025482524 
1012 323 11 16 0.025452472 
463 270 40 48 0.025020823 
1 213 37 54 0.024741398 
240 174 33 38 0.024620103 
507 271 42 60 0.023924837 
391 213 29 35 0.02386564 
161 194 20 25 0.0234072 
47 216 41 50 0.022929154 
329 228 20 23 0.022841355 
911 3 42 57 0.022803487 
951 266 12 16 0.02230276 
945 223 9 12 0.021798491 
479 202 31 36 0.021762587 
527 204 18 24 0.021665944 
988 188 14 16 0.021170545 
807 197 27 35 0.021167532 
812 211 27 34 0.021142479 
322 236 18 23 0.021127766 
859 214 15 18 0.021057948 
866 362 32 45 0.020845043 
381 228 13 16 0.02059501 
457 200 27 35 0.020420296 
310 254 13 16 0.020138927 
450 208 15 22 0.020115772 
36 195 24 32 0.020066146 
