10_People_Marching_People_Marching_2_1046
75
513 200 49 62 0.9981382 
47 203 22 27 0.9088048 
281 259 16 21 0.8565883 
219 215 19 23 0.842298 
365 237 14 17 0.8036153 
201 189 15 18 0.6644368 
425 198 18 23 0.6621069 
577 238 24 30 0.6452315 
743 239 20 23 0.60428536 
1005 225 19 30 0.57128596 
170 244 24 30 0.42469943 
98 206 13 16 0.4049356 
131 237 21 24 0.32263508 
700 257 26 34 0.24069548 
478 504 126 155 0.22248387 
685 197 12 14 0.1482164 
589 192 10 12 0.1302842 
400 126 11 15 0.12223454 
137 297 39 49 0.11265666 
573 227 39 49 0.11248608 
177 450 14 16 0.102297336 
417 202 24 30 0.09437177 
860 61 43 47 0.0770698 
879 235 13 15 0.068679705 
872 240 27 32 0.06425471 
409 201 38 50 0.06331941 
429 312 42 50 0.05810419 
879 63 44 45 0.050652348 
430 158 11 13 0.046206232 
168 213 12 15 0.045822848 
320 189 11 14 0.045334775 
448 220 37 52 0.042498913 
602 213 12 15 0.042096514 
588 230 41 52 0.039411575 
1010 238 14 21 0.036543462 
680 251 46 55 0.035187416 
325 251 12 16 0.035034243 
389 196 12 16 0.034080263 
170 238 17 20 0.031590544 
348 219 10 14 0.029984195 
648 98 19 20 0.029973693 
184 250 16 21 0.027923144 
0 241 18 38 0.027609482 
852 77 67 72 0.026775368 
800 342 53 69 0.026705924 
339 203 13 16 0.02644653 
191 174 9 13 0.025950545 
747 256 14 19 0.025490792 
120 203 12 14 0.02518605 
899 60 45 47 0.024941245 
349 188 9 12 0.02494102 
126 235 17 21 0.024408335 
627 233 13 16 0.024138927 
110 277 413 575 0.023915429 
413 190 25 30 0.023680331 
445 663 29 31 0.023212008 
390 231 14 18 0.023194762 
988 336 15 21 0.02304215 
92 386 13 21 0.022875283 
342 211 13 15 0.022183474 
102 173 9 11 0.02194675 
414 135 11 16 0.021782793 
205 164 11 14 0.021666346 
711 120 8 10 0.021659687 
0 275 7 16 0.021456996 
95 183 9 12 0.021267788 
960 227 31 41 0.021238556 
286 360 12 18 0.021205403 
846 48 112 121 0.021075582 
435 196 23 30 0.020989873 
211 188 12 16 0.020690836 
186 243 16 21 0.020586759 
342 182 11 13 0.020220686 
110 180 10 13 0.020219723 
869 236 15 18 0.020093476 
