10_People_Marching_People_Marching_10_People_Marching_People_Marching_10_People_Marching_People_Marching_10_619
85
431 460 13 16 0.9240071 
53 483 16 19 0.67490816 
437 433 9 10 0.3698469 
668 443 13 16 0.34393877 
353 457 9 11 0.25762677 
496 457 8 11 0.19348848 
101 484 12 15 0.13234237 
446 446 10 13 0.13133998 
94 482 13 15 0.103518195 
158 482 11 13 0.09770838 
555 445 14 18 0.09403788 
260 459 10 14 0.08606367 
66 484 12 18 0.08304606 
455 432 8 11 0.07949559 
583 158 10 13 0.07629757 
198 469 8 13 0.05512498 
524 447 11 14 0.0531345 
701 429 11 14 0.050920267 
458 448 8 11 0.05059004 
78 534 9 14 0.043552108 
88 477 14 17 0.03994046 
381 408 14 19 0.039358255 
409 425 8 10 0.0387711 
360 430 12 14 0.038684692 
501 440 9 12 0.037595812 
448 438 9 11 0.03520373 
167 484 10 13 0.033578333 
402 429 7 10 0.032882962 
742 424 10 11 0.032719932 
413 425 8 10 0.032152858 
232 468 11 13 0.03177646 
110 363 8 12 0.03172356 
415 444 9 12 0.031559218 
497 444 10 11 0.030218445 
942 779 58 50 0.029379403 
681 421 10 13 0.028904494 
642 518 10 14 0.028656626 
434 435 10 12 0.028333059 
463 452 8 10 0.02829258 
540 28 10 13 0.028147724 
173 486 8 11 0.027418768 
49 522 31 40 0.02711611 
633 454 11 12 0.026706554 
440 505 12 14 0.026211353 
190 487 9 12 0.025856825 
191 476 10 12 0.02583993 
984 718 9 11 0.02550763 
456 422 8 11 0.025159782 
750 349 50 55 0.024943648 
552 450 11 15 0.024593715 
64 365 8 10 0.024372848 
629 359 8 11 0.024285236 
378 446 9 10 0.024214499 
304 406 7 10 0.02398262 
327 444 9 12 0.023809502 
332 437 10 14 0.023685265 
387 411 14 18 0.02360542 
396 184 8 11 0.02352291 
365 434 10 13 0.02302936 
425 423 8 10 0.022959318 
976 662 13 15 0.022763599 
382 417 11 15 0.022519883 
1004 753 19 28 0.0224339 
868 663 23 28 0.022375133 
455 451 9 12 0.022355657 
955 726 11 14 0.022177914 
490 456 8 11 0.021956937 
391 388 9 11 0.021917762 
397 445 9 11 0.02176126 
449 432 9 10 0.021705994 
400 423 8 12 0.0216455 
184 470 11 14 0.021398924 
574 141 9 10 0.021278666 
339 399 10 14 0.021238409 
464 469 9 13 0.021159044 
39 374 9 13 0.021126494 
399 467 11 14 0.020942563 
109 536 15 18 0.020906635 
485 476 9 12 0.020906158 
501 455 8 11 0.020813026 
420 -1 76 75 0.020808998 
175 478 8 11 0.020720009 
188 492 10 13 0.020266 
540 450 11 14 0.020187974 
345 429 9 13 0.02007131 
