10_People_Marching_People_Marching_2_401
124
662 267 32 38 0.9987476 
194 353 52 65 0.99822205 
568 264 27 36 0.9981457 
331 401 68 87 0.9979868 
18 409 58 66 0.99741876 
495 268 29 38 0.99609804 
627 249 25 35 0.9953967 
93 513 62 78 0.9953458 
637 534 78 97 0.9939355 
728 299 35 47 0.99345315 
725 383 37 44 0.99096656 
45 290 24 29 0.9856975 
849 504 89 131 0.98567086 
672 420 38 47 0.98520494 
540 241 24 30 0.98380774 
284 295 22 28 0.98350394 
315 269 16 21 0.9788352 
552 499 54 62 0.9722338 
253 272 22 29 0.9713922 
65 318 27 35 0.9653198 
798 282 43 50 0.9649961 
352 277 21 25 0.96410495 
386 249 18 23 0.95490885 
100 282 30 35 0.9535969 
423 240 21 27 0.9392826 
922 266 26 31 0.92972165 
102 390 35 40 0.9153076 
852 246 31 52 0.9122298 
476 265 21 31 0.9019954 
755 263 27 36 0.8933162 
357 252 12 16 0.8830983 
190 268 21 27 0.8625204 
210 302 23 27 0.8531416 
741 253 18 24 0.8432099 
308 330 22 28 0.8184362 
350 333 29 34 0.80743146 
508 240 19 26 0.7904912 
702 241 14 17 0.757399 
747 229 14 18 0.5060848 
780 354 49 74 0.42641798 
381 309 27 37 0.40745988 
814 246 29 33 0.38565165 
327 291 20 26 0.24665004 
240 289 11 15 0.16924113 
943 247 13 16 0.15205875 
616 236 12 16 0.14619893 
997 278 16 24 0.1341088 
0 353 23 50 0.10580472 
201 304 36 44 0.102584615 
724 579 12 14 0.093814075 
755 433 29 38 0.086744055 
316 354 27 31 0.0860112 
588 484 50 67 0.07742632 
593 227 11 13 0.076371886 
611 492 62 80 0.07162784 
300 273 12 16 0.06656376 
174 259 12 17 0.066555366 
360 329 20 24 0.059894815 
34 266 12 16 0.055751026 
586 246 20 24 0.054271974 
137 194 18 21 0.05405748 
759 181 12 16 0.050436057 
385 307 20 22 0.05030115 
326 315 21 26 0.04655497 
444 218 10 13 0.043960936 
330 302 18 23 0.043073446 
370 243 12 15 0.04238416 
904 234 11 13 0.042021904 
988 270 19 33 0.04054282 
611 475 42 62 0.03902168 
312 339 27 33 0.03862256 
647 355 24 26 0.037892394 
372 267 12 17 0.035982005 
999 269 23 39 0.033659052 
30 267 21 27 0.03347528 
761 261 18 23 0.03246711 
349 342 18 22 0.031679705 
614 529 55 78 0.031272247 
235 285 19 25 0.030431863 
936 247 21 26 0.030275544 
173 333 10 15 0.029660722 
316 435 10 14 0.029636037 
106 394 19 23 0.02931489 
977 263 25 43 0.028803369 
986 230 11 14 0.028670678 
112 399 20 24 0.028451057 
340 266 14 18 0.028065229 
70 282 16 21 0.027569208 
917 247 10 12 0.027519546 
369 241 9 11 0.026973197 
616 238 22 28 0.026526198 
301 424 10 13 0.026114915 
349 329 18 23 0.025947545 
867 402 62 72 0.025864398 
884 272 15 18 0.02578308 
839 468 158 202 0.025503045 
579 255 26 34 0.025124323 
771 262 26 38 0.024756312 
265 351 35 43 0.024676882 
487 242 12 15 0.024271252 
708 218 11 15 0.024259072 
227 282 14 18 0.023786161 
824 244 19 22 0.023656625 
0 360 13 27 0.023588281 
729 253 11 14 0.023400387 
168 266 13 19 0.022881417 
179 254 12 15 0.022854842 
634 234 17 19 0.022648474 
523 242 14 19 0.022467952 
783 263 25 36 0.021968793 
316 255 13 15 0.021954788 
984 255 34 55 0.021949096 
494 337 41 58 0.021903291 
744 440 27 34 0.021639816 
363 258 12 16 0.021571275 
617 453 45 58 0.02122581 
336 297 16 21 0.021153728 
752 232 14 19 0.021106407 
760 414 43 62 0.020766951 
791 213 13 18 0.020572638 
689 501 56 67 0.020396601 
742 240 22 27 0.020376913 
236 296 14 18 0.020278152 
19 671 16 16 0.02007492 
