10_People_Marching_People_Marching_2_935
24
366 298 217 313 0.99978465 
790 217 250 347 0.34535667 
613 1397 170 125 0.16566183 
94 106 205 235 0.11743601 
41 1479 53 52 0.06705667 
58 471 238 278 0.06472683 
70 357 372 430 0.063484915 
593 139 422 495 0.057276305 
974 773 10 13 0.046026587 
444 830 12 18 0.042524435 
809 1479 59 58 0.04051582 
658 1397 90 64 0.039763287 
603 1382 125 94 0.039390072 
581 1382 12 13 0.038072556 
181 388 209 269 0.0341761 
314 72 441 520 0.034066327 
665 1450 103 69 0.028818646 
427 134 209 260 0.02758454 
925 1018 31 42 0.024096048 
623 1117 11 13 0.024088323 
128 1486 57 57 0.024085611 
787 1486 52 53 0.022457045 
909 787 11 16 0.022129143 
30 67 391 512 0.02174138 
