10_People_Marching_People_Marching_10_People_Marching_People_Marching_10_69
1087
237 355 15 20 0.98859054 
652 457 18 22 0.9878057 
180 446 17 22 0.9871338 
733 416 14 18 0.9859358 
628 371 14 18 0.9834509 
683 418 12 18 0.9810011 
99 565 18 25 0.97975737 
842 477 15 20 0.97703075 
162 513 15 20 0.97517926 
514 564 16 21 0.9745813 
477 561 15 21 0.97323644 
887 482 16 20 0.97278196 
208 607 19 23 0.9724492 
631 495 15 20 0.97152555 
779 503 14 18 0.9706504 
157 414 13 17 0.9704202 
767 444 14 20 0.970236 
251 405 14 19 0.96900386 
959 629 22 29 0.9685384 
880 578 19 25 0.96812505 
491 546 17 22 0.9678527 
425 489 16 21 0.9669575 
50 592 21 27 0.9665415 
875 647 21 30 0.964847 
932 577 18 23 0.9641289 
470 502 16 20 0.9633703 
359 535 15 20 0.9623456 
869 542 18 22 0.9622006 
6 610 20 27 0.96039265 
652 345 13 17 0.9583924 
744 573 22 28 0.95699865 
795 542 18 23 0.9538219 
119 619 19 23 0.9514531 
502 435 16 19 0.9514326 
358 628 22 28 0.94996965 
426 451 15 18 0.94920677 
170 488 16 22 0.948997 
232 551 17 20 0.94879997 
950 476 17 21 0.9468207 
932 446 16 20 0.9446049 
392 596 19 22 0.9424594 
709 306 12 15 0.94218475 
308 500 16 22 0.937189 
820 369 14 17 0.9361571 
180 163 11 14 0.93438345 
689 660 22 27 0.9325733 
535 466 18 22 0.9294174 
272 568 19 19 0.9271443 
539 377 14 17 0.9269289 
437 293 11 15 0.9246217 
883 443 18 21 0.9233241 
725 502 18 21 0.9226432 
716 539 20 28 0.92158777 
599 659 22 25 0.92151195 
401 525 16 22 0.91984314 
607 552 20 26 0.9171665 
978 603 18 22 0.915401 
693 481 21 27 0.913707 
485 268 10 14 0.91350174 
162 556 20 27 0.91148955 
753 617 21 28 0.91046685 
358 456 16 20 0.90787995 
979 336 13 16 0.90750855 
597 507 18 21 0.9064145 
762 506 15 19 0.9046995 
396 503 16 19 0.90326476 
562 533 18 24 0.8999647 
450 324 12 16 0.8994928 
840 613 20 27 0.895062 
561 371 13 18 0.889938 
259 638 17 19 0.8895042 
585 627 17 22 0.88926035 
441 474 15 20 0.889209 
774 358 12 14 0.8886727 
178 653 19 26 0.88701826 
381 353 14 17 0.88511115 
368 498 17 22 0.88303584 
566 458 15 19 0.8763553 
295 458 16 21 0.8751809 
876 394 14 17 0.87409186 
302 604 17 23 0.8739306 
461 216 10 13 0.8703731 
130 477 14 18 0.8629324 
691 273 11 15 0.85762215 
467 299 12 16 0.8517253 
504 493 17 22 0.8478259 
299 422 13 17 0.8459334 
719 444 14 19 0.84065896 
320 548 16 21 0.8303719 
222 519 16 19 0.82663566 
543 542 15 18 0.8240528 
688 325 13 17 0.81993145 
226 487 15 19 0.809118 
533 611 17 22 0.8046932 
87 511 19 23 0.7945883 
403 575 18 23 0.79037106 
217 660 18 23 0.7831265 
589 447 11 16 0.7821977 
743 392 13 17 0.7817841 
995 527 19 22 0.781439 
449 270 10 13 0.7790314 
628 328 12 15 0.7735591 
581 349 11 13 0.76923215 
629 419 13 19 0.7655333 
622 280 13 16 0.764242 
706 339 13 16 0.76032656 
457 467 12 17 0.7480235 
785 405 15 18 0.747042 
97 195 11 14 0.74264216 
220 108 12 15 0.7391159 
715 182 8 10 0.73760086 
951 305 13 17 0.72926986 
577 492 15 19 0.7273559 
686 389 13 16 0.7207699 
381 410 13 15 0.7205648 
661 307 10 14 0.71681565 
55 561 12 16 0.7057266 
647 106 9 12 0.70419127 
661 261 10 13 0.70250994 
890 631 19 23 0.70145196 
660 230 7 11 0.69507813 
639 312 12 14 0.6931715 
484 311 10 13 0.68657863 
550 578 17 21 0.6851602 
269 417 14 17 0.6747392 
92 245 12 14 0.66011673 
114 330 15 17 0.6588774 
680 251 10 15 0.6549567 
761 650 19 22 0.6432823 
646 331 12 15 0.6338605 
717 357 14 19 0.6286519 
567 266 11 14 0.62612635 
546 109 9 13 0.6228124 
721 387 12 15 0.6117777 
0 658 20 28 0.61167324 
449 370 15 18 0.5966411 
518 165 9 13 0.5951948 
150 147 10 13 0.59303737 
458 180 8 12 0.59010875 
999 596 13 19 0.574416 
821 571 21 26 0.5740732 
845 417 15 19 0.57289577 
611 208 14 17 0.566315 
429 657 23 27 0.5556927 
298 199 10 13 0.5531414 
740 329 10 13 0.5501379 
716 215 10 12 0.5498899 
567 300 10 13 0.5409223 
644 581 18 21 0.5403698 
885 324 13 14 0.54011273 
469 262 13 15 0.5339041 
320 194 11 14 0.51403403 
595 331 11 15 0.5111634 
617 266 9 11 0.5045174 
791 379 12 15 0.50297844 
144 229 12 15 0.49628422 
704 162 9 12 0.49544066 
108 252 11 15 0.4952335 
462 277 11 13 0.48570314 
439 620 20 22 0.46568453 
699 637 14 17 0.4608336 
110 219 12 14 0.45616603 
302 481 14 18 0.45498413 
196 214 11 13 0.44509673 
560 318 11 15 0.44399655 
235 141 7 9 0.436502 
463 413 14 16 0.43553126 
805 399 14 18 0.42994052 
166 208 11 14 0.4203195 
602 312 10 13 0.41604912 
434 534 13 16 0.41013655 
130 156 10 12 0.40955478 
660 290 9 13 0.40647355 
374 179 11 13 0.40238923 
781 106 8 11 0.39828393 
135 662 24 27 0.3951639 
505 670 22 28 0.39405942 
638 193 9 11 0.38980666 
385 196 9 11 0.38437942 
725 474 15 19 0.38015348 
429 315 11 14 0.3769266 
420 120 9 13 0.37000754 
504 635 16 18 0.35614756 
918 544 21 25 0.35126075 
474 159 9 12 0.34989125 
172 136 10 13 0.3481066 
380 382 15 17 0.34531176 
347 52 9 12 0.32167283 
428 169 9 11 0.31979868 
187 131 10 13 0.31286377 
205 359 10 14 0.3081457 
581 255 8 12 0.30269474 
679 215 9 12 0.29639226 
406 163 9 11 0.2877644 
201 136 10 13 0.28676552 
197 190 10 13 0.27926508 
680 190 10 13 0.27674022 
736 312 10 13 0.26571405 
377 144 9 12 0.26258036 
763 381 13 17 0.26181093 
635 246 9 12 0.25870395 
118 511 14 18 0.25566036 
681 135 9 13 0.24769168 
532 158 8 11 0.2417294 
585 229 11 15 0.2400858 
74 191 10 14 0.23934439 
819 529 13 16 0.23921803 
644 132 10 12 0.23706113 
690 151 10 12 0.23622878 
344 163 10 13 0.23488654 
820 436 12 16 0.23129715 
710 449 16 18 0.22824568 
340 373 13 17 0.21841069 
245 612 15 17 0.2116822 
534 192 11 13 0.20972978 
622 174 10 12 0.20932546 
622 358 10 13 0.20164293 
907 470 13 17 0.20162681 
493 143 8 11 0.19866781 
612 357 13 17 0.19747123 
491 186 12 16 0.19490077 
1000 568 19 20 0.19489998 
327 471 11 13 0.1897385 
605 243 10 13 0.18947102 
512 238 9 12 0.18836403 
242 118 9 11 0.1876379 
685 382 12 15 0.18734689 
292 110 9 11 0.18419749 
264 483 12 16 0.18094055 
308 170 10 13 0.1809073 
467 190 8 11 0.17783318 
601 191 11 14 0.17714648 
762 77 10 12 0.17617686 
487 674 16 19 0.17451164 
204 89 9 12 0.17400257 
750 93 9 11 0.17134765 
605 82 7 9 0.169363 
344 119 11 13 0.16739154 
58 197 12 15 0.16701193 
195 412 14 17 0.16528727 
328 603 24 30 0.16502848 
387 385 14 17 0.16478185 
613 140 8 12 0.16301914 
428 78 9 11 0.16228934 
286 403 12 16 0.16147591 
820 163 10 13 0.16039272 
701 124 9 11 0.15723172 
764 334 9 12 0.15597741 
586 95 9 11 0.15567069 
845 367 9 12 0.15497077 
841 420 12 16 0.14987019 
811 569 21 27 0.14818083 
299 534 13 16 0.14781201 
483 548 21 27 0.14735636 
112 107 9 12 0.14706022 
436 128 10 12 0.14453337 
772 151 9 13 0.14362654 
264 127 11 14 0.14126742 
581 112 8 11 0.14069249 
446 189 10 13 0.1381931 
765 576 13 18 0.13721941 
164 180 11 14 0.13467126 
509 283 8 11 0.13418803 
832 332 12 14 0.13038631 
721 69 8 11 0.12902673 
288 634 12 16 0.12652159 
596 152 10 12 0.12639417 
332 548 13 18 0.12619618 
522 146 8 10 0.12613463 
367 124 9 11 0.12507707 
284 660 21 27 0.1248559 
598 286 8 10 0.12433598 
329 99 9 12 0.12323826 
521 112 9 11 0.12319277 
406 98 7 10 0.122642085 
109 284 12 15 0.12102824 
139 195 9 12 0.120857544 
100 490 12 13 0.119974196 
383 419 12 14 0.119251706 
894 131 9 13 0.11898607 
134 181 10 12 0.11861082 
242 155 9 11 0.117764756 
551 429 13 15 0.11752096 
295 175 9 12 0.11686271 
785 146 11 14 0.11639061 
805 572 14 20 0.11636811 
741 75 8 11 0.116231754 
117 190 9 11 0.1157371 
883 530 14 17 0.11573517 
93 485 12 15 0.11388019 
381 72 9 11 0.11355909 
818 344 8 11 0.1131224 
598 373 11 15 0.113084845 
500 215 10 12 0.11204052 
497 219 9 12 0.110960126 
274 92 9 12 0.11056914 
393 118 8 11 0.110115774 
340 507 12 17 0.1097758 
218 196 8 11 0.10877427 
473 142 9 11 0.106397726 
281 183 10 14 0.10567164 
502 121 7 10 0.10483794 
17 575 16 21 0.10312249 
265 86 8 11 0.102165036 
548 603 10 13 0.10211861 
73 226 12 14 0.101268165 
592 171 9 12 0.099875264 
109 464 10 13 0.0989931 
923 642 11 14 0.09877589 
485 350 10 12 0.09815785 
229 188 9 11 0.097273976 
437 95 10 12 0.096615404 
619 127 7 10 0.09649481 
914 170 12 15 0.09607229 
580 286 11 13 0.09521517 
314 673 20 23 0.093607806 
693 301 10 14 0.09225885 
608 117 9 11 0.09205734 
89 485 10 13 0.09110115 
214 164 9 13 0.09073829 
577 326 11 14 0.090344734 
191 420 13 17 0.08966499 
73 268 14 18 0.08962362 
462 115 9 12 0.08950223 
727 51 9 11 0.08945891 
461 160 9 11 0.087457374 
498 159 9 11 0.08704476 
192 188 11 14 0.08638574 
325 165 9 12 0.085713595 
240 52 8 10 0.08555009 
638 144 9 11 0.08510929 
441 115 9 12 0.08494555 
243 181 11 13 0.08469133 
270 112 8 10 0.08279475 
759 104 9 12 0.081953116 
485 127 8 10 0.08130003 
402 72 7 9 0.08098693 
688 176 9 11 0.08065772 
121 596 12 15 0.08063887 
214 71 9 12 0.08050217 
165 150 10 13 0.08042388 
582 136 9 11 0.080216065 
649 182 8 11 0.07982914 
336 378 12 15 0.07897102 
737 142 10 12 0.07694556 
502 388 11 14 0.07648053 
912 571 12 18 0.07548805 
274 413 12 16 0.07517128 
566 581 13 17 0.07470354 
285 45 9 11 0.07460952 
626 223 10 13 0.07361653 
348 123 10 13 0.07263864 
454 199 8 11 0.0721036 
270 85 12 14 0.071488835 
871 107 11 12 0.07105292 
481 369 12 16 0.07102596 
549 631 15 18 0.07074424 
449 48 8 11 0.07037838 
472 102 7 10 0.07037111 
473 134 8 10 0.07009876 
237 412 11 15 0.06922663 
577 501 15 19 0.06913913 
703 399 9 11 0.0690087 
374 21 7 10 0.06738303 
293 136 8 10 0.067299336 
1002 202 13 16 0.066893645 
651 552 16 19 0.06683949 
811 122 33 35 0.06682413 
703 108 8 10 0.06588672 
394 125 8 10 0.06566534 
456 245 9 11 0.06561738 
815 439 19 25 0.065403536 
214 33 7 8 0.06537611 
229 568 13 17 0.06533057 
646 286 8 12 0.06422573 
553 79 9 11 0.063822985 
942 332 13 16 0.06364135 
449 319 10 15 0.06356891 
270 79 8 9 0.06332652 
337 34 9 12 0.06326525 
172 615 15 21 0.06305088 
275 605 14 16 0.06265546 
368 40 8 10 0.0625978 
175 626 11 13 0.06223874 
674 392 8 11 0.061945494 
311 149 9 12 0.06116811 
293 62 8 10 0.060959842 
647 338 13 18 0.060693026 
765 72 9 13 0.06053186 
334 128 7 10 0.059989158 
454 101 8 10 0.059792962 
502 459 12 15 0.059391532 
528 207 10 12 0.05904441 
97 147 11 14 0.05869865 
758 115 11 13 0.058374323 
364 350 10 13 0.058259916 
669 150 9 11 0.05808853 
687 54 9 11 0.05792644 
407 408 9 11 0.057871222 
134 129 8 11 0.057713367 
329 183 8 11 0.05667437 
868 411 11 14 0.05605688 
525 148 10 12 0.055595677 
398 111 9 12 0.055107083 
679 40 8 10 0.05505994 
262 462 9 12 0.054549478 
537 447 10 12 0.054228313 
446 78 9 10 0.05410464 
958 444 9 12 0.053993482 
400 159 11 13 0.053854268 
117 196 12 14 0.05383568 
222 404 11 15 0.053511374 
549 134 9 11 0.05339363 
635 144 7 9 0.052993104 
1010 562 13 21 0.052920032 
573 175 9 11 0.052897666 
878 438 17 22 0.052886046 
599 171 9 12 0.05220391 
498 124 8 10 0.05210858 
245 70 7 9 0.052005447 
677 394 12 15 0.05147872 
415 147 10 13 0.05146036 
702 130 10 14 0.05144419 
625 454 11 14 0.051383536 
227 46 6 9 0.05129663 
466 397 9 12 0.051293857 
646 37 8 11 0.050960366 
503 207 9 11 0.050691374 
740 311 9 13 0.050465383 
465 427 12 14 0.050012443 
672 443 13 17 0.049699515 
719 351 12 14 0.049651008 
566 140 9 12 0.049613006 
551 260 9 11 0.049150344 
361 167 9 12 0.049044326 
550 420 13 16 0.04891347 
478 477 11 14 0.048885778 
549 365 9 12 0.048879392 
467 406 14 17 0.04879618 
938 409 16 19 0.048716266 
690 394 12 15 0.048433978 
278 536 11 13 0.04836453 
700 27 10 12 0.048343822 
594 300 7 10 0.048324168 
654 182 10 12 0.048314977 
151 57 8 10 0.048117574 
963 546 12 20 0.0480717 
185 231 9 12 0.048057783 
323 189 12 15 0.04798649 
327 161 9 11 0.047923326 
268 131 9 12 0.047834706 
169 80 8 10 0.04771823 
347 158 11 14 0.04725541 
515 128 7 10 0.04722939 
139 179 12 14 0.04682214 
376 16 7 10 0.046816457 
542 604 13 17 0.046786137 
679 389 13 16 0.04626728 
409 478 10 14 0.04625676 
859 104 16 17 0.046117056 
702 211 9 12 0.04596684 
800 402 13 16 0.045811873 
237 89 8 10 0.04571985 
224 189 10 12 0.04571963 
102 318 11 13 0.04550645 
121 235 11 14 0.045289308 
593 207 9 12 0.045203533 
645 556 22 26 0.04507235 
161 228 9 12 0.045006964 
514 67 8 11 0.044981003 
234 7 8 10 0.04497967 
461 29 9 11 0.044844717 
279 153 8 10 0.044787716 
657 347 12 16 0.044768006 
634 422 15 18 0.04462859 
262 150 7 10 0.044545554 
478 193 8 10 0.04449608 
662 142 9 11 0.044431522 
822 330 11 14 0.04419919 
436 367 10 14 0.04408077 
121 144 8 10 0.04406853 
119 479 9 12 0.044038147 
575 597 12 16 0.043958414 
882 411 9 13 0.04393982 
406 566 14 18 0.043923747 
696 120 9 10 0.043863755 
217 64 8 10 0.043654937 
341 364 12 18 0.043589417 
614 135 10 13 0.04356524 
507 264 8 10 0.04339078 
696 245 9 11 0.043295663 
157 84 9 10 0.043225154 
210 232 9 12 0.042961687 
350 207 10 13 0.04291264 
266 476 14 18 0.042889148 
288 348 9 11 0.042876747 
574 437 10 13 0.042500917 
440 252 10 12 0.042414136 
657 141 9 11 0.042284604 
180 396 13 15 0.04215585 
226 182 9 13 0.041967988 
752 373 9 12 0.041936144 
186 100 8 11 0.04131425 
432 61 8 11 0.04119526 
265 522 12 16 0.041130193 
364 55 11 12 0.0411017 
729 316 9 12 0.04107967 
642 107 10 12 0.040993147 
241 173 11 14 0.040833723 
423 381 10 12 0.040741306 
386 349 14 17 0.040560123 
279 60 9 11 0.04044185 
195 32 7 9 0.04043704 
63 313 14 16 0.04018975 
985 597 19 25 0.040050335 
481 4 9 11 0.040035974 
160 150 10 12 0.03991865 
349 588 11 12 0.03973383 
692 155 10 13 0.039660174 
272 168 9 11 0.039617807 
854 547 9 13 0.03950424 
654 271 10 12 0.039175026 
786 382 11 13 0.039102122 
425 343 10 14 0.03881892 
708 596 13 17 0.038778193 
373 421 10 13 0.038669325 
446 5 7 8 0.03866547 
547 103 12 15 0.038391493 
366 168 8 11 0.038337477 
218 114 9 12 0.038328458 
916 576 12 17 0.038301025 
614 452 9 12 0.038196765 
641 128 10 11 0.038176436 
795 376 10 13 0.038156673 
199 117 9 11 0.03806248 
525 29 9 11 0.037972767 
437 223 9 12 0.037950825 
598 129 9 11 0.03785705 
310 393 11 14 0.037855 
48 563 12 15 0.037835997 
174 403 12 15 0.03783385 
896 422 12 14 0.03776651 
457 118 8 10 0.037604667 
183 72 8 10 0.0373249 
898 636 16 21 0.03725376 
575 69 9 11 0.03720583 
421 406 10 13 0.03716266 
629 467 13 17 0.03692144 
307 493 15 17 0.036739 
295 159 8 9 0.036716145 
265 181 9 12 0.036678437 
227 107 10 13 0.03665643 
184 95 9 11 0.03659268 
448 194 10 14 0.036591865 
653 276 10 12 0.03646208 
84 658 11 16 0.036458474 
695 191 8 11 0.036345705 
319 483 11 15 0.036192957 
466 47 8 11 0.035874873 
605 172 8 11 0.03583627 
674 713 56 64 0.03581812 
864 134 9 12 0.035799664 
510 143 8 11 0.035769947 
195 426 13 15 0.035750225 
217 349 10 12 0.035723723 
758 172 11 12 0.035464127 
675 347 13 16 0.03544153 
193 218 10 12 0.035356972 
611 118 10 12 0.03515718 
686 229 9 12 0.034815982 
670 103 9 11 0.03472724 
251 555 12 16 0.034627926 
97 118 10 12 0.03456609 
236 389 11 14 0.034496516 
462 24 8 10 0.034343883 
311 95 8 11 0.034251947 
480 86 7 10 0.034238692 
571 586 12 14 0.034183435 
276 88 9 12 0.03417966 
221 457 11 15 0.03412405 
168 363 10 13 0.03401802 
960 510 10 13 0.03396827 
560 454 14 18 0.033940017 
658 548 14 20 0.033849757 
145 95 8 11 0.03381828 
586 496 18 26 0.033654638 
498 54 8 10 0.033447284 
416 406 10 13 0.03343515 
110 507 16 20 0.03337735 
287 437 10 14 0.03335802 
375 119 9 12 0.03334026 
708 158 11 14 0.033315808 
225 175 8 10 0.033221785 
598 211 9 12 0.03317945 
473 150 9 11 0.033131987 
509 256 8 10 0.03309557 
589 225 10 13 0.03305837 
730 471 13 17 0.033010058 
907 637 11 15 0.032938674 
199 77 8 10 0.032879103 
528 190 10 13 0.032760642 
465 70 6 9 0.032713108 
958 540 12 16 0.032705806 
682 657 34 47 0.032704197 
329 16 8 10 0.032692716 
665 147 10 13 0.032388072 
397 116 9 12 0.032156862 
273 197 8 10 0.032131154 
695 364 12 14 0.03196621 
408 380 9 12 0.03192447 
519 52 8 11 0.03183941 
405 437 9 13 0.03182807 
138 111 7 10 0.03175429 
257 143 8 10 0.03166343 
99 167 284 321 0.031662717 
270 115 10 13 0.031660914 
649 277 9 12 0.03162747 
798 509 13 15 0.031607516 
487 22 8 10 0.03160668 
109 173 9 11 0.031478368 
797 516 12 16 0.03146136 
240 468 10 13 0.031433016 
152 189 8 11 0.03141115 
593 446 13 15 0.03139632 
818 668 24 27 0.0313029 
301 120 10 12 0.031301465 
671 156 9 11 0.031182228 
454 54 8 9 0.031150738 
470 47 8 10 0.031117814 
159 135 7 9 0.030991763 
616 160 7 10 0.03090218 
645 188 10 13 0.030865166 
244 629 11 16 0.03085684 
303 631 10 13 0.030740408 
493 483 12 16 0.030698445 
513 132 8 11 0.030690044 
503 316 10 13 0.030614963 
70 214 11 12 0.030602865 
280 634 12 17 0.030601827 
729 301 9 13 0.030590637 
410 192 9 11 0.030579483 
461 176 9 12 0.030467274 
268 469 12 15 0.030444985 
230 46 8 11 0.030354595 
372 432 11 16 0.030327365 
522 287 7 10 0.030256929 
396 389 11 13 0.030209627 
351 174 7 9 0.03019759 
716 534 17 20 0.030166756 
162 157 9 11 0.030159676 
217 141 9 10 0.030132623 
495 364 9 12 0.030014709 
738 72 9 11 0.030003905 
402 97 8 9 0.02994926 
381 147 9 11 0.029939067 
805 391 11 13 0.029911982 
741 476 11 15 0.029861486 
476 409 12 15 0.029836321 
166 229 10 12 0.029820569 
552 351 9 11 0.02978083 
127 83 8 11 0.029695679 
623 253 9 11 0.02968766 
321 477 10 14 0.029672254 
644 139 11 14 0.029667314 
360 437 11 15 0.029666722 
417 428 9 11 0.029654903 
682 231 8 10 0.02961174 
262 466 12 15 0.029601896 
155 81 7 9 0.029583616 
545 581 13 17 0.029576657 
850 422 17 20 0.029523743 
376 407 14 16 0.029491972 
941 548 10 15 0.029449478 
641 332 10 14 0.029419888 
1008 305 12 17 0.02939599 
212 652 17 22 0.029372966 
526 115 8 10 0.02932139 
526 437 11 13 0.029317604 
126 271 9 11 0.02929788 
311 61 7 10 0.029234346 
480 118 8 10 0.029204538 
575 442 11 16 0.02919387 
152 454 9 12 0.029190898 
347 102 8 10 0.029094784 
338 450 13 16 0.02894556 
320 62 9 12 0.02888995 
761 338 10 12 0.028800724 
98 124 9 11 0.028779587 
560 525 12 16 0.028731802 
753 99 10 13 0.028719097 
713 232 9 12 0.02870685 
349 467 10 14 0.028692087 
704 302 13 15 0.02867978 
124 399 10 12 0.028650587 
650 272 8 11 0.028643489 
376 102 7 9 0.028574137 
567 125 9 12 0.028546745 
567 629 12 15 0.028532863 
476 587 12 16 0.028526956 
234 26 6 8 0.028425941 
137 475 14 17 0.028378395 
547 413 14 16 0.02830307 
133 324 11 15 0.028267972 
597 293 9 11 0.028255545 
210 71 9 11 0.028126804 
505 142 9 11 0.02797858 
698 24 8 11 0.027962642 
336 86 8 9 0.027961448 
397 127 8 10 0.027918078 
92 640 25 29 0.027911136 
671 342 13 17 0.027910728 
735 355 10 14 0.027840221 
574 179 9 12 0.027818361 
392 343 11 13 0.027815461 
862 406 13 16 0.027763272 
712 362 12 16 0.027713943 
487 492 13 16 0.027713915 
854 149 9 12 0.027675737 
204 494 13 20 0.027653132 
764 375 12 15 0.027646234 
266 112 8 9 0.027629996 
454 49 7 10 0.027542964 
701 372 12 15 0.027512297 
237 394 12 16 0.027501907 
198 441 14 19 0.027478572 
82 644 38 47 0.027434127 
326 597 11 15 0.027398419 
518 48 8 11 0.027385645 
310 600 20 28 0.02738317 
442 78 8 10 0.027350713 
227 405 11 15 0.027297279 
365 433 14 17 0.027291505 
1011 186 11 15 0.027288437 
922 531 18 21 0.027278943 
255 476 10 14 0.027266169 
414 158 8 11 0.027249329 
879 319 15 18 0.02721694 
372 513 12 16 0.02721401 
130 129 8 9 0.027180009 
406 173 10 12 0.027140448 
626 459 13 16 0.027132643 
766 173 9 11 0.027112173 
238 419 12 14 0.027088424 
343 357 9 12 0.027071148 
216 403 11 14 0.02697661 
470 69 8 10 0.02697078 
821 348 9 11 0.026950575 
890 318 13 18 0.026945738 
291 331 39 45 0.026883261 
393 111 9 12 0.026812958 
688 118 9 11 0.026744287 
420 141 11 14 0.026743151 
706 256 7 8 0.026727756 
942 324 12 15 0.02664173 
332 96 9 12 0.02661909 
784 136 9 12 0.026609445 
806 502 12 15 0.026517598 
686 139 10 13 0.026430905 
713 287 7 10 0.02643081 
117 253 10 14 0.026326034 
409 453 11 14 0.026261166 
979 623 15 20 0.026249511 
366 405 8 12 0.026244247 
245 112 10 12 0.026234062 
617 165 7 10 0.02619781 
710 277 8 11 0.026193151 
150 183 9 11 0.026183616 
472 109 8 11 0.026157245 
570 22 9 11 0.026136145 
325 479 13 17 0.02609394 
507 387 12 14 0.026070997 
443 444 12 14 0.025994087 
335 501 13 19 0.025961298 
734 302 10 13 0.025958026 
136 212 9 12 0.025927072 
501 79 8 11 0.025882702 
104 467 12 14 0.025839841 
583 12 8 10 0.025816744 
325 601 16 23 0.025725434 
608 351 10 13 0.025724186 
692 380 12 15 0.025707956 
536 422 11 13 0.025655748 
96 594 12 15 0.025639933 
381 118 8 11 0.025639826 
551 295 9 11 0.0255057 
869 160 10 13 0.025452666 
920 587 12 16 0.0254455 
635 412 15 19 0.025444554 
244 474 12 16 0.025444193 
236 462 11 13 0.025412375 
688 307 11 13 0.025366865 
242 427 9 12 0.025344148 
517 63 9 13 0.025342708 
569 598 11 13 0.025299152 
990 565 12 17 0.025260443 
708 612 12 16 0.02525504 
717 478 15 20 0.025211528 
687 295 10 13 0.025208764 
309 422 12 16 0.0251883 
858 428 14 18 0.025149692 
699 365 13 16 0.025149273 
886 127 10 12 0.025117958 
725 70 8 10 0.025045132 
623 311 9 11 0.02504383 
445 184 10 13 0.025041936 
698 208 9 11 0.025036205 
37 71 447 573 0.025030935 
385 47 7 9 0.02494962 
326 49 7 9 0.024924811 
359 4 8 10 0.024833601 
110 133 8 10 0.024829408 
974 522 10 13 0.024818573 
601 111 7 9 0.02481686 
438 44 8 10 0.024802351 
889 610 17 19 0.024796562 
151 133 8 10 0.024725467 
557 441 13 16 0.024669038 
433 100 8 11 0.024650944 
868 479 15 20 0.024615034 
509 267 10 13 0.024512306 
373 123 10 13 0.024471194 
519 387 11 14 0.024466006 
559 182 8 10 0.024456225 
285 204 9 11 0.024439719 
277 166 9 12 0.024377517 
720 288 8 11 0.024329042 
602 240 9 11 0.02431468 
337 441 15 18 0.024312962 
579 331 11 14 0.024270479 
736 126 7 9 0.024263378 
724 349 11 13 0.024234913 
865 319 8 10 0.024221582 
577 114 9 12 0.024219839 
550 333 10 12 0.024171898 
251 549 13 15 0.024112884 
694 224 9 11 0.023985768 
610 137 8 11 0.023966363 
703 481 17 25 0.02389588 
557 83 10 13 0.023893772 
647 569 19 25 0.02384505 
535 428 9 12 0.023840686 
454 292 10 13 0.02381683 
162 128 7 9 0.023810972 
403 671 22 27 0.023809351 
658 49 7 9 0.023796404 
408 56 7 9 0.023776343 
585 53 8 10 0.023773216 
715 594 13 19 0.02361246 
263 116 10 13 0.023596823 
444 112 9 12 0.023592692 
205 436 16 20 0.023592087 
455 409 12 17 0.023530396 
784 387 10 12 0.02352462 
384 425 11 14 0.02352388 
280 405 11 15 0.02352348 
710 102 8 10 0.023495238 
873 443 14 19 0.02347717 
557 55 11 14 0.023474503 
894 522 13 17 0.023424963 
391 212 11 15 0.023424402 
587 537 17 21 0.023421979 
544 276 9 12 0.023418821 
329 474 12 15 0.023415547 
567 119 10 12 0.023390207 
280 604 16 18 0.023353139 
544 134 9 11 0.023341995 
838 548 11 16 0.023340497 
480 94 7 9 0.023336196 
196 157 9 12 0.02331742 
446 72 9 11 0.023301927 
615 448 9 11 0.02330018 
224 151 9 12 0.023297468 
495 163 9 12 0.023297418 
296 117 9 12 0.023250295 
159 112 9 10 0.023223406 
620 403 10 14 0.023099182 
569 507 10 15 0.023084199 
284 534 10 14 0.02307018 
106 315 11 15 0.023062617 
545 95 8 10 0.023052648 
647 442 14 15 0.023031395 
101 270 9 11 0.023023648 
582 362 12 16 0.02300157 
193 71 8 10 0.02291491 
237 136 9 12 0.022904104 
366 588 10 12 0.022876775 
142 111 7 10 0.022850864 
677 356 12 14 0.022826716 
267 537 24 31 0.022816654 
650 69 7 9 0.022790974 
533 93 10 13 0.022775346 
688 418 14 18 0.022768786 
317 451 12 16 0.02276514 
548 372 12 16 0.022762053 
193 151 8 12 0.02275271 
178 159 10 13 0.022728266 
221 63 8 11 0.02269251 
695 111 8 10 0.022692194 
672 55 8 10 0.02265691 
498 418 17 19 0.022654835 
159 165 10 12 0.022602053 
634 195 10 12 0.022598246 
293 347 10 13 0.022596361 
462 304 13 16 0.022515057 
438 227 9 12 0.02251502 
186 189 9 11 0.022496425 
271 409 9 13 0.022494517 
456 584 22 31 0.022488898 
752 62 9 12 0.022412118 
149 129 8 10 0.022388149 
790 453 12 15 0.022369301 
682 325 11 15 0.022339309 
672 214 10 13 0.022333713 
581 280 11 13 0.022259654 
216 467 11 15 0.022250978 
726 341 10 13 0.022242334 
68 372 10 13 0.022240764 
353 5 9 11 0.022238597 
360 109 8 10 0.022193432 
282 28 7 10 0.022178948 
167 165 9 11 0.02217463 
116 501 14 18 0.022170471 
352 93 8 10 0.022161685 
584 389 9 12 0.022156537 
92 77 10 13 0.022144357 
206 663 15 19 0.022141134 
634 468 15 19 0.022135738 
690 112 8 9 0.022109557 
304 343 11 13 0.02210031 
211 586 13 16 0.022093883 
256 103 9 11 0.022080215 
607 157 8 10 0.022054438 
213 222 10 12 0.021997174 
348 373 11 16 0.021986816 
477 133 9 12 0.021960175 
270 558 17 20 0.021956434 
643 403 12 16 0.021951282 
638 54 7 9 0.02195048 
568 0 7 9 0.021919018 
320 53 10 12 0.021896765 
242 554 14 17 0.02187278 
366 134 9 12 0.021857636 
286 23 7 10 0.021840451 
624 424 11 16 0.0218029 
704 285 8 11 0.021801999 
390 471 13 17 0.02178635 
514 111 8 10 0.021778816 
162 174 9 13 0.021773564 
153 113 7 9 0.021763166 
821 90 10 13 0.021761972 
743 460 10 13 0.021755584 
442 292 12 16 0.021752961 
701 246 9 11 0.02174776 
209 159 11 13 0.021736814 
550 357 10 14 0.021695837 
527 195 12 14 0.021688126 
585 87 9 12 0.021669086 
321 469 11 14 0.021636575 
616 317 11 13 0.021622747 
859 418 13 17 0.021601174 
112 476 10 14 0.0215933 
711 271 9 11 0.021562781 
393 95 7 8 0.02155964 
758 374 10 13 0.021545086 
949 436 9 13 0.021537581 
925 56 27 38 0.02150988 
516 230 10 12 0.02150802 
362 356 9 11 0.021480538 
495 327 8 10 0.021476509 
550 93 10 12 0.021468218 
711 80 8 10 0.02146217 
671 355 12 15 0.021448784 
194 55 8 11 0.021429649 
400 191 8 9 0.02140864 
196 659 14 19 0.021394484 
1003 557 16 21 0.021391084 
548 430 19 24 0.021384213 
909 420 22 27 0.021363353 
694 143 10 12 0.02135884 
743 358 10 12 0.021348123 
841 371 10 14 0.0213409 
100 478 13 15 0.021297833 
130 285 9 12 0.021292344 
764 102 11 13 0.021251608 
344 70 10 13 0.021228008 
329 149 9 10 0.021208467 
622 316 10 13 0.02120041 
693 174 8 12 0.021183377 
524 364 11 14 0.02117286 
884 405 11 15 0.021114398 
262 144 9 11 0.021093002 
946 307 12 15 0.021081377 
85 445 10 11 0.021080237 
718 174 10 14 0.02107018 
529 79 7 9 0.021062855 
551 300 10 12 0.021062206 
312 117 8 11 0.021049846 
194 61 8 10 0.021033172 
592 25 7 9 0.021031234 
61 501 9 12 0.021014338 
170 207 10 12 0.021006184 
16 567 10 12 0.020995777 
434 44 8 11 0.020992711 
182 32 9 10 0.020990707 
494 254 9 12 0.02097213 
478 112 8 10 0.02096404 
550 153 7 9 0.020963732 
487 515 13 18 0.020953076 
398 34 8 9 0.020940712 
644 398 10 13 0.020932604 
905 161 22 26 0.020915283 
437 61 9 11 0.020909501 
110 485 10 12 0.020905932 
876 636 26 30 0.020903505 
488 333 10 13 0.020900302 
232 466 11 13 0.020872453 
774 370 12 15 0.02086335 
543 634 15 18 0.020854313 
209 399 8 11 0.02084984 
622 362 13 17 0.020825561 
255 109 9 12 0.020808244 
834 420 12 16 0.0207943 
536 287 8 11 0.020777022 
511 188 10 13 0.020747961 
590 365 13 16 0.020730413 
440 183 8 10 0.020723293 
97 270 9 12 0.02071169 
397 475 11 14 0.020684399 
495 358 9 13 0.020665608 
267 461 12 15 0.020660844 
582 183 9 11 0.020659057 
542 418 14 17 0.020659 
345 507 14 17 0.020653926 
703 599 24 30 0.020649409 
111 493 10 13 0.020622158 
510 355 9 13 0.020616489 
729 127 8 11 0.020614343 
726 293 10 13 0.020581732 
320 414 10 13 0.020549515 
396 495 14 17 0.020533025 
191 380 12 15 0.020529322 
528 432 10 12 0.020527871 
799 388 11 14 0.020517157 
903 324 12 17 0.020481288 
211 646 14 16 0.020476002 
335 573 13 17 0.020470802 
621 286 13 17 0.02045893 
833 570 15 22 0.020431196 
272 631 19 25 0.020418765 
880 389 15 18 0.020389726 
713 48 7 10 0.020387562 
282 24 8 9 0.020377357 
359 159 8 11 0.020372212 
775 486 10 12 0.020329807 
145 128 8 11 0.02030809 
743 364 12 15 0.020303536 
752 351 9 10 0.020288555 
736 351 9 12 0.020284893 
628 174 9 12 0.020255828 
716 236 11 13 0.020244503 
615 325 9 12 0.020242713 
105 133 9 11 0.020240631 
104 310 10 13 0.020238634 
233 483 14 20 0.020223338 
148 222 11 14 0.020203864 
835 328 11 14 0.02020188 
974 610 21 26 0.020184169 
518 132 8 11 0.02017631 
512 181 9 13 0.020173803 
753 167 11 13 0.02016405 
546 152 8 10 0.020148482 
208 17 8 10 0.020147266 
457 163 8 11 0.020132834 
301 22 8 10 0.020124434 
671 63 8 9 0.020105176 
748 367 11 15 0.02009199 
226 78 7 9 0.020091498 
544 436 12 15 0.020082267 
201 363 10 13 0.020073159 
336 549 17 22 0.020065261 
121 352 9 11 0.020064412 
320 127 8 10 0.020048656 
402 76 7 10 0.020045929 
230 395 11 15 0.020038933 
117 648 13 17 0.020022674 
860 363 11 15 0.020007461 
253 437 12 14 0.0200008 
