10_People_Marching_People_Marching_2_793
26
279 77 46 58 0.9967739 
64 136 47 57 0.9962135 
127 79 44 60 0.9954791 
406 80 47 58 0.9942836 
899 13 44 62 0.9939545 
512 100 47 53 0.9938392 
417 5 42 54 0.98310226 
651 179 43 52 0.9797808 
804 118 43 51 0.9753201 
936 166 42 53 0.9620933 
247 174 54 64 0.06852185 
325 168 44 49 0.050831083 
54 403 99 117 0.041516494 
749 194 50 70 0.037084546 
194 100 32 45 0.036835846 
731 321 19 21 0.035881143 
366 211 42 60 0.029070023 
873 209 44 63 0.028017689 
1 386 8 15 0.025271738 
27 615 39 32 0.024965638 
143 306 22 27 0.023219595 
848 231 51 60 0.022372836 
350 193 48 66 0.021675162 
783 414 8 10 0.021209095 
277 405 107 149 0.020810407 
1001 214 16 19 0.02060738 
