10_People_Marching_People_Marching_10_People_Marching_People_Marching_10_People_Marching_People_Marching_10_933
47
111 201 37 46 0.9498028 
539 157 25 32 0.90950763 
982 139 20 28 0.34004667 
521 178 19 24 0.105246745 
281 55 19 22 0.08745779 
847 0 10 11 0.07977389 
259 77 28 35 0.067109056 
787 39 20 27 0.06005927 
461 0 20 20 0.058420695 
948 23 9 11 0.056572843 
331 192 8 12 0.055321377 
232 10 13 17 0.05393686 
232 168 28 32 0.051127385 
362 291 10 14 0.04483313 
545 283 24 26 0.0429923 
717 40 15 20 0.04139017 
528 183 18 21 0.038217846 
315 70 16 21 0.038030468 
807 51 12 15 0.036689498 
666 2 23 29 0.036655746 
245 206 12 13 0.035583813 
735 10 13 15 0.034613993 
749 36 14 20 0.030078653 
799 44 22 28 0.02842073 
769 0 28 25 0.028151378 
46 42 15 20 0.027803252 
723 0 13 12 0.026515959 
219 204 37 40 0.025697585 
345 191 10 12 0.025356622 
804 0 24 28 0.02493882 
254 129 13 17 0.02480087 
392 20 12 14 0.024749728 
556 4 23 28 0.02451837 
339 45 16 21 0.024106305 
1 1 16 19 0.0239674 
181 0 11 11 0.023838509 
642 8 23 35 0.023263559 
217 0 15 15 0.02317843 
754 33 14 19 0.022813052 
239 111 25 33 0.022246867 
743 41 16 21 0.021162191 
106 4 17 18 0.021007072 
969 44 12 15 0.020985559 
806 53 22 26 0.020767253 
733 1 25 27 0.020604456 
380 0 12 12 0.020259574 
651 1 12 12 0.020040562 
