10_People_Marching_People_Marching_10_People_Marching_People_Marching_10_People_Marching_People_Marching_10_674
352
843 285 11 15 0.96484804 
823 275 9 13 0.7829733 
273 456 20 27 0.7748615 
830 400 15 16 0.7004414 
516 253 9 11 0.6515732 
981 316 11 14 0.59530175 
695 267 11 14 0.5850334 
917 310 12 15 0.499055 
234 271 10 12 0.48536503 
258 301 12 15 0.4730825 
367 512 22 30 0.45220414 
527 339 10 13 0.44166327 
43 443 13 20 0.4293514 
463 345 12 14 0.39540026 
789 293 10 13 0.36291242 
596 334 12 16 0.3382616 
865 310 11 14 0.32308626 
895 309 10 12 0.30538183 
626 378 16 19 0.29699722 
470 473 27 32 0.29062203 
638 341 13 16 0.28956336 
488 307 10 12 0.25964874 
368 266 11 13 0.25614452 
775 291 11 14 0.25526708 
407 377 15 18 0.2531371 
632 531 18 33 0.23521398 
880 335 11 14 0.2326985 
207 313 12 15 0.2287875 
392 343 10 13 0.22684377 
509 291 8 9 0.2243996 
448 325 9 11 0.22011247 
407 332 9 12 0.21101895 
797 312 11 13 0.20143774 
414 256 11 12 0.18757863 
248 253 11 13 0.1765589 
385 260 7 10 0.16870533 
678 381 12 15 0.16698061 
868 287 12 14 0.15729922 
846 221 10 13 0.15679626 
495 382 13 17 0.15394944 
341 343 9 12 0.15345249 
15 369 12 18 0.1517183 
904 220 10 13 0.1508991 
511 358 11 14 0.14512432 
325 326 8 12 0.14364429 
791 288 9 13 0.13725427 
355 516 23 34 0.13618112 
964 313 12 15 0.13286766 
85 387 16 18 0.13212804 
591 382 13 14 0.12973231 
342 527 21 28 0.1267586 
348 295 10 13 0.12390577 
653 326 10 12 0.123461545 
317 266 8 10 0.12313041 
760 356 10 12 0.12295346 
710 381 11 15 0.12235715 
784 293 10 13 0.11245672 
198 457 14 18 0.11163123 
343 477 12 19 0.11088863 
756 286 10 14 0.10505886 
722 585 19 27 0.10016371 
563 387 13 16 0.09827869 
840 222 9 12 0.098196805 
218 325 10 14 0.09755077 
442 343 8 11 0.09630186 
100 294 10 12 0.09471349 
166 237 13 18 0.09129148 
296 261 10 13 0.09109349 
950 297 12 14 0.08699523 
196 346 13 16 0.08605622 
799 332 10 12 0.08441129 
795 565 30 37 0.08314844 
762 545 22 30 0.08101729 
637 271 8 10 0.07871189 
709 341 9 12 0.078177385 
139 468 56 63 0.07796463 
359 481 16 20 0.07234262 
614 533 38 48 0.07138228 
400 257 7 10 0.0703843 
598 268 8 11 0.06883802 
1001 327 9 11 0.06872885 
126 420 10 14 0.068503745 
432 262 7 9 0.067312986 
225 311 8 10 0.06567756 
139 409 13 19 0.06544113 
626 261 8 10 0.063648194 
476 360 10 12 0.062442895 
165 229 10 13 0.0623898 
273 311 10 13 0.062237937 
759 316 9 11 0.059865613 
606 223 11 15 0.05951568 
725 359 10 12 0.058801517 
674 272 9 11 0.058717996 
409 256 8 11 0.05845661 
752 290 10 12 0.05742656 
776 380 10 14 0.057369456 
449 330 9 12 0.054558627 
588 308 9 11 0.05426228 
349 458 9 12 0.053594735 
410 489 16 21 0.0535665 
817 275 11 15 0.053407986 
430 332 8 10 0.05285927 
897 305 9 11 0.052601058 
677 275 10 12 0.052231517 
717 291 14 19 0.0518831 
885 327 11 14 0.050150033 
806 277 10 13 0.05003531 
661 355 9 12 0.049859323 
640 529 17 29 0.049559016 
788 554 50 60 0.048764285 
284 502 11 15 0.048716433 
499 342 7 10 0.04836205 
82 403 14 17 0.04813435 
777 336 9 11 0.04801614 
85 422 13 22 0.04746948 
9 364 22 30 0.046701737 
510 350 10 12 0.046319127 
446 360 14 19 0.046287596 
503 262 8 9 0.04403848 
339 319 7 9 0.043370504 
76 377 12 15 0.043201335 
700 570 15 24 0.042987768 
411 461 14 17 0.04235164 
382 359 11 15 0.042253003 
685 254 9 11 0.042232998 
801 579 18 24 0.041736905 
371 263 11 14 0.041613027 
257 620 18 24 0.041528065 
161 235 12 17 0.04124592 
557 343 10 14 0.041168112 
255 295 12 16 0.041155532 
654 281 12 14 0.038947005 
701 551 29 38 0.03894432 
21 245 10 12 0.038841225 
637 598 45 69 0.038539134 
345 264 8 10 0.037909884 
326 331 10 12 0.03770768 
370 255 8 9 0.037647672 
657 351 10 13 0.03748015 
968 372 10 12 0.03738861 
913 313 11 15 0.03736783 
404 467 24 28 0.03734501 
743 358 9 12 0.037228677 
447 321 8 11 0.037048608 
50 396 12 16 0.036821973 
198 256 11 12 0.036731593 
106 331 12 15 0.03627624 
49 442 13 20 0.036042407 
53 286 11 13 0.035644505 
457 247 8 10 0.03449045 
79 397 14 17 0.03397943 
642 344 13 16 0.03364695 
1004 517 10 13 0.03352655 
2 419 8 12 0.03321381 
0 365 31 53 0.03280684 
329 481 23 30 0.03261312 
890 207 8 10 0.03254137 
918 293 9 11 0.032124747 
368 312 7 10 0.032019973 
229 287 9 12 0.031962853 
295 491 16 19 0.03183001 
808 271 9 12 0.031558055 
587 304 8 11 0.031517193 
656 340 9 13 0.031335242 
22 411 9 13 0.031303406 
191 323 11 13 0.03109775 
240 620 10 12 0.030783327 
728 374 10 13 0.030767271 
634 538 24 40 0.03074678 
345 325 9 11 0.03047344 
614 261 8 11 0.030440297 
70 413 14 18 0.030381959 
776 298 10 13 0.030367317 
706 365 9 12 0.030210592 
553 345 10 14 0.030186767 
76 408 14 18 0.030142756 
279 254 10 13 0.030082773 
189 203 9 12 0.030009136 
137 235 10 14 0.029742213 
654 320 11 13 0.029629722 
141 221 8 10 0.029572416 
852 358 10 12 0.029552756 
184 292 10 12 0.029355092 
246 487 26 36 0.029252926 
953 294 13 14 0.029044712 
534 374 9 11 0.02904076 
4 640 10 14 0.028926097 
860 371 11 14 0.028771657 
798 285 9 12 0.028619677 
848 226 10 13 0.028607076 
372 349 11 13 0.028595343 
903 325 10 13 0.028572354 
115 402 12 17 0.028514767 
129 271 10 12 0.028313495 
72 374 12 15 0.028273368 
942 246 8 10 0.028217666 
415 318 9 11 0.02814879 
260 461 28 34 0.028116448 
91 380 14 16 0.028112883 
192 260 11 14 0.028107869 
444 491 18 22 0.027910793 
38 446 23 28 0.02783712 
350 325 9 11 0.027732514 
280 458 23 31 0.027686208 
444 348 11 13 0.027679889 
342 319 9 12 0.027679848 
816 319 8 11 0.02765214 
429 492 14 19 0.027637843 
393 256 7 10 0.027612055 
728 380 11 13 0.027570536 
540 351 10 13 0.02749558 
773 345 12 16 0.02748592 
335 494 14 20 0.027316026 
673 336 9 11 0.027313039 
402 332 9 12 0.027269647 
708 563 28 35 0.02719436 
442 478 17 20 0.02677674 
442 253 9 12 0.026630795 
919 230 10 13 0.026540639 
127 257 12 15 0.026361082 
135 406 13 16 0.026091116 
438 303 7 10 0.025945306 
505 311 9 11 0.025931945 
923 310 10 13 0.025869368 
715 580 20 24 0.025788967 
515 364 12 13 0.02565231 
130 388 10 12 0.025633529 
345 539 29 34 0.025566217 
735 286 10 13 0.025556128 
518 625 23 25 0.025384221 
402 327 8 10 0.02537677 
900 316 10 13 0.025124162 
77 415 19 26 0.025109926 
383 333 9 10 0.024993965 
342 466 14 22 0.024835112 
478 299 10 14 0.024701638 
280 355 12 16 0.024637356 
189 286 9 13 0.024485538 
654 330 10 13 0.024474928 
735 359 9 11 0.024410935 
593 268 10 12 0.02436526 
740 285 10 13 0.024354836 
407 310 9 11 0.024329409 
299 266 12 14 0.024227275 
573 359 12 13 0.024153758 
480 319 8 10 0.024148075 
771 547 27 36 0.024054874 
389 261 9 10 0.024043258 
561 280 7 10 0.024011511 
61 424 11 16 0.024002038 
522 335 8 11 0.023980778 
117 459 12 16 0.02391184 
131 416 16 20 0.023888843 
691 397 11 14 0.023804214 
871 327 10 13 0.023801465 
76 285 11 13 0.023762923 
925 250 9 13 0.02373337 
179 394 14 21 0.023633385 
5 360 16 21 0.02354247 
594 328 8 11 0.02335607 
966 302 11 12 0.023354847 
802 280 8 10 0.023346324 
277 556 12 16 0.023329673 
624 256 9 11 0.02332888 
420 674 13 13 0.023095911 
351 263 7 10 0.02299208 
248 287 9 11 0.02298378 
853 302 9 12 0.022962172 
770 293 9 11 0.022918733 
247 292 9 11 0.022834629 
463 247 7 10 0.022801956 
445 531 12 15 0.02269362 
580 378 16 16 0.022511782 
100 213 11 13 0.022364762 
562 285 7 10 0.02234684 
649 573 97 103 0.02229841 
420 489 15 20 0.022291653 
751 373 12 15 0.022284647 
416 324 9 12 0.022248017 
791 231 12 14 0.02219746 
927 224 8 10 0.022139201 
782 551 33 46 0.022114022 
320 452 26 34 0.022090668 
878 303 10 12 0.022055374 
307 477 14 18 0.022042373 
389 336 10 13 0.021986535 
108 317 11 13 0.021957325 
201 308 10 14 0.021953352 
1001 320 10 12 0.021829473 
834 222 9 11 0.021789862 
382 326 9 11 0.021678722 
391 572 21 23 0.021671053 
758 322 10 14 0.021667155 
191 268 10 13 0.021629477 
374 343 10 12 0.021595085 
783 287 9 13 0.021539774 
246 311 10 12 0.021523612 
64 174 8 10 0.021513492 
359 301 9 12 0.021498535 
377 319 8 10 0.02143381 
105 428 15 18 0.021429049 
815 270 10 12 0.02139696 
322 468 16 21 0.02134215 
751 367 10 13 0.021334322 
100 378 11 14 0.02132234 
479 325 9 10 0.02130509 
19 373 12 19 0.021283334 
433 318 7 9 0.021276811 
996 629 8 10 0.021239776 
337 346 10 13 0.021222161 
632 332 12 15 0.021212421 
661 324 9 12 0.021159716 
888 293 9 11 0.021153392 
657 397 11 15 0.021095889 
784 299 9 12 0.021079792 
251 522 12 15 0.02103176 
521 287 7 10 0.020985948 
824 398 15 17 0.020968722 
369 286 7 10 0.020963604 
437 496 13 18 0.020955281 
133 276 9 11 0.020887863 
486 175 8 9 0.02080831 
543 270 8 10 0.020778783 
394 247 7 9 0.020747522 
299 481 18 22 0.020717379 
947 322 13 16 0.020717302 
626 545 19 27 0.020713665 
358 256 9 10 0.020696286 
653 389 11 14 0.020589259 
334 529 17 22 0.020588325 
248 147 10 12 0.020568984 
522 340 10 12 0.02056644 
253 257 11 14 0.020557333 
206 261 9 11 0.020541647 
686 278 10 12 0.020494364 
166 224 9 11 0.0204766 
683 545 38 46 0.020469032 
756 375 14 20 0.020454792 
638 275 9 12 0.020405088 
588 376 20 24 0.020399982 
794 333 10 11 0.020360544 
854 269 9 11 0.020344654 
758 362 11 15 0.020315064 
692 363 11 15 0.02027289 
207 311 19 23 0.020237776 
505 348 8 11 0.020183373 
204 255 9 12 0.020155061 
957 168 11 13 0.020131947 
936 317 9 12 0.020118464 
421 260 9 12 0.020081386 
765 350 11 15 0.020065356 
677 316 12 14 0.02003839 
