10_People_Marching_People_Marching_2_36
198
556 320 31 38 0.9903532 
698 303 29 38 0.99009633 
815 328 32 39 0.98650277 
305 334 32 39 0.9802704 
466 305 29 37 0.97713804 
501 317 27 38 0.9750089 
944 324 44 56 0.97015274 
258 321 28 36 0.96618617 
426 299 30 37 0.9652864 
752 312 31 38 0.9621074 
223 313 27 38 0.9575043 
650 306 23 30 0.95217043 
32 287 17 21 0.9490609 
384 292 26 34 0.8882866 
12 311 16 20 0.8760178 
155 306 25 35 0.84354085 
902 303 13 17 0.82465327 
189 307 26 34 0.81570274 
671 271 15 19 0.78475094 
50 407 13 16 0.556806 
850 286 23 26 0.5521409 
930 296 13 19 0.5463359 
118 291 22 28 0.46691108 
129 294 24 28 0.42246455 
93 311 15 18 0.41232085 
959 277 13 16 0.32424688 
640 290 13 19 0.30213273 
58 237 14 17 0.25287098 
594 274 16 20 0.20778683 
974 293 15 19 0.15485874 
60 375 10 14 0.14420037 
517 282 26 29 0.13738696 
568 290 13 16 0.1136773 
104 411 13 17 0.11342979 
886 310 43 58 0.11053044 
830 294 14 17 0.109401055 
309 288 25 30 0.10226071 
30 340 16 19 0.09969014 
149 302 21 30 0.0980724 
673 305 18 22 0.082778946 
10 342 14 17 0.08202764 
718 282 13 15 0.078493066 
599 295 14 19 0.077232495 
845 293 28 36 0.072211914 
323 292 18 23 0.07183903 
81 222 9 12 0.06839839 
816 289 25 29 0.06743824 
77 373 11 14 0.0673414 
672 336 18 20 0.06514729 
209 343 17 20 0.06309066 
945 286 25 28 0.062912576 
519 314 30 36 0.06229181 
326 335 29 34 0.062207855 
941 285 13 15 0.06118736 
953 277 23 25 0.060569752 
46 227 9 11 0.057976052 
752 228 20 23 0.057960227 
629 292 16 21 0.05483423 
207 314 28 33 0.053666696 
451 331 17 19 0.050407518 
359 312 26 31 0.050122388 
608 304 24 30 0.04905893 
641 295 23 30 0.048255574 
97 303 22 27 0.048192874 
621 367 11 15 0.047438145 
54 419 11 14 0.046945978 
814 296 44 58 0.046907187 
258 230 15 17 0.045501247 
780 292 14 17 0.044766627 
604 348 10 14 0.044542 
369 36 10 12 0.044194583 
949 297 15 18 0.044033922 
613 322 25 30 0.043858692 
908 302 46 60 0.043619543 
31 236 8 10 0.042530477 
14 427 14 18 0.042124562 
402 319 25 29 0.04155941 
63 424 9 11 0.040382713 
276 376 9 12 0.03962819 
439 439 14 20 0.0392754 
813 293 15 19 0.03925535 
45 246 8 11 0.039101034 
288 356 16 19 0.038474835 
618 296 23 27 0.038267937 
354 290 26 29 0.03754489 
252 354 12 15 0.0371264 
72 395 10 12 0.036811784 
259 391 11 13 0.036504958 
977 407 38 54 0.0361916 
960 286 22 27 0.03614112 
919 298 16 20 0.036116444 
70 360 8 11 0.035739757 
178 308 25 31 0.035487466 
544 288 13 17 0.034848962 
399 443 15 21 0.03473144 
903 263 7 11 0.033873156 
363 285 17 21 0.0334993 
732 301 14 18 0.03316047 
302 277 23 31 0.033026684 
366 199 12 16 0.03264935 
-1 324 7 14 0.03235269 
949 284 15 17 0.031455714 
777 355 17 20 0.03133317 
938 291 21 26 0.031296413 
577 322 29 32 0.031115908 
305 400 9 12 0.031018425 
173 338 17 19 0.030863598 
253 328 16 22 0.030193554 
349 274 13 16 0.030139843 
186 295 45 53 0.029907964 
905 326 32 40 0.029865835 
86 228 9 11 0.029704005 
514 295 33 44 0.029679263 
115 285 18 24 0.029662987 
370 292 23 30 0.029378567 
229 311 44 48 0.029201265 
942 281 9 11 0.029070495 
30 253 8 11 0.028829962 
852 302 29 39 0.028749995 
827 286 25 30 0.028112238 
37 422 10 13 0.027424866 
273 318 28 33 0.027408352 
390 432 26 36 0.027342698 
6 246 9 13 0.027220879 
90 346 26 43 0.027064996 
465 208 9 11 0.027006038 
6 405 9 12 0.026897164 
1004 290 14 20 0.026745778 
299 275 16 25 0.026697453 
116 279 38 47 0.026576309 
26 235 8 12 0.026512466 
440 319 26 29 0.025976082 
657 474 16 17 0.025967468 
157 300 18 23 0.025820259 
619 311 17 20 0.025706787 
111 294 15 22 0.025627516 
602 281 15 19 0.025360713 
211 320 15 21 0.025154294 
612 302 15 19 0.02500492 
691 285 14 17 0.024882665 
134 301 26 31 0.024594987 
669 427 21 30 0.024578186 
531 322 26 34 0.02449063 
716 364 10 14 0.024441866 
403 301 26 30 0.024138628 
97 430 11 13 0.024045296 
63 447 8 10 0.024040923 
730 342 16 20 0.02398615 
321 398 9 11 0.02382785 
941 325 13 19 0.02378857 
953 278 12 14 0.02367849 
96 221 173 212 0.023486536 
630 276 9 12 0.023483064 
348 195 13 16 0.02343728 
583 298 13 16 0.02341522 
802 323 27 35 0.02321036 
767 289 27 31 0.023096034 
958 406 12 15 0.023084136 
373 350 14 20 0.023033848 
339 373 15 19 0.023017097 
668 351 38 52 0.02257691 
576 383 9 12 0.022556158 
170 322 27 30 0.02236939 
326 499 23 33 0.022267854 
66 238 12 14 0.02222287 
693 262 11 15 0.02216757 
612 349 36 47 0.022129834 
679 306 23 30 0.02198026 
724 301 24 29 0.021978343 
162 328 27 30 0.021826195 
455 370 13 17 0.021700274 
80 428 7 10 0.021669395 
939 296 49 61 0.021513471 
550 335 15 21 0.021379469 
175 376 9 12 0.02131981 
921 302 23 31 0.021215782 
332 287 22 30 0.021206025 
38 355 12 13 0.021126535 
192 357 11 14 0.020944176 
95 436 12 15 0.020930005 
477 360 8 12 0.020927068 
88 294 10 13 0.020818414 
53 366 12 14 0.020761134 
576 249 10 12 0.020663971 
710 282 16 17 0.020647204 
559 292 13 16 0.020618733 
145 298 16 23 0.020567019 
8 333 12 15 0.02055702 
96 222 9 11 0.020549487 
777 313 28 34 0.02044602 
24 252 9 12 0.020437825 
63 386 11 14 0.020225925 
734 205 10 13 0.020208362 
225 196 9 13 0.020204628 
710 300 30 35 0.020198759 
639 261 9 11 0.020154797 
71 425 8 10 0.020084454 
32 428 10 14 0.02003911 
