10_People_Marching_People_Marching_10_People_Marching_People_Marching_10_524
63
585 167 63 75 0.9988305 
65 129 76 90 0.9815931 
841 137 54 62 0.9624131 
282 206 43 50 0.8926433 
496 84 54 64 0.40414268 
724 184 55 77 0.10687991 
501 247 17 23 0.09628219 
287 163 60 76 0.07678638 
531 146 30 38 0.068189 
500 78 38 39 0.06762118 
70 83 79 106 0.06475538 
274 217 33 37 0.064024545 
39 82 52 69 0.06386672 
512 119 52 63 0.060444754 
475 104 55 76 0.058032226 
1 119 44 69 0.05686398 
141 177 48 63 0.05648452 
709 111 56 68 0.05229154 
864 134 58 66 0.050566256 
283 118 66 79 0.04672244 
400 232 19 27 0.0438172 
515 74 45 52 0.042956863 
298 128 17 18 0.039348416 
698 91 45 58 0.03659823 
503 146 25 30 0.035763625 
685 180 66 84 0.034644943 
711 143 62 72 0.032938723 
214 246 27 31 0.032803155 
268 77 50 61 0.031362463 
908 175 31 36 0.030015709 
201 226 51 56 0.029838618 
455 120 55 74 0.029513834 
265 180 77 93 0.029229421 
231 160 47 67 0.028684167 
358 228 13 16 0.027664324 
255 173 49 67 0.027508551 
643 190 47 61 0.027471704 
488 90 89 106 0.027442252 
654 143 17 20 0.027172212 
331 106 51 72 0.026062706 
575 199 32 41 0.025519118 
757 88 55 74 0.025381315 
539 146 18 21 0.024566263 
724 142 27 34 0.024520658 
830 103 94 110 0.024100048 
292 131 27 32 0.023679042 
662 189 47 72 0.023629924 
706 70 98 115 0.023608724 
96 148 64 77 0.023569308 
463 268 12 14 0.023150321 
245 243 13 16 0.023101632 
1011 169 12 21 0.023047442 
125 152 54 70 0.022849157 
472 113 24 31 0.022371277 
970 170 15 19 0.022286776 
996 259 14 19 0.021649862 
540 140 17 17 0.021429626 
432 116 49 74 0.020988692 
497 232 40 55 0.020640792 
109 114 57 76 0.020477276 
357 231 21 28 0.02046751 
889 137 41 48 0.02023156 
207 201 58 67 0.020047512 
