10_People_Marching_People_Marching_2_239
25
349 221 69 87 0.9977223 
515 351 48 61 0.99515414 
841 236 72 84 0.98844403 
979 400 37 53 0.939534 
61 405 46 54 0.93568045 
721 73 120 127 0.11010793 
245 609 14 19 0.10303888 
5 440 29 34 0.07430773 
5 386 12 14 0.052889545 
930 355 38 57 0.048548087 
616 360 91 116 0.044073984 
964 160 25 28 0.042769995 
129 93 11 14 0.041001886 
586 47 237 257 0.03102068 
209 369 62 76 0.027270645 
106 337 16 18 0.026314665 
958 373 45 59 0.025302624 
196 477 15 18 0.025013676 
228 513 13 17 0.024925675 
973 184 17 21 0.024920119 
500 9 360 459 0.024544902 
561 356 42 50 0.023671193 
578 511 16 21 0.023133421 
630 335 60 64 0.021510074 
17 449 31 34 0.020969938 
