10_People_Marching_People_Marching_2_131
30
683 259 33 42 0.9983034 
841 329 33 41 0.9982139 
449 237 35 42 0.9968546 
283 312 37 45 0.9964709 
408 297 36 46 0.9962147 
730 323 35 43 0.9938951 
469 365 43 56 0.99317485 
512 304 35 43 0.9930744 
737 400 39 49 0.99105364 
144 305 36 47 0.9909734 
327 214 34 44 0.98942167 
202 371 39 45 0.9876623 
622 317 36 43 0.9860184 
564 267 33 44 0.9840312 
612 373 40 50 0.98363185 
341 387 37 49 0.97024196 
662 271 14 19 0.069614224 
671 391 38 50 0.06079836 
655 289 23 34 0.046405848 
698 512 27 43 0.0416015 
588 411 22 29 0.037524685 
674 653 48 62 0.029900659 
659 259 23 31 0.029394533 
377 251 40 48 0.02800292 
602 348 13 17 0.02491544 
428 265 23 34 0.023515578 
673 259 28 37 0.02253283 
659 274 23 35 0.02056211 
484 267 19 25 0.020486021 
575 340 28 35 0.020077135 
