10_People_Marching_People_Marching_2_373
605
381 188 29 38 0.99896324 
282 295 35 42 0.9976241 
698 337 32 41 0.9974572 
267 201 30 32 0.99727684 
137 315 31 36 0.9971512 
970 92 25 31 0.99686605 
756 275 34 39 0.9963897 
809 297 36 40 0.9962781 
252 400 37 47 0.99600667 
394 347 35 43 0.99583733 
144 504 46 53 0.9957767 
291 471 34 42 0.9956731 
982 151 26 34 0.99539053 
313 204 29 39 0.9951787 
337 167 26 31 0.9950872 
756 335 31 38 0.9950441 
169 385 33 40 0.9947377 
511 413 41 53 0.994338 
224 310 30 38 0.9940288 
19 321 37 41 0.9936488 
259 262 29 38 0.9935681 
912 228 29 37 0.9932065 
107 426 42 46 0.9929997 
270 95 25 33 0.99296945 
694 202 31 33 0.99282926 
984 242 31 36 0.9924165 
90 374 33 43 0.9923719 
771 186 27 36 0.9923538 
838 76 24 29 0.9923143 
71 469 36 48 0.99230677 
884 173 30 35 0.9921976 
251 466 38 48 0.99201196 
693 480 45 56 0.99178165 
863 134 25 29 0.9916168 
913 150 26 32 0.9913152 
629 471 41 47 0.99073434 
461 328 33 41 0.99060833 
368 383 29 38 0.9903543 
265 140 25 30 0.9902388 
56 305 28 37 0.98971504 
840 157 24 28 0.98879784 
153 345 33 41 0.9872422 
181 119 24 34 0.9871767 
570 303 28 37 0.98712677 
619 112 25 30 0.9867851 
170 289 33 43 0.9858058 
944 207 27 31 0.98543024 
368 136 27 32 0.9853924 
994 203 25 32 0.9838037 
355 436 44 53 0.98373485 
967 190 24 29 0.98349726 
673 436 36 44 0.9834678 
274 364 38 48 0.98328847 
994 79 24 29 0.9831008 
979 439 28 35 0.9828456 
876 101 24 30 0.9812236 
551 390 39 44 0.9775128 
930 290 25 33 0.9771289 
695 295 27 31 0.97669923 
809 144 23 28 0.97434163 
766 115 24 28 0.97391033 
126 386 32 38 0.9714992 
184 436 30 42 0.9710655 
726 86 25 29 0.9689489 
50 259 25 34 0.96710426 
47 430 38 43 0.9663974 
767 498 38 48 0.96603304 
714 174 26 31 0.9656136 
158 6 17 22 0.9646691 
926 120 24 26 0.9644661 
285 16 18 23 0.96384066 
521 258 30 34 0.9607797 
575 60 22 28 0.96064645 
371 106 26 31 0.96012354 
478 38 21 28 0.9595966 
186 15 18 22 0.9584714 
656 140 24 30 0.95647323 
148 102 23 29 0.95602477 
795 270 30 35 0.9556716 
951 503 40 47 0.9514584 
1002 373 23 39 0.95033944 
774 88 21 25 0.9475555 
792 373 35 38 0.9447088 
53 540 39 44 0.9434122 
51 53 22 27 0.9433473 
411 425 38 48 0.9424845 
757 29 18 23 0.94023424 
993 476 31 46 0.9382542 
253 166 22 27 0.93582857 
847 238 28 34 0.93219167 
879 275 25 28 0.93028283 
331 280 33 37 0.93020093 
354 77 21 26 0.93013734 
210 260 26 33 0.92993367 
873 68 23 26 0.9298873 
208 203 25 30 0.9286588 
165 70 21 26 0.92838734 
321 43 18 22 0.92620254 
858 295 26 32 0.92604506 
796 118 23 30 0.9253686 
90 189 22 27 0.92463666 
758 235 26 31 0.9179828 
934 72 25 31 0.912898 
122 7 17 20 0.91250646 
345 328 24 34 0.91203433 
815 181 24 31 0.90709376 
920 380 30 40 0.9043956 
775 146 23 28 0.9043539 
696 240 28 31 0.9028351 
345 52 22 25 0.89817935 
870 401 42 51 0.89560586 
826 56 21 26 0.89447856 
312 537 51 52 0.89318675 
501 95 22 29 0.8784647 
729 6 16 22 0.87427527 
304 11 18 24 0.8714259 
546 93 24 29 0.8710552 
677 140 23 27 0.8646059 
396 252 27 31 0.8634597 
381 2 22 26 0.85414124 
612 76 23 27 0.8446169 
524 62 15 21 0.8435034 
792 65 23 28 0.82985026 
629 415 26 35 0.82298285 
208 230 22 29 0.82232904 
929 499 30 43 0.8153117 
549 47 14 18 0.808818 
853 50 20 25 0.79444367 
416 99 20 27 0.77410597 
817 89 20 27 0.7704967 
172 501 32 42 0.7699232 
479 273 22 25 0.7691515 
119 33 20 26 0.7625737 
200 101 20 25 0.75236195 
796 19 17 24 0.7480751 
851 207 22 27 0.7457096 
640 28 18 22 0.7005482 
362 11 14 19 0.69816095 
624 175 23 29 0.690861 
657 52 22 26 0.6764895 
411 27 17 21 0.6468398 
147 44 16 23 0.6015011 
732 45 13 16 0.58494043 
21 82 20 28 0.58473974 
908 264 21 25 0.5804386 
230 83 15 20 0.5803982 
56 224 23 27 0.57477784 
115 57 22 24 0.5508931 
425 53 17 22 0.5481685 
406 55 18 21 0.47854134 
243 7 12 16 0.47221005 
634 292 29 39 0.46885034 
225 541 47 46 0.44048318 
821 511 29 38 0.39721712 
260 77 15 18 0.39232314 
60 353 29 36 0.38834107 
101 242 22 27 0.36496705 
415 328 24 30 0.35883152 
501 52 14 18 0.3510422 
241 107 13 16 0.33634478 
1 88 16 21 0.3335354 
371 45 14 17 0.33124572 
456 14 12 15 0.30147004 
140 138 16 20 0.28321984 
733 553 35 33 0.28203645 
186 71 15 20 0.2800627 
109 305 16 20 0.278815 
773 51 14 17 0.25590524 
796 412 25 36 0.25125647 
414 22 12 14 0.24406555 
742 180 23 31 0.23319939 
563 -1 17 18 0.20820993 
495 24 15 19 0.20242886 
933 51 11 14 0.19979298 
35 306 37 48 0.19628052 
62 251 24 31 0.19093628 
110 383 31 37 0.1880941 
619 34 16 22 0.18496023 
3 6 19 23 0.18074235 
56 22 12 14 0.17447461 
262 73 23 26 0.15966535 
33 59 14 17 0.15853624 
890 26 14 16 0.15777865 
347 23 16 19 0.15369143 
220 97 14 19 0.14741962 
684 10 12 16 0.14346597 
904 71 11 14 0.14142029 
635 395 39 52 0.14124277 
63 237 25 31 0.14045168 
762 80 16 19 0.13867328 
700 2 14 16 0.13444974 
882 48 17 19 0.13221076 
165 187 27 33 0.12831052 
114 301 13 16 0.12816928 
941 173 22 25 0.122628495 
917 84 11 15 0.12210159 
515 340 14 19 0.12033534 
804 178 25 35 0.12032012 
539 77 13 17 0.116180405 
214 1 14 16 0.1160169 
363 258 31 38 0.11585098 
85 12 12 14 0.113737874 
819 39 15 19 0.11341472 
0 262 10 13 0.11151261 
800 130 24 31 0.10752718 
134 83 19 24 0.10572505 
126 37 20 26 0.10322485 
571 87 14 17 0.1029248 
538 12 16 17 0.10233129 
389 158 17 22 0.100194275 
867 276 37 48 0.099262394 
802 283 33 40 0.09809576 
0 45 13 20 0.09787022 
331 434 31 41 0.09759092 
900 268 21 28 0.09612151 
666 345 26 30 0.09569175 
145 132 18 24 0.09182422 
832 477 27 40 0.09106341 
675 229 21 28 0.09009769 
14 67 11 15 0.08994361 
235 53 14 17 0.08936272 
340 437 39 43 0.087202534 
415 37 22 28 0.08580122 
956 283 31 36 0.08549066 
487 44 22 28 0.08291232 
584 43 13 16 0.080919825 
444 112 16 19 0.08079555 
516 30 14 18 0.08059257 
844 219 30 36 0.07953128 
38 16 14 18 0.07928722 
180 74 15 19 0.076986805 
26 22 9 11 0.07421354 
373 5 20 26 0.07334396 
290 174 17 22 0.072541684 
672 22 10 14 0.07254015 
669 189 23 28 0.071917295 
5 208 14 21 0.07186571 
91 306 11 14 0.07173981 
701 145 17 22 0.07097551 
154 366 40 52 0.070339985 
228 36 14 16 0.07021242 
810 418 16 21 0.07020955 
526 13 12 16 0.06737265 
906 504 26 33 0.0668167 
594 377 16 21 0.06653218 
224 87 19 24 0.06624211 
646 381 44 56 0.06528438 
878 57 21 25 0.06425672 
570 29 18 25 0.06415525 
461 395 16 23 0.06321604 
977 551 40 36 0.06280112 
142 3 12 14 0.061739884 
533 16 15 18 0.06149016 
704 139 15 18 0.060770955 
729 67 11 14 0.06040011 
438 291 28 37 0.060138512 
659 -1 21 22 0.060089286 
403 301 25 30 0.05983811 
749 0 13 16 0.05936938 
375 149 28 32 0.05935738 
296 0 10 10 0.059175123 
104 307 13 17 0.058893543 
562 86 20 26 0.058526237 
682 464 44 54 0.058062986 
210 100 15 21 0.057482973 
898 105 15 20 0.057102352 
311 387 25 32 0.05612997 
202 269 27 33 0.05529457 
662 392 26 35 0.05451577 
194 213 15 19 0.053906582 
212 66 15 20 0.053904314 
936 459 30 35 0.053154558 
563 379 44 56 0.052670296 
147 296 35 46 0.052344836 
545 318 10 13 0.052286595 
26 207 10 13 0.051556047 
929 373 33 39 0.051529445 
786 79 21 26 0.0514857 
589 375 26 35 0.051101364 
613 19 12 15 0.049605053 
702 29 15 20 0.049587585 
536 14 26 30 0.049304657 
187 61 17 23 0.049177203 
861 294 39 51 0.048625767 
439 115 14 17 0.04827728 
661 20 13 16 0.047585845 
162 441 46 53 0.047444597 
146 330 31 38 0.04735206 
404 63 18 21 0.047246214 
229 28 15 17 0.047199238 
583 515 12 20 0.04706935 
193 111 22 26 0.046897244 
383 243 43 53 0.04631123 
140 93 23 29 0.046128675 
407 91 24 30 0.046046395 
193 263 17 22 0.04582883 
905 558 25 28 0.04577323 
621 3 12 13 0.04558804 
785 275 29 37 0.04427734 
47 186 11 14 0.043849874 
669 385 21 29 0.043834027 
22 79 14 19 0.0436775 
408 318 26 32 0.043634415 
747 170 17 19 0.04335625 
239 214 11 14 0.043337785 
458 49 14 17 0.043315105 
604 330 12 15 0.042426508 
218 208 23 29 0.042006504 
85 35 15 19 0.041819427 
244 82 11 16 0.041508663 
974 478 35 52 0.04139419 
404 34 23 27 0.04125406 
346 130 14 17 0.04099372 
353 45 20 26 0.04090092 
687 142 23 31 0.040886056 
401 74 19 19 0.040558986 
659 132 37 44 0.04040952 
318 168 13 16 0.040254816 
444 46 14 16 0.040132705 
302 217 15 21 0.039817657 
231 298 25 33 0.038822707 
47 85 10 14 0.038491968 
1 203 11 22 0.038388304 
943 30 10 13 0.038307723 
516 16 13 17 0.03823425 
864 56 20 25 0.03816384 
520 115 12 17 0.03768345 
676 20 11 15 0.03752013 
257 81 12 15 0.037371837 
74 266 15 20 0.03714352 
401 423 32 44 0.037132446 
969 323 40 51 0.03709546 
804 58 15 19 0.03703933 
350 61 24 28 0.036924835 
207 196 13 17 0.036704924 
442 554 37 29 0.036697984 
55 107 9 12 0.036629293 
637 59 13 17 0.036050275 
512 6 11 13 0.03600512 
661 12 12 15 0.035943072 
620 61 11 14 0.03584912 
817 2 9 10 0.035642575 
348 12 12 15 0.035575777 
41 35 14 18 0.03539562 
345 289 28 33 0.03536716 
196 48 17 21 0.035211846 
635 77 13 18 0.035114717 
732 112 16 19 0.035054747 
104 307 24 33 0.034991946 
885 69 20 25 0.034652967 
512 10 13 18 0.034650087 
848 34 16 17 0.03451062 
73 235 15 19 0.034447297 
333 135 10 13 0.034423295 
109 323 13 17 0.034084015 
731 399 36 53 0.033964097 
396 80 24 30 0.033948343 
867 50 16 19 0.03392441 
24 1 11 13 0.033685654 
192 282 26 33 0.033559967 
349 6 10 12 0.033319082 
343 307 30 42 0.03264561 
425 327 29 38 0.032644555 
397 97 16 20 0.03260986 
832 445 10 13 0.03249804 
682 296 27 37 0.032403868 
340 131 22 28 0.032318275 
78 188 25 30 0.03229526 
891 51 13 16 0.03222173 
819 127 17 22 0.032007504 
651 419 15 20 0.031874567 
115 245 13 17 0.031414695 
548 19 15 17 0.031250983 
829 78 21 28 0.031130444 
460 263 48 59 0.03106623 
885 32 16 19 0.030989751 
76 5 14 17 0.030917535 
581 37 13 17 0.030758781 
106 239 15 19 0.030635614 
1 41 24 30 0.030618995 
120 359 27 36 0.030601416 
60 267 29 34 0.030437231 
8 67 12 17 0.03043058 
367 37 15 19 0.030381216 
445 71 12 15 0.030316554 
517 254 45 55 0.030289426 
358 140 14 18 0.030215312 
641 307 18 23 0.03019148 
342 12 12 13 0.030071737 
950 181 24 30 0.029947866 
531 302 15 18 0.029926792 
18 65 15 18 0.0296664 
72 249 17 24 0.029621381 
558 74 12 15 0.029594261 
793 183 22 32 0.029482318 
778 386 49 59 0.029470816 
63 144 9 12 0.029430926 
639 23 15 17 0.029357608 
774 17 14 18 0.029264715 
364 259 18 22 0.02910732 
28 426 44 61 0.029065797 
451 44 18 19 0.029034017 
127 243 11 15 0.029017206 
751 284 13 17 0.02891471 
460 80 15 23 0.02886644 
547 22 23 27 0.028844282 
704 152 23 29 0.028829616 
794 77 17 22 0.028761294 
883 339 40 48 0.028751133 
644 53 11 15 0.028716618 
213 25 13 16 0.02863542 
568 434 15 18 0.028623132 
539 25 25 35 0.028560018 
469 82 11 18 0.028467847 
912 517 16 21 0.028376391 
319 3 12 15 0.028337935 
644 292 13 17 0.028146464 
299 540 36 38 0.028070938 
683 244 42 48 0.027853634 
758 452 43 50 0.027850335 
630 409 18 25 0.027665867 
178 279 31 40 0.027568916 
850 59 21 26 0.027490629 
332 330 19 24 0.027364872 
16 294 10 12 0.027315263 
987 138 25 31 0.027260775 
61 14 12 14 0.027185736 
644 39 14 18 0.027149566 
940 402 14 18 0.027106319 
907 74 11 14 0.027079456 
33 148 10 11 0.027017204 
486 25 21 25 0.026933433 
770 136 24 29 0.026878571 
150 201 12 16 0.02672451 
992 128 24 30 0.026435189 
777 53 16 20 0.026317725 
626 79 15 20 0.026216745 
215 151 16 20 0.026029296 
408 253 18 23 0.02597442 
16 373 26 36 0.025860345 
741 3 14 18 0.025802597 
127 205 11 15 0.025751501 
744 0 13 12 0.025739985 
194 55 16 22 0.025732309 
13 45 12 16 0.025617892 
940 52 11 14 0.02558123 
954 191 34 45 0.025575941 
107 253 15 19 0.02555884 
13 88 20 29 0.025490005 
342 41 39 47 0.025478333 
221 73 13 16 0.025478108 
607 19 12 15 0.025396038 
796 89 14 19 0.025322508 
804 5 10 12 0.025224041 
512 30 12 15 0.025212385 
624 441 27 32 0.025206065 
555 21 14 17 0.025204415 
928 57 12 16 0.02506547 
71 28 11 14 0.024967989 
902 356 42 49 0.024943523 
39 25 14 18 0.024939569 
913 203 12 16 0.024923388 
680 350 18 25 0.024895417 
439 6 9 13 0.024885152 
203 264 18 23 0.024812799 
848 40 20 27 0.024620863 
531 71 19 24 0.024594022 
128 59 14 18 0.024565145 
104 226 12 16 0.02454428 
128 5 16 18 0.024510475 
535 264 18 22 0.024419438 
637 278 11 14 0.024418576 
212 189 12 14 0.024378335 
8 52 23 29 0.02434645 
932 505 20 25 0.02430556 
822 22 10 13 0.024210507 
519 22 23 28 0.024158336 
202 55 20 28 0.024114138 
315 163 21 27 0.024048533 
242 294 15 22 0.024031881 
728 279 11 13 0.02401811 
927 385 19 25 0.02398468 
833 415 11 14 0.023953838 
53 124 13 17 0.023771817 
343 6 11 13 0.023760654 
900 52 10 13 0.023713361 
627 369 16 18 0.02369078 
229 226 14 20 0.02360639 
371 30 14 17 0.02355154 
950 52 13 15 0.023512406 
500 14 13 15 0.023382917 
665 198 26 34 0.023375038 
228 39 21 25 0.0233717 
71 2 14 16 0.02336805 
340 104 14 18 0.023284974 
784 89 17 22 0.023240099 
831 13 8 11 0.023219105 
698 30 9 12 0.023152554 
261 56 29 36 0.02312184 
356 34 14 18 0.02295642 
554 34 15 21 0.022940759 
366 111 17 21 0.022931663 
272 72 20 23 0.022926077 
129 315 23 31 0.022920692 
545 12 15 18 0.022824971 
14 268 11 14 0.022812469 
177 309 19 22 0.022741493 
0 55 11 19 0.022702327 
715 99 14 19 0.022675926 
849 553 31 31 0.022654342 
615 30 12 14 0.022560246 
745 188 25 37 0.022495601 
428 112 14 18 0.022494517 
-1 218 10 18 0.022431714 
737 10 13 17 0.022285724 
741 200 17 24 0.022277096 
924 292 41 51 0.022194361 
132 46 19 24 0.022179047 
354 133 24 31 0.02213474 
318 157 14 20 0.022120519 
623 365 14 18 0.022028934 
710 67 20 28 0.022026056 
900 80 14 17 0.022010088 
174 192 28 34 0.021981305 
548 261 29 37 0.021914149 
710 171 15 18 0.021892773 
333 99 23 29 0.021809211 
384 98 24 30 0.02171364 
841 470 29 38 0.021686798 
140 114 27 32 0.021680173 
384 113 17 21 0.021677943 
678 194 24 30 0.021623667 
609 4 11 13 0.021617979 
360 8 12 15 0.021608204 
508 104 25 31 0.021589197 
438 372 36 48 0.021532135 
327 322 36 48 0.021476062 
937 518 17 22 0.021468634 
383 429 29 41 0.021410404 
480 252 50 60 0.021409992 
548 75 13 16 0.021385416 
435 20 14 17 0.021360334 
4 265 11 14 0.021347435 
28 164 11 13 0.021320572 
51 83 13 17 0.021269059 
436 11 10 13 0.02125116 
387 52 14 18 0.021247689 
189 215 24 28 0.021232259 
527 98 10 13 0.021230504 
830 155 22 28 0.02122074 
353 246 25 28 0.021209337 
54 254 14 18 0.021205578 
854 30 10 12 0.02118327 
90 341 10 14 0.021144819 
706 299 27 35 0.021143936 
211 244 26 32 0.021140477 
98 269 15 19 0.021139273 
815 22 10 15 0.02107402 
640 417 20 25 0.021064632 
429 36 13 17 0.021050217 
189 196 13 17 0.021044113 
441 360 23 27 0.0210186 
379 124 25 31 0.021018343 
356 273 26 40 0.021007914 
715 81 14 18 0.020944703 
436 95 17 21 0.020942416 
437 50 13 18 0.020923711 
521 35 13 16 0.020880632 
72 122 10 15 0.020855078 
456 76 11 16 0.020826897 
30 15 12 15 0.0208226 
919 279 26 31 0.020800551 
50 17 20 24 0.020799806 
714 137 15 18 0.020726718 
672 12 11 15 0.020698959 
618 480 33 35 0.02069682 
849 14 8 11 0.020657258 
455 86 14 20 0.020609777 
506 108 16 21 0.020591075 
441 74 11 15 0.020590825 
236 80 14 18 0.020570775 
648 38 21 27 0.020550495 
1000 491 20 26 0.020533912 
465 395 26 35 0.020503018 
703 24 12 15 0.020492008 
625 40 14 18 0.02048246 
5 55 13 20 0.020465763 
235 18 15 18 0.020461451 
946 11 12 15 0.020415781 
22 51 11 14 0.020377144 
579 30 12 15 0.020371102 
890 105 17 21 0.020355998 
131 211 14 18 0.02030802 
710 70 12 17 0.020303585 
658 17 20 27 0.020288978 
230 13 12 14 0.020276543 
64 99 10 14 0.020241339 
0 205 16 35 0.020220293 
361 297 16 21 0.020215387 
821 2 9 10 0.020168949 
468 261 13 15 0.020163348 
562 410 30 39 0.02015084 
639 55 18 25 0.020121865 
126 160 15 20 0.02011615 
768 6 10 11 0.02010374 
