2.612252554945323713e+00
1.802749071358153543e+00
1.598217033997455738e+00
1.462220439814632789e+00
1.394354327337712141e+00
1.339697095094630530e+00
1.299987480021226549e+00
1.273399629989951265e+00
1.230031684600973785e+00
1.200928934307202045e+00
1.187973500654008863e+00
1.158727436785742304e+00
1.156357110962734414e+00
1.129747865194026701e+00
1.116982526526502983e+00
1.109902426577317858e+00
1.094312643051517764e+00
1.097766289431948872e+00
1.077136141589339458e+00
1.075450243264066463e+00
1.056203450294940449e+00
1.039763339076723359e+00
1.054581200960815313e+00
1.041047601762765673e+00
1.038257221581402767e+00
1.029413112701836663e+00
1.012296990221886794e+00
1.011124196919317653e+00
1.017941547726622264e+00
1.010800483554416651e+00
1.008800194581380483e+00
1.007010679738306935e+00
9.994212306619431052e-01
9.910292270390883562e-01
9.853318925599874323e-01
inf
9.857702706495057310e-01
9.706749898630269158e-01
9.653974101919194917e-01
9.755986118908994698e-01
inf
9.655380744672155124e-01
9.712892215074219182e-01
9.597343024583706583e-01
9.590761475704656647e-01
9.432888200842075577e-01
9.440858127352613760e-01
inf
9.674286249446573116e-01
9.430701534246436202e-01
9.443148421621100352e-01
9.426679784559315323e-01
9.374322528655855136e-01
9.372090719038654871e-01
9.388338738184722754e-01
9.432959139254523118e-01
9.455068870083145338e-01
9.256333697193898091e-01
9.356353279642807275e-01
9.283855494991037904e-01
9.185210888476474933e-01
9.229057886122916665e-01
9.228996499678733256e-01
9.226084715646246659e-01
9.124766946718189109e-01
9.229726520638843468e-01
9.088937578780680315e-01
9.183883969319163176e-01
9.138100575725114361e-01
9.059224755867667511e-01
9.044928176432662781e-01
9.130340677518281600e-01
9.076770481670864976e-01
9.029697620859427065e-01
9.114972598202850662e-01
9.102356412326512158e-01
9.107550640469012082e-01
9.227190611964982692e-01
9.074624530415728030e-01
9.048911865916311470e-01
8.324339925571813126e-01
8.197848936415607080e-01
8.121941423101455282e-01
8.032758499640300087e-01
8.084046328127939551e-01
7.989130720496178117e-01
7.962828351751617406e-01
7.977578997149230577e-01
7.922264562121459353e-01
7.954738991462295683e-01
7.856499735381662353e-01
7.824135536362665233e-01
7.946091852480580142e-01
7.824754315920128267e-01
7.850259481541673745e-01
7.770060742563157374e-01
7.833949047239116004e-01
7.844930786546898682e-01
7.826804363093575745e-01
7.756060878057842167e-01
7.776893899006688260e-01
7.850407590615268161e-01
7.750492609643973019e-01
7.894012255212350393e-01
7.840868410833689017e-01
7.777830488308801193e-01
7.840875675404294087e-01
7.706640065734431388e-01
7.833174686693812339e-01
7.783890259400102485e-01
7.842036742763304202e-01
7.799275913964147655e-01
7.758213629888266460e-01
7.770079683766971668e-01
inf
7.867777885579915198e-01
7.793205891568097954e-01
7.746332884019946352e-01
7.716865052578982809e-01
7.726244771864658745e-01
7.744627873766125603e-01
7.738590965799477805e-01
7.791806543141788222e-01
7.734731845765935310e-01
inf
7.777403878383569724e-01
7.841085194453875085e-01
7.735626374643226333e-01
7.767334295679693135e-01
7.734811122511854320e-01
7.696128418842642649e-01
7.698926456480847946e-01
7.785446362072451221e-01
7.800381537850784586e-01
7.762238225049298279e-01
7.777403622773123582e-01
7.801520133842222426e-01
7.725485490692883817e-01
7.715855214675391149e-01
7.773304557207948440e-01
7.722620590711417599e-01
7.821416492487147654e-01
7.743756953279794519e-01
7.737120765197721406e-01
7.709679897920870273e-01
7.702429791738898412e-01
7.793499556896479330e-01
7.650106872414580428e-01
7.712221137276902283e-01
inf
7.761347673694539706e-01
7.725454344975282162e-01
7.703570186143150478e-01
7.689697011611106303e-01
7.744585515364356132e-01
7.710815524832802526e-01
7.681780510877045387e-01
7.755545282586020495e-01
7.724187895169724039e-01
7.706552530297581249e-01
7.620244407806522347e-01
7.683081491046255262e-01
7.704327937770889534e-01
7.736168864096358844e-01
7.693980963842839138e-01
7.702604978860164708e-01
7.806882709311032675e-01
7.678694526184789426e-01
7.775477906492370694e-01
inf
7.648232845554810977e-01
7.772714075580331450e-01
7.784941723581796369e-01
7.684386815204753418e-01
7.717813810322040613e-01
7.728829109867721980e-01
7.662657137636257332e-01
7.718898194500748433e-01
7.680164966038109942e-01
7.669282424847901902e-01
7.756520450184619664e-01
7.708781527019805679e-01
7.733940890764597897e-01
7.670406470387618469e-01
inf
7.714572594333324318e-01
7.675098358682408417e-01
7.696391027582728528e-01
7.693226903676986250e-01
7.611195540044063401e-01
7.684414022712048320e-01
7.683443665897808916e-01
7.729609270666881748e-01
7.731908739052759660e-01
7.739336716439227937e-01
7.674970803724497914e-01
7.704175844950520435e-01
7.647690510342580739e-01
7.666913817735007131e-01
7.692279886338651007e-01
inf
7.676782277939112609e-01
7.704398757760754224e-01
7.694092835444286127e-01
7.634701900438677358e-01
7.666424390946671164e-01
7.631976209118129795e-01
7.622641701714036877e-01
7.672405567575500962e-01
7.630899725100083186e-01
7.649146000883594310e-01
7.607541791053477054e-01
7.677146899774207611e-01
7.687104805679240149e-01
7.672754935480607941e-01
7.607232087586792701e-01
7.712440404971564467e-01
7.661027558980891827e-01
7.646749405201918037e-01
7.683380756666016165e-01
7.635848804498496234e-01
7.669589246629002766e-01
inf
7.635081592808413697e-01
7.734188603942994122e-01
7.797492217064273534e-01
7.644085039563985884e-01
7.649801056299890822e-01
7.645875649538284025e-01
7.623048049044904850e-01
7.601591675154726335e-01
7.698473687474587379e-01
7.688265256838213713e-01
7.612686200842538886e-01
inf
7.610351749620637429e-01
7.683492196272618813e-01
7.588217457027538471e-01
7.568736332335642691e-01
7.611347005349693440e-01
7.674141356571120287e-01
7.621679786234075715e-01
7.627342648850464757e-01
7.693370094835202400e-01
7.655639102647763261e-01
7.595982603566802105e-01
7.657544712981452228e-01
7.660821985060013439e-01
7.667014205585355180e-01
