3.038000905439720345e+00
2.359575680694224520e+00
2.066208609809046415e+00
1.912389648849179391e+00
1.812623061119399415e+00
1.745899864679537838e+00
1.703682457993489718e+00
1.634479862118359605e+00
1.605208128542633617e+00
1.569909009874237205e+00
1.529719386078556065e+00
1.505406379477577827e+00
1.484116042252653145e+00
1.460024689036126366e+00
1.445558306815461380e+00
1.426615567903340986e+00
1.420099698571684943e+00
1.402415093020622727e+00
1.379898920488653813e+00
1.362928561542345207e+00
1.354087100154864887e+00
1.351588853101552745e+00
1.324482813533048420e+00
1.322118560349719196e+00
1.298891368415785230e+00
1.290852804102512685e+00
1.287095693327625412e+00
1.276619121524858125e+00
1.276507137132727676e+00
1.263162582853565974e+00
1.253434131345393387e+00
1.247479706928596777e+00
1.236514996223568197e+00
1.239820285798600041e+00
1.219577708673773353e+00
1.228539547046519242e+00
1.222522335837346485e+00
1.191973495520419979e+00
1.214526140486231531e+00
1.216667206539130408e+00
1.201068862828408745e+00
1.197985202777459790e+00
1.182753137216804973e+00
1.188423679222971652e+00
1.171597692166796323e+00
1.183704211623031854e+00
1.175694922075508630e+00
1.159420937540368346e+00
1.160914169483303393e+00
1.154905007474170686e+00
1.153602619959700926e+00
1.147786048721082475e+00
1.140035537496116635e+00
