3.021300373092201230e+00
2.353457665739592475e+00
2.100588787416493464e+00
1.933127861770783884e+00
1.833378291426237983e+00
1.764567405725858240e+00
1.727611131697708080e+00
1.668383556604385420e+00
1.633012976927786797e+00
1.581238739238762792e+00
1.558130665077185784e+00
1.533836957571669490e+00
1.506225313014865730e+00
1.481077904915957699e+00
1.461209031550780635e+00
1.437640646377705611e+00
1.423663391644910181e+00
1.409136290801978220e+00
1.401604240281241198e+00
1.382255026642580154e+00
1.358569613561867229e+00
1.351873820279696048e+00
1.336531018470385135e+00
1.328710115733354069e+00
1.306890694991402091e+00
1.306564191409519848e+00
1.303026527980839955e+00
1.291945129410820625e+00
1.290098519465938010e+00
1.274996508722719968e+00
1.268500960706183678e+00
1.243399579184395920e+00
1.247849539866358493e+00
1.249273027877629838e+00
1.234716198570239509e+00
1.233102823007180771e+00
1.227723304103620405e+00
1.217593612508003798e+00
1.213212231134775942e+00
1.206415394189194856e+00
1.203318824771768547e+00
1.198454450783522196e+00
1.201413336507281882e+00
1.189749953557985851e+00
1.170268270669516664e+00
1.172020859451767816e+00
1.181414748052632691e+00
1.163579168008721298e+00
1.164279085545806502e+00
1.160200617420747315e+00
1.144419425300189364e+00
1.154050472045537123e+00
1.151865685374840353e+00
1.138946768715514812e+00
1.139560825113924425e+00
1.133935613828416233e+00
1.133819522269023938e+00
1.133668732309933702e+00
1.137576286985267027e+00
1.132400848610060518e+00
1.114963784591751716e+00
1.118441855759354064e+00
1.107402207151703122e+00
1.113808876350059318e+00
1.103733406877665857e+00
1.093800017867029073e+00
1.121446821445263753e+00
1.118217230953785224e+00
1.103252030529590977e+00
1.117352910182490833e+00
1.037633612474299305e+00
1.024435434541346890e+00
1.007464388012885959e+00
1.005065804942053997e+00
9.964743687499384439e-01
9.948119302714093504e-01
9.940402172552132987e-01
9.892829307858247434e-01
9.873847767433023837e-01
9.949190067393439696e-01
9.800756630875309128e-01
9.852222188104013956e-01
9.848492766018980271e-01
9.679684673777277926e-01
9.766066621549380766e-01
9.759170029659448575e-01
9.712548080993734789e-01
9.761266628592650818e-01
9.704906526374520448e-01
9.723904419574678215e-01
