1.005376567322274894e+01
5.378433425382056932e+00
4.249923017010185156e+00
3.680807948926961171e+00
3.310918073180299182e+00
3.080071310634198589e+00
2.897898701388643250e+00
2.711424562668208083e+00
2.587625536118975500e+00
2.467467401449724651e+00
2.373365287473482965e+00
2.287713452895975941e+00
2.263797923126575906e+00
2.131828782443674353e+00
2.130817950604865452e+00
2.018387253369603673e+00
2.040312432835561296e+00
1.952254870700540046e+00
1.878583797386714327e+00
1.863626613972349855e+00
1.842223620266647766e+00
1.814195933401214322e+00
1.759714046490858719e+00
1.744572469684648297e+00
1.693281432338382908e+00
1.677911516228077549e+00
1.649527983839467415e+00
1.611558581953463243e+00
1.630681155316577868e+00
1.603397841964449233e+00
1.554981146040170126e+00
1.530660964391246326e+00
1.474510568620995610e+00
1.507919447429431958e+00
1.453029575110962757e+00
1.466487496721078143e+00
1.450095829441680584e+00
1.408066669698827766e+00
1.420410202637962582e+00
1.423907769059542527e+00
1.414602238883883256e+00
1.393196869349997868e+00
1.343906692031377581e+00
1.405025502724677189e+00
1.342875727011550335e+00
1.368261327377017222e+00
1.363077047467231795e+00
1.289741558086427764e+00
1.332904469966888383e+00
1.272782383285324004e+00
1.278468867525550889e+00
1.272862056082820326e+00
1.275698695364205770e+00
1.270864517218577960e+00
1.208040586752550993e+00
1.197961312476892637e+00
1.239609433941959660e+00
1.210065760505125487e+00
1.194142865792194419e+00
1.235886802306826793e+00
1.205449894607437233e+00
1.224997845717838763e+00
1.241605458459498657e+00
1.180725573429039610e+00
1.203208754790125345e+00
1.147641650601203489e+00
1.191973812674513411e+00
1.154250218057484290e+00
1.140829303823642782e+00
1.177205993975541709e+00
1.031064427056297861e+00
9.988349323224576803e-01
9.883041658109019689e-01
9.722155100070171141e-01
9.756961559379322413e-01
9.575201488337161670e-01
9.543808153234654146e-01
9.454933820859245941e-01
9.343732756302223219e-01
9.100159117153712174e-01
9.328114065601958993e-01
9.529101150283901811e-01
9.247666094058789588e-01
9.245261338464221268e-01
9.112476861995199018e-01
9.032640146357672206e-01
9.042337668793541949e-01
9.126028707679013641e-01
8.978519220714983318e-01
8.974377989768982378e-01
9.003534242140580623e-01
8.876543284110400833e-01
8.622958858005749239e-01
8.759680431174194926e-01
8.859833248005890560e-01
8.994189120643998336e-01
8.802722203389087285e-01
9.140564144305560745e-01
8.951609831419050645e-01
