2.691452974192103831e+00
1.703242234302603686e+00
1.477645187477887756e+00
1.332959798885428482e+00
1.234500142024910874e+00
1.177785222223086459e+00
1.140567862913475228e+00
1.092390118474545702e+00
1.065616129070335205e+00
1.020801092675013511e+00
9.944322488878084565e-01
9.778639982668508868e-01
9.547770565711193314e-01
9.364208953813736303e-01
9.193269438254907389e-01
9.021158805822733218e-01
inf
8.770502005674823964e-01
8.753710809516610514e-01
8.514181917313463632e-01
8.359424470837071297e-01
8.289193799962167875e-01
8.163275335886464035e-01
8.139590222365367111e-01
7.949637811931764553e-01
7.940985038136103569e-01
7.874894918769783647e-01
7.839418282419998718e-01
7.822934503325764677e-01
7.713444678957417366e-01
7.662045065660654242e-01
7.472777730374602356e-01
7.478027240274855991e-01
7.475460899079808819e-01
7.437625307196416014e-01
7.425309545875335981e-01
7.353097862245873140e-01
7.313552768519205882e-01
7.219916913542687720e-01
7.140679171227890532e-01
7.179406457158349353e-01
7.106683135402869222e-01
7.134890889714223805e-01
7.080489770318409981e-01
6.999174235307652481e-01
6.943802899177770049e-01
7.010656001404945714e-01
6.875977669813617688e-01
6.872744208814934863e-01
6.832848107129890769e-01
6.793276752466740342e-01
6.797521919382284450e-01
6.783208051268357908e-01
6.715347058747125342e-01
6.802597360303683782e-01
6.679394358340997595e-01
6.648389563889977039e-01
6.692163954610409471e-01
6.685195300149621156e-01
6.624365367874596178e-01
6.530088471422283991e-01
6.508237353763225430e-01
6.474172995234868111e-01
6.500052113803277409e-01
6.484454829963097744e-01
6.404132207080444061e-01
6.540464429381471767e-01
6.509064234330417253e-01
6.465662584819408254e-01
6.486393038160311875e-01
5.913721480817528686e-01
5.778041482804724405e-01
5.718921529210132526e-01
5.663989436089622576e-01
5.614360380246772309e-01
5.684107349248406216e-01
5.603506879962009135e-01
5.580064988284377803e-01
5.553216962155348435e-01
5.599331194477051854e-01
5.535880896338024604e-01
5.520140022641013555e-01
5.527460963042997166e-01
5.399475236672052203e-01
5.527094813514940030e-01
5.474558606697536023e-01
5.447230012150284795e-01
5.465031907147501755e-01
5.485801124517221128e-01
5.456253757295401741e-01
5.415870973643679420e-01
5.405949155273644946e-01
5.403272785986802385e-01
5.375131518296573097e-01
5.352781470240273176e-01
5.388630473511929475e-01
5.360440640438417503e-01
5.437392528290333482e-01
5.349281892828319229e-01
