2.681600559387147698e+00
1.724120200753952448e+00
1.450005638395777341e+00
1.307839425583803949e+00
1.210017778340333638e+00
1.161865952462883378e+00
1.125027472576739518e+00
1.060332294576656675e+00
1.035794050334403194e+00
1.009558654794041388e+00
9.788472086746500267e-01
9.503615448563735857e-01
9.414854552990160608e-01
9.150648396948110053e-01
9.094777510588213376e-01
8.873769980780086275e-01
8.861156917691971335e-01
8.730186519970805081e-01
8.537606349550419527e-01
8.382575667607857772e-01
8.301475660493655706e-01
8.296046965055584588e-01
8.123844390700322160e-01
8.080166270181259325e-01
7.931721221586192083e-01
7.866682126377679829e-01
inf
7.737014829557135043e-01
7.758008655739127013e-01
7.648740240135548651e-01
7.577569182152333882e-01
7.518018395356510508e-01
7.398758920638457415e-01
7.462488370467417198e-01
7.281285120370966091e-01
7.343062163324829417e-01
7.283985663274800126e-01
7.118213503627303096e-01
7.229574204601856291e-01
7.244254423964837653e-01
7.186508916457247098e-01
7.057233262598884282e-01
7.038688419675974695e-01
7.038240526773914540e-01
6.895741459190475320e-01
7.000242172931292473e-01
6.996033952195451766e-01
6.834283815685265884e-01
6.872637911520389498e-01
6.799661493264370637e-01
6.785299178513680696e-01
6.730496854978318400e-01
6.688510251248845906e-01
