1.845496771380027567e+01
1.118624950551098252e+01
9.216142909423163943e+00
8.208876457125503734e+00
7.543576704789392906e+00
7.149703083867612108e+00
6.851636102777090009e+00
6.466569010367305026e+00
6.264421762516779957e+00
6.056493713840934490e+00
5.860779094547958756e+00
5.693842916236901530e+00
5.630884880012606786e+00
5.421983153627525809e+00
5.395331767701214254e+00
5.219756815448310938e+00
5.232643511280509863e+00
5.100707270047679209e+00
4.966003986989488972e+00
4.903070316255463190e+00
4.856605851502152404e+00
4.824994187103294863e+00
4.708965735998212665e+00
4.682724277647385414e+00
4.578517045663750729e+00
4.542100747031454944e+00
inf
4.435580667353565154e+00
4.458790026466298961e+00
4.396308474881308825e+00
4.323929110891330474e+00
4.281744354259894081e+00
4.190777348657572787e+00
4.240237408024924548e+00
4.128864300769308215e+00
4.163639479098113050e+00
4.129415291066495186e+00
4.023682867888338066e+00
4.080851182730302007e+00
4.089425860502704957e+00
4.052972889020575842e+00
4.002628723138608180e+00
3.934397520263742898e+00
4.001097283378150848e+00
3.893621709924306895e+00
3.952013975863130746e+00
3.937978757464367430e+00
3.816019260809288216e+00
3.868346217330198122e+00
3.787619687681612834e+00
3.789131324335655027e+00
3.766747474152108754e+00
3.753436283887543468e+00
3.752229913939600259e+00
3.637296688408584888e+00
3.621576591900416808e+00
3.701368616974872072e+00
3.633910078291567203e+00
3.614230371632190852e+00
3.673970386922729592e+00
3.631550856702816521e+00
3.671909489098542867e+00
3.685988346093930002e+00
3.577363425308132783e+00
3.612273331680653232e+00
3.544024193879240059e+00
inf
3.521234029790629716e+00
3.517598555176894681e+00
3.558521139621734442e+00
3.258166092078878417e+00
3.156411551910898172e+00
3.142431249899893864e+00
3.101392795469450014e+00
3.116314035913218650e+00
3.069874199354870825e+00
3.077644733057259163e+00
3.033323852245851882e+00
3.036249343949075197e+00
2.998477496752827598e+00
inf
3.049790086435235192e+00
3.005709018248208686e+00
3.003808143790464236e+00
2.982722402507473891e+00
2.965366725225626165e+00
2.967629265081808576e+00
2.965013724528484662e+00
2.935859279232735819e+00
2.942111781591214115e+00
2.931302170612797298e+00
2.914634028984152803e+00
2.890621556406435921e+00
2.889572924153405165e+00
2.911808455212515856e+00
2.930786120484334401e+00
2.902917875784524426e+00
2.946359750424853097e+00
2.929457792806329230e+00
