6_Funeral_Funeral_6_861
18
373 264 298 400 0.9959487 
121 559 493 467 0.09904508 
43 1227 185 256 0.09653286 
388 829 527 490 0.09289498 
11 1450 15 18 0.070092335 
-7 704 428 454 0.05063059 
185 1006 398 593 0.041105177 
117 864 50 60 0.0357438 
27 1507 23 29 0.029063204 
31 282 203 285 0.026203085 
266 1516 40 34 0.024446681 
29 1489 13 15 0.023602065 
0 1434 10 23 0.023459325 
65 106 414 442 0.023132853 
102 1494 10 12 0.021698466 
301 361 46 62 0.021541744 
240 452 519 460 0.021308472 
282 697 424 464 0.021121094 
