6_Funeral_Funeral_6_696
50
59 194 27 34 0.99914515 
265 151 28 33 0.9987577 
457 170 63 82 0.99870455 
966 167 52 68 0.99859816 
330 175 28 36 0.997844 
5 173 25 32 0.9972921 
676 113 63 88 0.9970567 
160 189 33 45 0.9959111 
117 186 30 37 0.9950157 
23 199 24 34 0.99240816 
562 58 62 99 0.9907268 
557 202 56 91 0.9899434 
894 133 45 56 0.9877087 
93 181 25 37 0.98591554 
221 172 19 28 0.9831708 
814 145 52 71 0.98061556 
410 88 55 56 0.948651 
364 174 21 29 0.9481825 
91 155 18 24 0.91367584 
388 146 27 39 0.79331124 
296 163 16 22 0.7189595 
168 161 22 27 0.57383156 
25 163 18 23 0.46698582 
16 166 24 30 0.43049657 
59 174 20 25 0.38716817 
348 157 12 14 0.29621908 
550 147 13 21 0.16627881 
806 159 21 30 0.15546808 
16 191 25 33 0.11910483 
960 157 27 39 0.08827524 
545 149 22 33 0.079562984 
92 161 23 30 0.06385204 
591 2 41 45 0.05826074 
784 157 11 14 0.05653542 
162 171 27 36 0.054116223 
366 167 13 17 0.053377472 
220 164 15 21 0.05080199 
518 162 15 19 0.048594985 
962 156 17 20 0.042210184 
963 377 11 16 0.036209803 
959 166 38 51 0.03534402 
184 162 15 20 0.033921182 
388 162 17 24 0.03079979 
168 158 13 19 0.02702968 
140 187 32 47 0.024827614 
435 89 33 38 0.024488853 
558 320 36 47 0.024390489 
388 128 45 61 0.022888208 
511 161 25 32 0.020523928 
529 154 25 35 0.020459449 
