6_Funeral_Funeral_6_1029
47
275 116 107 149 0.9994282 
593 105 111 144 0.9992849 
838 102 54 70 0.9991297 
0 199 29 39 0.99821055 
79 142 32 46 0.9965448 
42 177 37 49 0.99502665 
148 158 37 47 0.98745954 
977 93 48 89 0.96642226 
419 203 32 58 0.90677774 
445 76 13 17 0.26555267 
485 172 30 35 0.10006785 
620 21 20 27 0.094281055 
369 162 30 55 0.061226726 
403 180 42 64 0.05948466 
0 433 19 24 0.05832401 
385 167 43 63 0.055161644 
223 197 41 60 0.04913043 
430 214 36 46 0.04898265 
49 32 15 19 0.045393147 
5 -1 18 19 0.044270676 
807 131 14 15 0.04218746 
266 30 67 84 0.04151529 
393 225 52 59 0.041390754 
68 60 14 16 0.039630413 
31 17 8 10 0.03586519 
371 241 48 62 0.033496834 
151 86 25 32 0.029940726 
697 1029 429 541 0.029619202 
730 90 30 43 0.029528232 
158 236 49 70 0.028987018 
499 172 15 18 0.028287152 
768 142 34 36 0.025855068 
363 103 49 67 0.02443716 
410 100 9 12 0.024019046 
861 541 144 159 0.02338556 
884 622 70 60 0.023288257 
998 1012 12 14 0.023267433 
147 90 17 23 0.022318356 
124 1404 28 24 0.022297245 
136 66 11 14 0.021961361 
162 1392 33 32 0.021888152 
39 120 12 15 0.021590784 
195 218 11 13 0.021246826 
498 138 12 15 0.021244088 
774 76 25 28 0.02066549 
4 139 10 13 0.020389294 
810 152 32 39 0.020245362 
