6_Funeral_Funeral_6_760
19
208 127 101 131 0.99865496 
666 359 25 31 0.92360365 
412 319 25 31 0.890959 
962 159 15 20 0.44161564 
757 161 16 23 0.20826708 
576 355 9 12 0.18207796 
673 427 16 21 0.17686988 
864 328 9 11 0.10513578 
925 165 11 14 0.0453494 
952 309 10 12 0.044464897 
628 154 25 28 0.04424621 
609 173 9 12 0.037557717 
774 301 9 11 0.029034823 
661 333 12 14 0.026930872 
708 173 12 15 0.02679223 
63 189 102 122 0.02508621 
602 357 8 10 0.023111852 
922 151 9 10 0.02245203 
752 169 14 17 0.02074662 
