6_Funeral_Funeral_6_572
21
654 339 32 39 0.99872345 
229 355 29 35 0.99872005 
498 338 31 39 0.99794525 
416 344 29 35 0.9977501 
285 343 28 37 0.9974421 
795 290 31 40 0.99724823 
338 322 28 36 0.99689794 
611 300 32 42 0.9960373 
354 368 29 36 0.99566925 
545 351 31 39 0.9945492 
736 313 34 46 0.9928445 
162 362 28 37 0.9885683 
554 294 30 37 0.98678684 
396 538 12 15 0.06910578 
980 566 12 15 0.06569274 
342 399 16 19 0.052740563 
925 623 9 12 0.031134278 
262 596 11 12 0.024983905 
916 564 10 12 0.024811396 
865 567 9 13 0.023950351 
826 366 50 71 0.02357351 
