6_Funeral_Funeral_6_676
29
729 37 33 40 0.99737036 
852 44 34 43 0.99537116 
558 146 49 64 0.99212885 
500 256 31 40 0.9818211 
612 254 47 68 0.9747331 
914 234 40 47 0.75260216 
672 179 34 44 0.4551616 
552 218 30 38 0.22819169 
980 0 44 33 0.08630604 
309 264 27 31 0.062200565 
112 326 13 17 0.058714844 
467 180 14 17 0.058617376 
92 210 445 563 0.05104618 
652 57 28 34 0.046314653 
153 339 17 21 0.045229685 
344 168 10 11 0.03284493 
117 338 38 46 0.03259651 
684 156 253 308 0.030353976 
851 -2 40 44 0.029273506 
433 178 17 21 0.026419442 
94 440 10 12 0.022628624 
171 327 13 18 0.022275114 
483 262 41 55 0.02209312 
369 169 8 10 0.021140167 
715 105 44 69 0.021071116 
929 248 20 23 0.020811377 
768 -1 222 265 0.020660909 
980 2 18 18 0.020224424 
321 304 9 11 0.020130707 
