6_Funeral_Funeral_6_77
184
548 359 16 19 0.8721137 
333 338 24 26 0.84204406 
582 361 24 27 0.83939826 
85 356 18 21 0.68992895 
854 360 10 13 0.6703899 
359 353 23 27 0.55253077 
493 353 17 19 0.547315 
637 374 13 15 0.53226274 
918 357 11 13 0.5174555 
947 410 23 28 0.50769776 
607 352 21 25 0.4305982 
942 503 21 27 0.4189357 
531 374 16 20 0.3749019 
910 435 12 15 0.36151987 
982 428 15 17 0.3522613 
115 365 16 19 0.3460274 
477 374 13 16 0.3197115 
184 369 12 16 0.2744006 
894 505 33 37 0.26963782 
1006 565 14 18 0.22911434 
927 542 15 18 0.21928309 
41 374 15 18 0.2180533 
279 375 22 28 0.21170445 
930 497 16 22 0.19614731 
799 376 10 13 0.19614367 
386 385 14 17 0.18967414 
221 365 14 16 0.18658972 
445 356 11 16 0.1609131 
428 364 14 18 0.12575473 
600 358 25 30 0.10281226 
414 363 12 15 0.09796994 
973 518 20 26 0.09246524 
405 354 14 18 0.08856973 
903 485 44 61 0.08750759 
702 384 15 19 0.08455323 
901 352 9 12 0.082725525 
216 341 9 11 0.081896536 
10 374 15 16 0.07894869 
501 395 13 15 0.07578312 
199 349 9 12 0.07525567 
436 364 12 16 0.07504377 
0 394 9 16 0.07260671 
892 464 39 64 0.069679864 
416 426 23 30 0.068168595 
908 507 17 24 0.068029426 
405 349 11 14 0.067951575 
580 367 31 39 0.06479387 
136 371 11 15 0.060923632 
912 496 24 33 0.058614023 
245 381 13 16 0.051316205 
410 357 14 18 0.051302433 
896 432 8 10 0.050858587 
265 381 9 12 0.05077808 
122 368 13 17 0.049795464 
982 515 26 32 0.047501683 
463 459 10 13 0.046126273 
949 480 20 22 0.04532084 
871 368 11 13 0.044353988 
914 465 14 19 0.043720976 
74 339 14 16 0.042930752 
634 378 11 15 0.04241876 
471 378 13 15 0.042340364 
407 374 10 11 0.042151067 
73 330 15 17 0.04043394 
48 339 16 18 0.040205684 
636 395 16 20 0.040201757 
37 364 16 19 0.039563082 
952 509 18 21 0.039355803 
726 375 10 13 0.03884184 
134 343 8 10 0.03835495 
252 381 12 16 0.038197838 
734 372 10 13 0.03779461 
980 389 11 15 0.037061878 
894 437 10 12 0.036860414 
990 541 14 18 0.036618643 
562 363 12 16 0.036211636 
766 358 10 13 0.035339136 
208 367 9 12 0.035077497 
175 371 12 17 0.035008714 
249 306 16 20 0.034925595 
636 385 15 20 0.03457987 
191 348 10 11 0.0345166 
972 382 13 15 0.034486763 
469 389 12 16 0.033345938 
130 344 8 10 0.032701623 
217 371 13 15 0.0325405 
991 462 13 16 0.032428917 
985 534 22 28 0.032427985 
101 381 12 15 0.03230315 
140 372 13 15 0.031763915 
192 326 9 11 0.03151914 
992 521 28 37 0.031180037 
945 489 22 28 0.03111864 
669 364 10 13 0.030764464 
850 363 10 13 0.030669967 
500 358 14 18 0.030609835 
500 400 17 20 0.03036883 
172 326 13 17 0.03036866 
509 389 11 15 0.030316086 
903 431 10 13 0.030098222 
519 355 11 14 0.029777432 
469 412 10 12 0.029690683 
63 358 12 14 0.029296806 
887 379 12 15 0.02926238 
457 383 8 11 0.02925782 
1003 453 14 17 0.029237108 
437 112 26 32 0.029123548 
268 380 11 14 0.029089708 
107 370 22 25 0.029002763 
342 345 24 30 0.028563617 
483 378 11 14 0.02819636 
929 548 17 21 0.0281139 
507 354 13 16 0.027640566 
898 355 9 12 0.027587732 
948 379 11 14 0.027472474 
893 442 10 14 0.027009329 
478 354 12 15 0.026984038 
602 106 13 15 0.026606312 
184 347 9 12 0.026597265 
452 355 11 16 0.026431782 
414 372 10 12 0.026276778 
449 327 9 12 0.026196582 
941 444 9 12 0.026152309 
494 382 10 13 0.026138382 
725 410 10 13 0.026074765 
423 368 13 16 0.025985692 
134 552 9 11 0.025861816 
423 360 12 17 0.025720662 
968 519 15 21 0.025680698 
193 332 9 10 0.025566865 
335 369 12 16 0.025526827 
5 316 9 11 0.025446648 
917 451 14 16 0.025206633 
11 374 22 27 0.025117384 
1001 551 21 30 0.024946429 
937 355 9 13 0.024761206 
288 283 10 12 0.024688354 
977 376 23 29 0.024638457 
99 358 21 26 0.024519734 
688 376 26 34 0.024443435 
885 471 78 97 0.024323823 
127 347 9 12 0.02425526 
19 380 12 15 0.024157902 
47 331 15 18 0.02409248 
345 356 29 37 0.024033172 
220 374 15 19 0.023920039 
582 385 15 20 0.02339679 
68 357 13 15 0.02337169 
618 367 15 19 0.023324369 
993 428 13 17 0.022945888 
175 349 9 11 0.022924945 
3 391 13 17 0.022841865 
247 374 12 16 0.022727255 
899 464 29 34 0.022710705 
198 399 10 13 0.022505539 
902 400 11 13 0.0223383 
997 538 21 28 0.022266729 
571 379 25 35 0.022265732 
31 370 13 17 0.022245953 
979 539 20 29 0.022182966 
532 336 10 13 0.022156898 
113 302 8 10 0.022156617 
925 400 9 10 0.022072932 
898 368 7 9 0.021904232 
136 377 12 16 0.02141332 
392 366 10 13 0.021408321 
1005 566 18 33 0.021252312 
262 387 11 14 0.021209752 
342 158 13 15 0.021165274 
992 622 16 16 0.021076813 
70 345 14 17 0.021045214 
168 380 10 14 0.020986263 
157 547 9 12 0.020885274 
25 320 8 10 0.020849314 
440 350 12 17 0.020633448 
495 388 13 16 0.020628188 
633 368 20 25 0.020516027 
942 354 10 14 0.020485999 
959 382 9 11 0.02044555 
62 349 12 16 0.020413484 
912 446 22 26 0.020268383 
750 376 10 11 0.020212814 
508 364 11 14 0.020161703 
99 356 14 18 0.02010342 
