6_Funeral_Funeral_6_610
34
384 395 112 86 0.9697296 
373 295 86 83 0.74613947 
591 415 53 71 0.42356682 
597 387 81 106 0.21249512 
609 290 91 100 0.18033855 
373 328 99 119 0.12165482 
753 84 56 74 0.11907391 
569 439 70 76 0.090761565 
521 134 387 477 0.076959684 
588 310 129 133 0.067300566 
563 467 61 73 0.06151605 
631 385 77 95 0.061066292 
496 309 187 234 0.050973374 
884 22 34 43 0.05021452 
871 -6 139 122 0.049178798 
557 433 33 54 0.046876755 
376 299 162 206 0.045413475 
562 413 106 130 0.043232314 
807 49 31 36 0.033026922 
610 156 120 153 0.030686323 
540 482 54 68 0.030410994 
754 -5 101 109 0.030004364 
555 225 249 248 0.02792525 
523 491 46 56 0.026924882 
411 368 65 92 0.025360208 
616 93 239 308 0.025109163 
558 415 59 78 0.025067031 
596 289 61 74 0.024911372 
527 430 102 127 0.02353438 
647 301 41 51 0.023293981 
411 312 68 89 0.023095567 
449 312 125 140 0.021437462 
632 115 147 159 0.020903122 
436 361 53 78 0.020175159 
