6_Funeral_Funeral_6_364
163
170 139 32 38 0.99387544 
471 128 29 38 0.98856515 
558 84 36 53 0.9881726 
624 135 34 41 0.61543345 
752 692 8 11 0.2643004 
624 594 12 15 0.23827825 
471 543 11 13 0.18545839 
825 675 10 12 0.1612734 
0 84 18 40 0.1521012 
354 555 10 13 0.15184347 
516 583 12 14 0.13953005 
550 676 11 15 0.1392622 
625 640 9 12 0.115557045 
336 546 12 15 0.08807409 
417 547 10 13 0.087101035 
565 569 12 16 0.08601955 
140 686 12 14 0.085532844 
73 94 13 15 0.07921231 
448 544 10 12 0.07058037 
496 581 10 13 0.070327275 
812 684 10 14 0.066400915 
486 583 10 11 0.06619014 
512 587 11 13 0.065987885 
774 701 13 16 0.06495864 
310 660 10 13 0.06025815 
682 656 9 11 0.0547113 
840 677 9 13 0.05418143 
549 525 11 15 0.05349175 
318 670 10 14 0.052819584 
609 623 9 10 0.050125625 
8 580 8 12 0.046992857 
307 698 21 30 0.04683058 
470 622 11 14 0.04665165 
395 590 15 18 0.045810323 
501 576 9 12 0.045694523 
340 543 11 15 0.04525824 
614 582 8 10 0.044500254 
496 645 9 12 0.044492673 
526 671 10 12 0.043792926 
614 624 9 11 0.043163903 
205 619 9 12 0.042914487 
541 660 9 12 0.03874719 
1005 687 13 17 0.0378072 
823 683 11 14 0.037800748 
309 541 10 13 0.036747012 
430 582 11 14 0.035397146 
510 541 9 11 0.03505186 
317 595 9 12 0.034650777 
313 668 11 14 0.03378231 
101 97 12 15 0.03350664 
285 540 10 12 0.033311404 
976 641 9 11 0.033124976 
569 597 9 12 0.033123765 
361 579 9 12 0.032805696 
501 645 9 12 0.03251955 
486 535 9 12 0.031422175 
423 587 10 12 0.031420574 
633 627 10 13 0.031287976 
289 566 11 13 0.031189984 
584 519 9 10 0.030865332 
30 598 12 14 0.030583845 
328 662 9 11 0.030026482 
743 704 8 10 0.029589258 
141 597 9 11 0.029514052 
756 693 9 12 0.029344117 
564 559 11 12 0.02906954 
445 556 15 17 0.028853782 
168 654 8 10 0.028849626 
429 624 13 19 0.028670141 
571 641 12 17 0.028629158 
596 659 16 22 0.02831477 
779 702 14 18 0.02828669 
21 598 11 14 0.028264761 
797 620 11 13 0.02821432 
642 143 16 23 0.028107505 
18 70 9 11 0.028018791 
7 605 11 14 0.028008174 
431 588 11 14 0.02771132 
623 629 11 13 0.02754302 
436 590 11 14 0.027528368 
608 598 10 12 0.027139796 
620 645 17 21 0.026940266 
271 653 9 12 0.026892694 
774 696 10 13 0.02685709 
346 519 8 9 0.026428869 
31 605 12 14 0.026304426 
551 509 9 11 0.025937995 
599 575 10 13 0.025747914 
462 580 10 14 0.025628265 
601 693 11 14 0.02552628 
415 598 9 12 0.025441743 
683 683 15 18 0.025184883 
798 573 10 13 0.025131613 
785 653 10 12 0.024919264 
463 576 9 12 0.024698047 
451 547 10 13 0.024673512 
588 665 17 19 0.024673387 
684 659 11 13 0.02466613 
670 549 10 13 0.024652591 
652 494 11 14 0.02455694 
261 703 11 13 0.02451546 
363 575 11 13 0.024455471 
372 613 10 12 0.024358334 
360 629 10 13 0.024336314 
535 687 8 10 0.024284745 
768 707 11 15 0.02419768 
528 632 10 12 0.024146872 
420 605 12 15 0.024072636 
240 572 9 11 0.023879293 
405 80 202 259 0.02375162 
789 652 10 12 0.023746906 
785 537 9 11 0.023746505 
769 697 8 10 0.023741046 
197 632 8 10 0.023719568 
559 592 8 10 0.023681616 
769 700 10 14 0.023537597 
527 637 12 14 0.023357578 
567 576 11 15 0.023333987 
734 694 8 10 0.023327934 
574 535 10 13 0.023076413 
15 597 12 15 0.023014426 
561 565 13 16 0.022817649 
415 582 10 13 0.022711989 
683 667 14 18 0.022693885 
534 588 9 12 0.022529459 
608 581 8 10 0.0223672 
44 572 17 21 0.022309268 
571 572 10 13 0.022205142 
784 661 9 13 0.02217435 
448 620 11 14 0.022160927 
647 498 11 13 0.02211858 
480 582 11 14 0.022053985 
506 542 9 12 0.02203132 
583 583 9 10 0.021970345 
525 507 12 15 0.02189453 
615 576 9 11 0.021790436 
182 689 8 10 0.021702243 
559 579 10 13 0.021693967 
545 509 8 11 0.0216804 
14 92 10 17 0.021625064 
318 648 10 11 0.021387793 
515 574 14 16 0.021380018 
495 588 8 11 0.02137561 
446 628 11 16 0.021279834 
271 677 9 12 0.021271214 
73 110 10 12 0.021024141 
471 558 11 13 0.020993128 
216 623 9 11 0.020928355 
737 687 8 11 0.0207317 
852 622 9 12 0.020682871 
838 683 11 13 0.020639226 
86 100 10 13 0.020416435 
329 550 10 12 0.020371236 
56 102 9 12 0.020327462 
439 606 10 13 0.020299 
406 581 11 15 0.020295147 
508 677 12 15 0.020266702 
403 593 13 16 0.020265594 
782 670 9 12 0.020253185 
245 730 13 13 0.020250281 
846 678 9 12 0.02012418 
572 565 13 16 0.020087512 
817 707 9 13 0.020042969 
