6_Funeral_Funeral_6_690
19
391 166 213 279 0.99974304 
811 201 21 37 0.7368485 
860 211 52 80 0.14334363 
345 203 35 46 0.09116525 
796 215 40 47 0.06972906 
169 202 41 48 0.04403095 
677 191 59 66 0.042659957 
799 275 58 78 0.03326756 
874 166 64 85 0.032456692 
859 224 29 54 0.032097053 
892 158 65 66 0.02937285 
350 737 512 420 0.028672624 
660 179 52 72 0.02465056 
838 204 45 73 0.02429618 
809 190 44 60 0.022603277 
177 184 38 49 0.02099318 
829 172 76 115 0.020482823 
895 168 36 38 0.020228302 
807 212 16 26 0.020221427 
