6_Funeral_Funeral_6_485
28
456 172 102 150 0.9990613 
905 139 80 101 0.9928352 
722 342 14 17 0.3009503 
122 45 10 14 0.058798324 
178 205 12 15 0.050710723 
820 329 15 16 0.039829273 
309 55 9 11 0.036940493 
711 287 13 16 0.03494837 
595 144 49 61 0.0329222 
762 133 14 16 0.029677333 
780 201 25 29 0.028555183 
717 325 9 11 0.027708804 
615 174 12 15 0.02696617 
806 315 12 16 0.025978887 
719 252 13 16 0.025880828 
678 313 11 14 0.025678258 
611 151 27 33 0.025558854 
347 84 14 19 0.02443284 
247 324 10 12 0.024371382 
776 260 13 17 0.02391317 
621 157 16 21 0.023841409 
681 296 9 11 0.02383069 
697 332 10 12 0.02377489 
318 98 11 15 0.02323964 
756 203 14 16 0.021308832 
923 61 9 12 0.020728812 
579 157 51 73 0.020714821 
811 319 22 26 0.02043605 
