6_Funeral_Funeral_6_252
95
663 142 121 155 0.9989309 
24 273 61 73 0.99839383 
353 173 112 156 0.9980617 
161 245 59 70 0.99792695 
924 253 53 66 0.9978976 
806 213 60 84 0.99767214 
53 203 52 64 0.9972994 
876 199 57 75 0.99254686 
979 285 41 68 0.98302704 
98 160 43 54 0.9694118 
231 232 46 62 0.9579526 
177 147 42 54 0.95584005 
38 133 38 53 0.93370306 
1 129 40 60 0.93337065 
208 189 46 55 0.88816684 
979 208 39 59 0.8631781 
542 176 41 54 0.82782626 
731 290 63 85 0.7609788 
57 1266 25 28 0.59902585 
216 212 49 62 0.53409904 
893 178 37 45 0.4041595 
557 181 44 57 0.20136009 
955 955 14 19 0.18872602 
753 219 47 66 0.1489876 
666 1073 40 41 0.13670301 
462 172 58 85 0.13254002 
938 971 15 18 0.12843423 
411 168 91 136 0.12084575 
874 660 34 43 0.11330691 
584 186 43 52 0.11072886 
937 965 12 16 0.08217404 
894 955 13 17 0.079441436 
947 997 14 19 0.07394775 
936 977 13 17 0.064821884 
948 958 17 20 0.060508933 
966 936 9 11 0.05966419 
741 718 74 80 0.058881048 
912 1201 13 17 0.0566314 
108 1206 36 42 0.0556569 
235 21 63 80 0.05533552 
925 987 14 17 0.053345542 
311 981 138 110 0.04987944 
898 213 53 66 0.049191214 
337 994 87 57 0.04800514 
950 1093 10 14 0.04697033 
76 181 46 62 0.0439296 
847 208 55 74 0.043068726 
962 956 13 19 0.040549643 
964 1020 12 15 0.040414535 
193 202 55 70 0.038431782 
378 995 88 57 0.034630574 
207 1142 23 31 0.032084577 
31 1216 26 29 0.03177446 
965 943 14 21 0.030541591 
284 1137 17 20 0.030373616 
931 991 21 26 0.030258624 
271 1108 15 17 0.029786693 
928 982 22 25 0.02746496 
148 1145 38 48 0.027307812 
1011 921 12 18 0.027127773 
842 1141 33 42 0.027114533 
912 1200 23 28 0.026980413 
166 1102 31 32 0.025869848 
621 1119 25 34 0.025820348 
931 954 15 18 0.025631439 
30 1229 28 31 0.024692167 
940 958 17 20 0.024542589 
245 1126 25 30 0.02447715 
982 663 9 12 0.02412591 
543 141 14 18 0.023982007 
904 1035 34 38 0.02393709 
878 260 24 36 0.023576455 
945 977 15 20 0.023536244 
487 69 14 18 0.023149334 
927 1119 14 18 0.023113508 
469 909 19 23 0.023088533 
8 236 50 69 0.0228863 
938 983 21 26 0.022809025 
1003 964 22 40 0.022343365 
252 1034 67 53 0.022171985 
903 1102 12 15 0.021722 
943 1009 14 20 0.021512965 
678 1054 39 46 0.021304788 
949 1018 11 15 0.020797322 
784 1026 26 29 0.020727918 
457 1053 22 26 0.020563452 
960 1109 10 12 0.02053057 
944 969 16 19 0.02049466 
907 988 13 16 0.02046972 
875 238 36 52 0.020408832 
3 258 34 49 0.020379888 
949 950 15 19 0.020345276 
474 1117 34 57 0.020163843 
493 61 14 17 0.02004768 
403 150 363 517 0.020047301 
