6_Funeral_Funeral_6_759
136
566 13 29 36 0.99868387 
684 12 28 35 0.9985952 
365 54 29 39 0.99853265 
951 147 31 40 0.99846077 
327 93 29 35 0.9982999 
315 -1 29 33 0.9980611 
797 99 28 35 0.99748635 
497 31 31 37 0.99693286 
451 3 27 31 0.9967777 
692 50 28 38 0.9966377 
745 351 32 41 0.9965708 
110 272 38 52 0.99656725 
444 160 33 44 0.99627435 
603 82 30 35 0.9957736 
716 137 32 39 0.99560565 
128 93 30 39 0.9955739 
17 92 30 40 0.9954074 
195 1 28 36 0.9953661 
384 16 27 33 0.9953259 
338 180 29 38 0.9951084 
95 76 31 37 0.99465746 
267 161 36 48 0.99387604 
898 285 39 52 0.99369806 
801 29 27 36 0.99358046 
380 116 33 41 0.99356353 
462 96 30 35 0.9932132 
651 184 37 47 0.99276817 
851 275 26 36 0.9924656 
654 133 32 40 0.9921423 
778 214 31 39 0.99204093 
201 159 29 37 0.9916837 
498 259 38 47 0.9911034 
958 215 34 43 0.9909396 
70 166 35 47 0.9895359 
910 45 32 38 0.98755485 
123 10 32 44 0.98597986 
864 122 34 40 0.9849443 
170 66 31 43 0.9807442 
317 277 40 46 0.9772116 
434 71 27 39 0.96731347 
965 97 24 35 0.9448083 
634 24 27 34 0.9376042 
261 114 34 42 0.9109356 
955 61 25 33 0.9035759 
727 65 33 38 0.88693666 
179 158 27 30 0.8739994 
890 0 25 24 0.8704431 
251 85 28 35 0.8623008 
660 99 31 38 0.8492963 
973 332 33 39 0.8256128 
774 10 30 40 0.812514 
274 57 25 31 0.70265007 
46 143 32 44 0.69580805 
61 311 26 34 0.50692916 
543 48 27 35 0.49526665 
547 176 36 37 0.3891798 
362 13 22 30 0.30504337 
878 96 29 36 0.2813112 
205 93 23 28 0.27425805 
226 -1 28 38 0.24584155 
492 0 37 34 0.20735058 
791 20 28 38 0.17967482 
363 6 43 51 0.17319489 
186 165 46 49 0.16332507 
523 136 53 71 0.16105963 
238 70 28 37 0.12458775 
282 67 21 25 0.101333626 
446 83 39 52 0.08959982 
49 131 24 31 0.087564506 
267 65 28 34 0.087107934 
273 295 38 46 0.08576609 
464 64 28 35 0.08023019 
356 1 27 32 0.07023351 
918 0 29 27 0.069468625 
432 146 33 43 0.068937905 
557 18 26 34 0.064501144 
543 32 23 33 0.05982605 
425 139 29 36 0.059736602 
264 50 28 34 0.049701273 
633 3 32 32 0.049279496 
771 20 20 27 0.048044045 
463 77 31 40 0.04523376 
653 0 17 18 0.04478267 
150 74 38 49 0.04409647 
248 95 41 51 0.041946825 
507 120 46 73 0.040183656 
920 -3 20 18 0.039741628 
971 298 47 73 0.038739547 
666 88 27 32 0.037956208 
65 305 18 22 0.03766454 
177 149 41 51 0.036385696 
673 77 23 28 0.03625734 
196 84 24 32 0.035288367 
243 53 43 54 0.03478002 
633 65 21 28 0.033552464 
230 55 32 42 0.0321224 
948 95 39 49 0.031414878 
789 5 34 37 0.029797824 
950 0 50 51 0.029186694 
685 27 29 42 0.02891008 
325 247 45 62 0.028495548 
796 87 17 21 0.028237103 
877 6 30 35 0.027970243 
90 118 17 22 0.027422985 
95 292 12 16 0.027032584 
267 43 43 52 0.026431002 
897 41 26 35 0.026369032 
810 282 23 31 0.026159052 
876 23 29 38 0.025196897 
816 0 29 27 0.024905803 
451 74 31 36 0.024619779 
796 211 25 36 0.024334837 
836 2 18 18 0.024167284 
915 -3 46 44 0.023718687 
957 29 22 27 0.023683764 
413 32 17 23 0.023679515 
838 -1 38 40 0.02349818 
743 171 37 51 0.02347176 
368 33 39 50 0.023287423 
515 2 28 31 0.023180513 
951 47 40 58 0.022946892 
958 40 23 28 0.02291564 
923 41 39 48 0.022295611 
709 51 32 48 0.022158602 
469 60 13 19 0.021638276 
30 308 13 16 0.0214116 
364 41 27 36 0.02133203 
885 35 26 33 0.021284232 
45 151 19 27 0.021278631 
177 82 21 26 0.021040834 
951 65 18 23 0.02045526 
575 73 28 34 0.020390933 
492 136 42 59 0.020390283 
878 78 26 32 0.02037563 
492 8 20 23 0.02034727 
342 68 23 32 0.02022736 
