6_Funeral_Funeral_6_909
20
803 244 103 134 0.99960154 
409 240 94 121 0.9992926 
763 345 19 34 0.33857438 
769 335 40 57 0.055098314 
755 341 37 53 0.046262093 
720 338 12 16 0.039045554 
703 332 12 15 0.031595096 
678 326 11 14 0.027009858 
470 63 9 12 0.026615169 
382 215 13 16 0.025945244 
0 1128 601 406 0.025566343 
331 235 45 56 0.025453418 
329 320 44 59 0.023334168 
788 1192 30 32 0.0220347 
211 389 27 30 0.021640984 
386 185 15 19 0.020911261 
789 341 12 15 0.020521598 
328 166 50 62 0.020476662 
307 172 19 22 0.020385405 
622 264 41 52 0.020220747 
