6_Funeral_Funeral_6_432
19
826 211 115 147 0.9997372 
341 148 104 149 0.99886465 
711 147 96 132 0.998613 
451 295 39 49 0.97574866 
176 293 33 40 0.76170886 
86 319 26 32 0.6318634 
980 220 36 47 0.56586725 
625 147 40 63 0.108833954 
662 1216 391 398 0.05846173 
681 96 54 65 0.042351678 
708 602 96 80 0.035397287 
-83 1138 382 540 0.034421872 
858 142 25 34 0.027167259 
136 375 17 21 0.026399255 
640 166 31 37 0.024060355 
671 109 35 35 0.02253995 
592 121 76 103 0.02242837 
618 131 86 112 0.0204282 
30 393 28 39 0.020264013 
