6_Funeral_Funeral_6_531
98
81 331 18 25 0.9779733 
164 318 15 20 0.9673353 
135 323 17 24 0.87954515 
352 279 10 12 0.86435884 
44 337 20 26 0.8584627 
384 267 10 14 0.85205364 
195 316 11 15 0.6493361 
228 327 14 18 0.59791225 
447 247 9 12 0.43553883 
115 327 9 13 0.35386938 
319 277 13 17 0.32602993 
412 264 10 12 0.24168655 
337 280 10 12 0.21984585 
435 254 7 10 0.19471548 
262 293 11 14 0.1579006 
523 232 9 12 0.122032285 
0 322 20 29 0.114987254 
205 359 10 13 0.10767482 
928 263 9 11 0.10109515 
538 234 10 12 0.076187536 
459 257 8 10 0.067728624 
934 213 9 12 0.06714315 
246 288 9 10 0.061104562 
269 285 11 13 0.055456337 
181 316 11 16 0.054091185 
876 205 15 16 0.052649494 
558 224 7 10 0.05115055 
554 224 8 10 0.05014968 
245 291 11 15 0.048500787 
866 221 8 11 0.045620378 
980 248 15 20 0.043415684 
884 134 10 13 0.04315392 
441 245 10 14 0.042868875 
978 239 28 31 0.041739613 
711 405 13 16 0.04071187 
223 317 13 15 0.040580153 
640 402 17 22 0.040556118 
875 196 15 16 0.039513815 
480 244 7 10 0.037152436 
477 242 8 9 0.03474432 
510 230 10 11 0.034441683 
432 247 10 13 0.03412286 
910 204 9 11 0.032898426 
216 317 10 12 0.032237913 
976 206 9 11 0.03223431 
474 241 7 10 0.031830512 
754 423 8 10 0.031263422 
953 199 8 10 0.030632026 
289 302 10 12 0.030550752 
402 261 8 11 0.030534513 
509 238 9 12 0.03000716 
862 182 8 11 0.0299763 
869 144 8 11 0.028757356 
117 318 10 14 0.02865449 
844 22 8 11 0.027231727 
108 323 18 24 0.027019918 
981 183 12 14 0.02670642 
743 126 8 10 0.026187649 
666 14 7 9 0.026058132 
503 207 10 12 0.025993936 
216 332 10 14 0.025738908 
368 272 9 11 0.025423007 
942 215 8 11 0.025411641 
277 286 10 13 0.025007261 
581 32 9 12 0.024899099 
503 225 8 10 0.024744125 
286 292 10 13 0.02455489 
216 326 10 14 0.024529887 
816 376 7 9 0.024188578 
764 311 9 12 0.024125868 
792 174 9 12 0.023831533 
953 36 11 13 0.02358237 
472 87 8 11 0.023355298 
181 310 11 13 0.023259638 
221 310 11 13 0.023190584 
805 288 9 11 0.023073213 
472 189 9 10 0.023071375 
727 404 9 12 0.022441663 
285 287 10 12 0.022405464 
826 319 9 11 0.022402799 
633 16 7 10 0.022375053 
217 311 10 12 0.022278238 
293 309 9 13 0.022273103 
901 159 8 10 0.022237582 
696 432 11 12 0.022216767 
734 159 14 16 0.022190869 
583 233 7 10 0.021942237 
944 219 10 13 0.02189117 
502 280 7 10 0.021540223 
536 217 8 9 0.021494841 
640 232 8 11 0.021082956 
799 192 8 10 0.020852236 
510 244 9 12 0.020749096 
465 239 8 11 0.020698022 
601 228 8 10 0.020661965 
1013 240 10 14 0.020640079 
421 255 9 11 0.020585412 
513 85 10 12 0.02050791 
