6_Funeral_Funeral_6_618
51
735 465 122 163 0.9995023 
535 2022 235 213 0.9991868 
642 3338 123 155 0.9984717 
352 490 45 57 0.997489 
919 4307 112 133 0.99714667 
532 1187 94 115 0.9968828 
267 2471 72 93 0.99660504 
167 521 39 58 0.9945214 
384 532 29 49 0.99395025 
91 2464 67 97 0.99325526 
279 497 44 48 0.9671893 
74 497 38 59 0.79168785 
206 489 41 46 0.7028279 
747 1611 11 14 0.30799055 
420 3528 145 130 0.14536081 
582 1167 97 129 0.059545245 
665 3290 170 198 0.059289265 
90 494 29 49 0.059100803 
195 497 42 57 0.057762075 
91 4215 525 463 0.05766211 
243 3354 513 380 0.05262252 
559 1906 383 440 0.052394163 
103 497 23 35 0.048593394 
635 1169 99 127 0.04546359 
362 507 45 61 0.044008337 
502 1245 10 13 0.042348564 
469 2624 143 112 0.04201462 
314 2501 536 414 0.03498112 
709 3225 231 236 0.033124804 
493 1233 9 11 0.032869607 
313 3455 269 213 0.03257177 
220 2529 54 66 0.032169957 
272 1269 97 125 0.032007717 
79 474 35 50 0.031349126 
102 4082 623 363 0.02986523 
238 463 21 26 0.028611427 
553 3037 496 550 0.028371435 
115 470 17 22 0.026449885 
812 245 9 11 0.026283588 
317 1304 63 73 0.026113389 
72 522 33 44 0.025937954 
7 3790 13 15 0.024839405 
556 4255 527 525 0.024696471 
116 5233 413 432 0.023726689 
350 2108 566 504 0.023543717 
498 2650 94 65 0.023324056 
277 4131 310 176 0.023075037 
95 2495 529 491 0.022295753 
90 533 16 24 0.021190012 
681 243 9 12 0.020042293 
357 4159 502 387 0.020038567 
