6_Funeral_Funeral_6_109
79
303 227 25 32 0.9972373 
195 213 31 39 0.996806 
389 311 27 36 0.99652606 
354 227 24 30 0.99499327 
248 219 27 35 0.9949137 
122 216 30 39 0.99268746 
716 293 23 29 0.9847824 
593 301 23 30 0.9829364 
644 216 22 27 0.9770718 
459 224 22 29 0.97042185 
802 253 20 24 0.9622882 
453 302 21 26 0.96071213 
779 229 15 20 0.9531664 
422 238 24 29 0.9463798 
369 205 19 26 0.9451951 
302 197 21 27 0.94197494 
586 227 22 26 0.93511677 
660 298 20 24 0.93417734 
570 324 22 27 0.9336473 
882 236 16 21 0.93159753 
697 246 18 22 0.9266622 
268 222 24 31 0.9115732 
618 220 17 22 0.90825707 
913 219 22 26 0.90556693 
520 232 19 25 0.89651996 
412 206 17 21 0.8863946 
546 220 19 23 0.86762184 
740 253 16 19 0.7805956 
717 253 14 18 0.779409 
486 216 18 21 0.60678804 
835 243 16 19 0.5522747 
569 213 15 19 0.4729032 
711 236 11 14 0.4570307 
500 231 16 23 0.39992917 
564 240 11 14 0.1934458 
488 240 20 26 0.12217239 
361 213 24 28 0.12139006 
898 265 13 16 0.11383639 
637 393 12 15 0.11039709 
329 214 21 25 0.08124206 
984 218 12 15 0.07440977 
714 378 14 17 0.07403006 
888 274 20 25 0.06279998 
84 139 13 15 0.058182433 
860 260 13 17 0.053633533 
222 198 16 21 0.04331795 
316 228 22 29 0.042988963 
547 324 12 19 0.04292988 
83 146 14 16 0.040697604 
575 216 20 25 0.037793595 
543 278 11 14 0.03731452 
707 251 15 17 0.035230383 
324 220 21 28 0.034882326 
627 254 12 15 0.034547765 
395 208 14 20 0.032707084 
51 251 417 610 0.032088168 
581 315 23 30 0.02962256 
606 213 10 13 0.027752312 
637 259 10 13 0.026491119 
832 239 13 18 0.025893135 
331 237 22 28 0.025183205 
671 236 12 15 0.024251567 
835 277 13 16 0.024101526 
483 247 22 29 0.024050038 
573 222 13 17 0.0238951 
547 230 15 19 0.023288995 
252 236 17 22 0.022907773 
447 294 34 44 0.02290309 
794 245 34 43 0.022768373 
525 173 8 11 0.022407632 
841 247 15 18 0.022115078 
499 222 12 15 0.021822296 
554 212 18 25 0.020970037 
509 21 11 15 0.020935005 
550 318 22 29 0.02084655 
330 231 17 23 0.020769848 
607 217 13 20 0.020501437 
583 436 43 52 0.020082897 
560 239 19 23 0.020004021 
