1.913328689818056461e+01
1.702679575600238948e+01
1.536217247773401517e+01
1.413653960065071580e+01
1.333809652980069949e+01
1.285460421609582404e+01
1.240553341037738377e+01
1.185022549414486548e+01
1.150439787540376635e+01
1.115721727269036379e+01
1.076350995842714475e+01
1.045137271044417204e+01
1.022843707792507217e+01
9.902302770140748223e+00
9.611147935531153763e+00
9.322375268299387230e+00
9.121191136955474121e+00
8.927262422275839882e+00
8.682504078431158234e+00
8.407775535716773163e+00
