5.803527220805979603e+00
3.609531228586753571e+00
3.313003014148392378e+00
3.209012211849970875e+00
3.155726787651547571e+00
3.123076219736419024e+00
3.101359461035047449e+00
3.078780738278205309e+00
3.054704915292514755e+00
3.035271473923085050e+00
3.002562884403311649e+00
2.978485776030499022e+00
2.951036079514841148e+00
2.918476454589677971e+00
2.885671215583078819e+00
2.853944716246231916e+00
2.827674315027568497e+00
2.800304526682966255e+00
2.762985705681469284e+00
2.736486748138569958e+00
