3_Riot_Riot_3_137
100
921 346 60 72 0.9980878 
972 322 27 34 0.99709797 
331 389 54 64 0.9969087 
107 410 36 45 0.9960514 
657 354 50 62 0.9955655 
62 385 37 44 0.99172556 
271 363 42 48 0.9835012 
486 323 42 52 0.97961444 
923 315 29 34 0.957395 
787 316 20 30 0.9510737 
897 327 22 26 0.8624114 
403 333 33 47 0.73643684 
787 294 17 21 0.2715002 
387 339 16 21 0.26768163 
347 322 21 26 0.24900036 
906 323 26 31 0.23669009 
750 303 10 13 0.23429884 
774 314 23 28 0.20177247 
762 287 8 11 0.19473173 
622 304 26 31 0.18754268 
811 292 11 14 0.13229772 
546 309 15 20 0.090169765 
395 337 24 31 0.08774057 
917 322 48 58 0.077754065 
993 276 8 11 0.07663763 
830 368 42 52 0.072423205 
255 328 29 36 0.07062901 
547 303 11 14 0.06027873 
315 315 40 54 0.059810515 
858 376 31 36 0.055943634 
866 366 38 54 0.05527852 
963 309 14 17 0.05495752 
199 345 37 48 0.05429352 
1012 298 10 15 0.05360841 
462 310 13 18 0.04731308 
78 306 7 10 0.046827663 
0 413 9 17 0.04666786 
73 307 9 11 0.046150494 
869 383 18 21 0.044773497 
525 309 11 15 0.04419011 
772 345 14 20 0.04404299 
957 323 23 30 0.043905444 
888 320 38 49 0.042248894 
616 283 42 54 0.041362792 
386 325 25 34 0.039718013 
745 307 11 13 0.037507243 
151 334 8 9 0.037322845 
750 334 22 26 0.03656 
775 311 13 17 0.035802893 
408 339 20 24 0.03459511 
16 427 12 16 0.034004893 
134 339 9 11 0.033646576 
32 357 22 25 0.033198092 
517 305 16 20 0.03270152 
587 335 14 21 0.03208939 
247 340 9 12 0.03181052 
102 27 9 12 0.031454764 
336 324 29 39 0.03136343 
438 306 11 14 0.029862473 
589 293 9 11 0.029350588 
856 298 30 36 0.029306257 
229 295 9 10 0.029158989 
961 272 8 9 0.027410291 
335 324 11 14 0.026006266 
390 326 13 19 0.02599589 
809 331 24 31 0.025832903 
565 314 29 34 0.025599383 
556 276 9 12 0.025136804 
805 381 36 54 0.024856517 
872 272 7 9 0.02455367 
787 304 17 23 0.024478458 
814 337 13 18 0.02411192 
708 317 11 14 0.023886938 
1006 303 14 22 0.023754617 
202 340 25 29 0.023645543 
340 324 15 18 0.023613892 
561 296 8 9 0.023417056 
719 325 12 13 0.023363318 
559 301 12 16 0.023245107 
906 302 44 53 0.022927154 
609 292 8 11 0.022743165 
766 331 24 33 0.022596734 
958 298 13 16 0.022503039 
1006 270 9 11 0.0221492 
754 307 11 14 0.02210826 
707 323 12 15 0.022018244 
253 337 12 16 0.02183657 
3 388 35 59 0.021240916 
888 330 15 19 0.021218067 
814 183 11 13 0.021024093 
559 292 38 48 0.020945644 
917 321 16 22 0.020808697 
374 316 10 13 0.02074935 
391 317 11 14 0.020532591 
685 101 8 10 0.020499265 
259 333 17 20 0.02046476 
585 289 7 9 0.020409746 
30 359 14 19 0.02037134 
63 302 7 9 0.020331237 
961 312 23 28 0.020241112 
