3_Riot_Riot_3_521
18
267 194 67 79 0.9989191 
156 230 68 78 0.9987469 
871 176 139 181 0.9986816 
544 164 134 159 0.99626863 
44 227 78 81 0.9938682 
374 242 83 99 0.99085665 
506 315 56 72 0.20073277 
482 290 52 65 0.05124913 
464 604 11 13 0.042818304 
743 543 102 134 0.04174669 
494 264 85 115 0.030052386 
546 82 194 289 0.029397713 
495 330 40 49 0.025729826 
164 710 48 49 0.02386649 
465 293 89 111 0.021462593 
476 406 33 36 0.020771421 
601 363 25 26 0.020674875 
525 218 96 129 0.020138966 
