3_Riot_Riot_3_354
51
618 97 17 21 0.9402238 
497 177 21 30 0.8542255 
915 109 19 22 0.7671516 
404 161 23 28 0.7008622 
700 101 18 21 0.41637585 
388 245 31 54 0.3345322 
237 153 22 27 0.3254043 
802 130 16 26 0.2805353 
536 107 10 13 0.15091027 
338 259 55 58 0.14455108 
735 71 11 14 0.13308688 
589 306 43 60 0.087468736 
788 133 26 28 0.07029182 
429 125 12 17 0.06619442 
373 256 35 45 0.0659003 
550 136 21 26 0.060264453 
655 79 11 13 0.056307185 
971 145 25 32 0.05272859 
806 123 21 31 0.04839858 
800 71 10 12 0.045286562 
422 123 15 18 0.044578545 
455 444 53 56 0.04424214 
690 60 13 17 0.04184892 
517 183 12 16 0.04046767 
740 75 10 14 0.035726234 
798 76 11 14 0.03458332 
783 98 11 14 0.033922974 
692 84 10 13 0.032818973 
796 122 17 25 0.032598313 
695 99 14 19 0.032032523 
497 175 11 15 0.03169826 
767 125 38 46 0.030736871 
788 94 12 13 0.028866734 
249 155 18 22 0.02831571 
814 92 12 15 0.02760947 
752 70 12 14 0.027301578 
910 99 16 19 0.027235636 
812 101 12 15 0.026993578 
645 94 11 14 0.026688421 
706 77 8 11 0.025090547 
561 137 15 21 0.025010267 
624 93 16 21 0.023712235 
794 115 17 22 0.023362495 
154 489 20 19 0.022336675 
668 118 13 15 0.02199579 
803 115 15 22 0.021637414 
639 93 12 16 0.021356486 
421 116 13 18 0.020960221 
340 224 45 52 0.020750083 
540 103 11 15 0.020443877 
692 77 11 15 0.020022552 
