3_Riot_Riot_3_106
30
678 152 199 230 0.9955786 
235 312 15 18 0.2817529 
295 298 12 14 0.23264097 
355 285 11 14 0.16038595 
783 689 24 29 0.07855265 
453 407 14 18 0.07109955 
-9 703 397 425 0.06796345 
318 93 12 16 0.058073815 
216 260 9 11 0.054304197 
324 92 15 20 0.051087234 
352 288 14 19 0.048278484 
206 283 11 14 0.045984197 
240 253 8 10 0.04449938 
404 333 12 14 0.039211333 
99 530 12 18 0.035959117 
291 296 19 24 0.03552926 
99 304 16 19 0.03185427 
287 238 9 10 0.029638939 
779 680 48 55 0.02810029 
101 301 26 28 0.027130121 
204 267 10 12 0.02666191 
290 249 16 18 0.023456955 
198 284 14 17 0.022622675 
375 235 9 14 0.02220624 
373 409 8 11 0.021993369 
232 262 10 13 0.021520576 
463 493 12 14 0.02132919 
211 282 12 15 0.02102535 
771 709 54 70 0.020731775 
108 303 29 37 0.0204305 
