3_Riot_Riot_3_1037
51
603 182 27 33 0.9982004 
299 155 33 44 0.99751675 
56 497 51 63 0.9975147 
679 138 32 42 0.99533576 
0 684 93 116 0.9946843 
970 208 36 44 0.9943316 
771 175 29 34 0.9943007 
675 412 44 55 0.99268275 
718 154 22 28 0.9770224 
366 450 31 38 0.44175163 
71 154 68 72 0.4000867 
433 443 12 15 0.2120375 
82 746 23 32 0.21183951 
529 206 43 51 0.19248869 
211 569 55 68 0.13853838 
310 442 15 18 0.13755266 
761 591 33 63 0.13148867 
288 446 32 41 0.09156122 
93 184 65 74 0.09020724 
420 455 10 12 0.08312238 
412 485 11 14 0.080126114 
328 439 11 15 0.06334591 
300 439 28 33 0.055225577 
292 437 11 13 0.044940956 
273 425 42 56 0.0429451 
451 172 164 248 0.04246117 
551 209 29 50 0.03999566 
86 885 16 20 0.037852254 
686 190 17 22 0.0366315 
479 173 38 57 0.03633805 
442 457 21 29 0.030721176 
316 436 22 26 0.029882401 
386 591 56 91 0.02962032 
141 718 138 160 0.029161425 
436 447 13 16 0.029043037 
102 583 32 41 0.028948711 
716 149 36 48 0.028418018 
445 453 11 13 0.027195636 
968 150 43 50 0.027051803 
53 151 120 131 0.026869267 
496 183 43 60 0.026681643 
963 924 39 52 0.026442487 
376 452 19 21 0.025881018 
523 603 13 19 0.025172826 
692 383 101 110 0.024950275 
510 230 39 36 0.023863079 
303 442 15 18 0.022347892 
802 574 48 60 0.021815315 
271 436 26 38 0.021446282 
407 461 10 12 0.020422887 
415 458 11 13 0.020295732 
