3_Riot_Riot_3_790
60
206 275 25 31 0.99411064 
931 273 12 16 0.9350228 
787 251 15 21 0.9194464 
811 267 21 25 0.9146587 
244 254 18 22 0.9124772 
261 240 14 17 0.9040972 
483 262 11 14 0.8567545 
512 263 17 20 0.71325374 
986 274 16 18 0.6347559 
326 261 13 16 0.3729362 
431 273 13 16 0.3124755 
430 285 15 18 0.22215497 
906 280 22 27 0.12071608 
235 271 16 22 0.075598456 
331 309 16 21 0.061675586 
330 262 15 19 0.061557557 
513 253 15 20 0.056701124 
82 356 30 37 0.05205267 
514 302 13 16 0.050916437 
845 264 14 19 0.04125653 
775 251 12 17 0.04030773 
434 342 10 13 0.036421116 
447 286 10 13 0.03593597 
478 254 13 16 0.035832204 
492 291 12 16 0.03559286 
838 258 15 20 0.034963537 
475 395 36 46 0.034268674 
132 363 11 13 0.031246034 
509 283 14 18 0.029031692 
119 298 21 28 0.028596668 
583 261 12 16 0.028432475 
319 255 21 26 0.028318122 
984 277 26 33 0.028164517 
413 286 13 17 0.026944488 
332 300 14 19 0.026573263 
1011 251 11 19 0.025815066 
494 254 11 14 0.025277587 
853 264 12 17 0.024958001 
422 283 12 17 0.024157051 
502 283 13 19 0.024036594 
984 259 23 28 0.024021376 
929 299 24 26 0.023628183 
502 268 11 14 0.023409575 
245 244 15 21 0.023343578 
135 291 16 18 0.023156228 
984 254 12 16 0.022891045 
510 271 16 19 0.022865398 
244 247 38 49 0.022656728 
247 237 13 17 0.022535706 
959 306 16 21 0.022208912 
446 278 11 13 0.022140546 
502 260 10 15 0.021622136 
501 254 10 14 0.021284798 
229 267 16 24 0.020987697 
478 280 12 15 0.0207311 
454 277 10 12 0.020724026 
435 325 12 15 0.020275472 
220 274 21 28 0.020250572 
926 299 13 17 0.020048635 
492 260 11 15 0.020043723 
