3_Riot_Riot_3_958
84
521 45 26 34 0.9975815 
137 4 26 32 0.9958677 
236 11 26 35 0.99432313 
402 24 37 50 0.99208516 
14 5 37 48 0.9901958 
566 108 58 73 0.9901703 
924 75 25 31 0.9890258 
372 34 25 30 0.9861513 
108 29 28 34 0.98565525 
53 23 25 32 0.985254 
864 19 36 43 0.97498024 
772 40 30 35 0.954052 
664 56 22 27 0.9501324 
709 29 22 33 0.9325047 
66 3 28 31 0.9170823 
497 32 22 28 0.8177371 
334 37 20 27 0.8117563 
207 27 23 26 0.74781686 
824 49 19 22 0.71896255 
952 57 26 36 0.63979477 
974 20 15 19 0.59493273 
312 35 19 27 0.44356108 
462 37 22 30 0.36574432 
607 46 15 18 0.21690343 
320 36 20 28 0.2068798 
187 22 14 15 0.1832212 
964 19 18 22 0.15735267 
396 20 25 38 0.13039131 
-3 20 16 30 0.13013248 
591 100 61 77 0.11965272 
619 93 50 76 0.11887234 
281 0 35 32 0.11719068 
869 67 25 28 0.11305253 
968 58 18 22 0.10535778 
304 31 20 27 0.09518977 
955 51 14 19 0.09510195 
486 46 14 19 0.083907574 
749 7 22 30 0.08286414 
490 39 24 31 0.07930386 
306 0 17 17 0.07415398 
389 23 21 31 0.07415 
182 22 23 27 0.070455596 
758 63 12 16 0.066792294 
468 280 20 33 0.059439313 
291 38 13 16 0.050541285 
228 -2 13 15 0.048817202 
942 63 28 38 0.04596619 
557 80 47 76 0.04572779 
764 125 30 33 0.043730386 
504 29 39 50 0.0391363 
248 403 191 249 0.038084008 
703 51 12 15 0.037857924 
953 37 38 50 0.036242135 
503 37 22 36 0.03566703 
1011 49 11 18 0.033217147 
768 48 14 20 0.032390658 
654 43 40 43 0.032231342 
975 14 23 30 0.031819332 
-103 109 423 458 0.030983938 
296 0 31 38 0.029783603 
113 -2 27 28 0.02916559 
195 25 15 22 0.028760169 
557 74 33 51 0.027885504 
753 59 21 28 0.027710086 
914 2 42 43 0.027539574 
652 65 12 16 0.025898743 
35 9 35 48 0.02583324 
184 10 24 26 0.025452856 
763 50 22 29 0.025343034 
196 -1 17 15 0.025186766 
79 8 18 22 0.024972035 
865 44 40 50 0.02465313 
685 50 13 19 0.024280606 
173 34 13 20 0.023951354 
529 0 22 20 0.023086768 
959 22 29 35 0.022488095 
750 58 14 19 0.021738458 
204 21 17 25 0.021140957 
472 42 16 19 0.02113241 
905 0 26 24 0.020500144 
934 19 26 33 0.020339748 
75 263 456 487 0.020223565 
498 30 13 18 0.02018878 
187 30 25 34 0.020042853 
