3_Riot_Riot_3_306
39
746 87 60 82 0.9988625 
264 139 59 70 0.997593 
480 193 48 59 0.99093807 
655 171 74 67 0.97650266 
918 66 72 89 0.9683053 
145 150 19 25 0.87866354 
324 127 20 28 0.74192834 
293 240 32 64 0.37846792 
229 275 65 64 0.31874645 
232 185 39 47 0.28353745 
473 129 29 34 0.12664548 
261 253 51 61 0.1114982 
474 135 39 49 0.07782118 
457 293 33 32 0.07681064 
428 204 40 63 0.062137935 
542 298 55 85 0.06121205 
478 165 50 63 0.046701387 
221 86 16 18 0.043683056 
416 138 24 28 0.04077352 
649 127 44 58 0.038853776 
389 63 49 63 0.03833919 
434 175 42 58 0.031004898 
460 303 19 20 0.028500576 
139 135 38 44 0.028190563 
452 196 46 66 0.027984988 
314 130 25 36 0.027175883 
33 139 51 58 0.025838798 
71 206 10 12 0.025432408 
165 125 38 52 0.025316974 
560 285 47 66 0.025076684 
180 150 17 22 0.025034696 
498 178 55 69 0.023787597 
915 46 32 47 0.023642117 
524 77 11 15 0.023345083 
491 108 13 17 0.022596724 
636 178 63 71 0.02165056 
446 207 31 49 0.021613652 
476 114 25 31 0.02084781 
484 111 16 18 0.02052614 
