3_Riot_Riot_3_710
27
617 82 54 54 0.98523474 
0 195 25 29 0.96454287 
495 177 58 72 0.94773424 
290 59 42 68 0.5191411 
34 196 15 20 0.32411757 
573 129 42 55 0.3044331 
27 180 12 15 0.10467874 
745 20 31 49 0.096779875 
225 88 60 70 0.080021136 
299 89 31 49 0.06103618 
730 -1 32 30 0.057441175 
412 182 18 23 0.04395998 
12 192 21 28 0.04351693 
38 166 10 12 0.03795389 
28 185 16 21 0.03787038 
38 197 20 25 0.036464486 
626 49 58 80 0.032815613 
249 79 65 74 0.032481287 
50 203 14 16 0.03212488 
263 48 75 99 0.028262047 
728 257 113 166 0.025166899 
478 155 11 16 0.02515099 
464 157 44 58 0.024328684 
966 149 49 61 0.023892088 
453 148 22 30 0.022033479 
207 106 52 74 0.02035576 
308 74 33 49 0.020340355 
