3_Riot_Riot_3_415
47
842 417 27 35 0.98059297 
798 238 16 26 0.95892555 
516 267 22 30 0.9331315 
714 234 20 29 0.92645407 
654 243 15 25 0.8842141 
391 267 22 27 0.84524214 
445 224 15 27 0.7732449 
978 362 17 24 0.7526446 
136 205 21 26 0.7036468 
291 239 15 25 0.53324443 
555 259 13 22 0.41218603 
908 218 14 19 0.4033166 
308 280 20 30 0.35761797 
748 268 12 15 0.24648428 
900 219 30 36 0.20795456 
512 251 23 30 0.16157432 
658 300 20 30 0.1407043 
702 280 15 18 0.10969123 
874 395 16 18 0.09806641 
969 360 19 29 0.095011435 
296 236 17 23 0.079069614 
369 286 22 29 0.07648121 
560 263 18 22 0.06415315 
279 236 22 32 0.051999696 
668 313 13 18 0.047874514 
276 187 15 23 0.04700569 
905 214 11 16 0.040735256 
508 258 39 51 0.03952715 
895 247 25 32 0.034519646 
299 272 25 30 0.032474127 
399 267 27 33 0.028746739 
271 192 15 20 0.027868507 
867 388 18 24 0.026889635 
318 286 18 23 0.025821734 
609 349 10 11 0.02497004 
892 233 26 33 0.024899965 
742 263 15 18 0.02360024 
955 415 47 66 0.023464132 
691 237 14 19 0.02315057 
403 250 18 21 0.022925057 
390 260 15 22 0.022867009 
544 256 19 26 0.022186426 
556 269 26 30 0.021921871 
382 264 15 23 0.021735163 
536 260 21 29 0.021263622 
830 418 27 35 0.021038482 
725 351 15 21 0.020667734 
