3_Riot_Riot_3_438
45
836 210 39 43 0.9955148 
451 151 17 22 0.9345435 
653 146 16 19 0.8162015 
458 480 366 210 0.27186355 
243 208 30 41 0.23967771 
203 163 23 29 0.22901006 
191 161 16 20 0.21693055 
739 181 23 28 0.203005 
708 165 12 14 0.1865812 
654 231 23 30 0.093808584 
553 240 15 20 0.08387782 
213 158 14 22 0.07266649 
777 151 10 13 0.06647598 
575 172 11 14 0.06352288 
754 182 22 27 0.062250964 
326 219 10 14 0.05184697 
294 194 7 9 0.05048136 
527 613 74 59 0.048338287 
697 169 38 51 0.040079325 
693 176 14 19 0.0386627 
554 231 8 11 0.036533155 
272 189 9 12 0.035293322 
508 585 129 100 0.033013184 
485 376 437 439 0.029567694 
726 163 13 17 0.029352497 
230 498 98 98 0.02929327 
694 172 23 31 0.028094798 
262 220 31 36 0.027513737 
122 214 16 23 0.02736448 
157 199 28 44 0.026353022 
493 216 9 11 0.025162835 
569 174 11 13 0.024654564 
627 174 16 19 0.02375078 
151 194 24 34 0.02360109 
700 171 15 18 0.023292517 
701 167 24 30 0.022431249 
153 160 8 12 0.021286199 
593 168 9 11 0.021027802 
542 229 9 12 0.021014033 
251 213 17 22 0.020858081 
191 167 34 40 0.020437082 
308 128 455 487 0.020371774 
717 165 11 15 0.020349426 
870 208 24 40 0.02013804 
672 154 12 15 0.020040788 
