3_Riot_Riot_3_101
63
720 328 62 72 0.83869463 
974 102 45 78 0.44458282 
784 62 57 59 0.38693032 
660 126 47 64 0.27060357 
290 161 33 34 0.13577169 
202 196 40 57 0.12973478 
507 236 58 62 0.10069617 
179 207 46 51 0.09225944 
219 159 42 57 0.08754799 
629 123 61 66 0.08167759 
167 55 60 54 0.07550292 
872 224 46 62 0.07211564 
579 2 31 46 0.06812706 
200 50 38 51 0.06045879 
228 146 26 27 0.059137963 
188 439 11 15 0.04847374 
211 172 41 71 0.04824378 
161 200 45 55 0.047169216 
613 81 98 115 0.041266877 
424 289 49 54 0.037128545 
2 262 54 57 0.036794707 
954 105 47 63 0.035855256 
844 234 53 55 0.034719516 
225 128 27 32 0.033162802 
346 418 25 30 0.031394426 
542 222 55 68 0.029532535 
1 457 10 16 0.028332172 
726 315 93 129 0.028021416 
750 31 46 62 0.02797704 
175 66 64 79 0.027968936 
494 290 16 18 0.027826037 
291 164 18 24 0.027790168 
651 2 14 14 0.027107999 
0 377 22 31 0.026827857 
67 473 33 47 0.026794096 
635 140 32 37 0.02579325 
445 588 42 39 0.025540309 
28 292 27 35 0.024757095 
520 264 36 36 0.024611356 
16 296 28 37 0.024585849 
56 373 39 50 0.02397569 
668 263 228 278 0.023663975 
706 364 17 22 0.023611605 
933 105 40 56 0.02327334 
350 448 51 61 0.022582034 
491 106 399 545 0.022563273 
531 277 19 21 0.02254162 
695 13 46 56 0.022228759 
639 17 13 16 0.02212219 
39 275 15 18 0.022061924 
184 15 61 69 0.021980172 
331 193 20 20 0.021341933 
491 195 85 101 0.021110319 
217 8 49 64 0.020934338 
0 248 37 51 0.020617098 
236 116 12 16 0.020613775 
201 437 10 15 0.020551164 
623 37 163 228 0.02053851 
249 99 14 16 0.020322904 
276 140 30 36 0.020235231 
853 201 77 97 0.02013261 
489 304 25 32 0.020113071 
388 530 104 107 0.020081433 
