3_Riot_Riot_3_186
29
211 29 63 73 0.9936599 
385 50 47 51 0.9915781 
788 140 20 25 0.87743217 
545 45 40 52 0.7011 
735 93 47 67 0.30299485 
417 313 65 74 0.16223894 
402 308 362 412 0.14661947 
611 -1 40 26 0.14012596 
253 136 69 84 0.10581312 
466 156 41 52 0.07388503 
51 0 146 181 0.048792053 
307 71 48 58 0.045452364 
374 292 98 109 0.03671216 
405 1 16 16 0.03600301 
693 88 80 116 0.035724733 
388 329 61 68 0.03555262 
339 13 42 54 0.034586962 
309 98 45 58 0.033542197 
165 155 17 23 0.028765487 
478 167 42 54 0.025793478 
402 1 31 26 0.0256131 
-49 257 411 576 0.025493607 
756 114 15 19 0.024877142 
579 45 187 201 0.023706881 
642 71 52 66 0.023690157 
554 264 20 21 0.022678271 
548 64 19 23 0.020962704 
217 73 95 139 0.020664597 
345 48 32 41 0.020568758 
