49_Greeting_peoplegreeting_49_218
166
389 633 69 79 0.99792224 
686 617 71 85 0.9965791 
0 910 28 50 0.9555205 
194 761 37 47 0.9312233 
659 1147 56 79 0.8343249 
478 1169 77 56 0.58393395 
830 211 49 62 0.5754913 
576 326 34 39 0.4074319 
495 110 42 49 0.37858126 
748 321 23 29 0.37799013 
585 630 32 43 0.21378802 
761 387 38 52 0.19743568 
849 371 26 34 0.17701249 
551 713 47 53 0.16941603 
691 205 28 37 0.13611242 
734 170 15 18 0.13390556 
149 675 15 17 0.1327073 
22 882 52 70 0.12284254 
331 334 17 23 0.120766245 
683 328 17 19 0.10780663 
657 250 21 24 0.0953634 
121 359 17 20 0.091753624 
109 45 47 61 0.090073995 
503 654 59 78 0.08973186 
644 628 28 44 0.08638006 
429 279 13 16 0.08329385 
130 37 17 21 0.07402197 
513 195 59 77 0.072456114 
839 254 27 33 0.0698484 
517 294 45 57 0.068465166 
679 334 28 34 0.063727565 
9 869 86 111 0.063065834 
711 341 25 29 0.0629781 
843 619 42 52 0.06166171 
508 15 16 20 0.06062553 
6 301 16 20 0.0548513 
617 336 14 18 0.05325639 
650 257 33 47 0.049457807 
821 191 83 96 0.04680045 
8 900 28 37 0.04661541 
645 33 46 53 0.04549215 
344 1134 58 83 0.044652507 
418 249 19 23 0.044487566 
619 0 33 28 0.04408695 
563 341 45 53 0.043965276 
768 283 34 43 0.04260419 
586 41 19 22 0.04191911 
0 3 18 25 0.04179609 
540 -2 25 22 0.041537374 
537 303 48 60 0.04101727 
728 173 23 28 0.040654875 
401 1164 12 15 0.040466916 
195 554 23 28 0.03999348 
9 372 14 16 0.039555807 
475 247 17 20 0.039380923 
116 52 19 21 0.038856257 
186 101 13 16 0.038714115 
677 216 26 32 0.037865996 
501 13 16 20 0.03702908 
732 617 50 72 0.037021086 
842 112 17 21 0.036514886 
168 730 30 39 0.036433 
419 319 21 23 0.03640774 
451 577 15 19 0.035783727 
698 234 14 17 0.035537895 
27 60 37 44 0.03535123 
621 4 63 60 0.035337232 
15 1 59 72 0.03512617 
697 199 20 27 0.0349211 
199 13 212 159 0.03467828 
236 213 17 22 0.034312155 
300 262 18 22 0.03427937 
401 517 17 22 0.03427401 
676 227 16 20 0.034255307 
557 32 19 21 0.034243986 
114 51 30 37 0.03281969 
224 368 24 30 0.0327552 
335 338 23 30 0.032163665 
523 249 41 52 0.032040507 
607 267 29 35 0.032027982 
318 332 24 31 0.03196658 
9 895 44 64 0.031926587 
435 4 32 35 0.031506095 
857 362 30 39 0.031415213 
25 356 19 23 0.030901492 
691 338 29 35 0.030821083 
780 275 29 34 0.030641034 
412 328 26 31 0.030371157 
509 560 13 17 0.029909667 
250 388 17 21 0.029802853 
520 271 43 53 0.029751869 
703 212 27 28 0.029290592 
667 180 31 35 0.028939918 
390 288 15 19 0.028929556 
269 293 13 18 0.02872507 
403 336 26 30 0.028640283 
35 229 15 17 0.028015394 
823 -3 28 21 0.027859291 
893 24 25 29 0.027522339 
21 291 16 21 0.02745942 
456 67 33 39 0.026774276 
32 1045 67 75 0.026642043 
751 0 65 60 0.026508156 
5 366 24 27 0.026434844 
201 109 15 17 0.026427569 
29 45 28 28 0.025982518 
484 3 46 42 0.025676072 
884 63 28 35 0.025582086 
505 490 26 29 0.025207644 
867 356 54 62 0.025142163 
781 5 32 31 0.025094891 
118 363 24 29 0.024915075 
688 243 23 25 0.024789663 
718 10 31 30 0.024730146 
347 347 22 28 0.024727216 
821 234 57 71 0.024651088 
598 628 42 53 0.024643077 
681 139 208 236 0.024617312 
826 108 14 18 0.024527673 
681 1154 57 68 0.024239156 
549 1171 36 45 0.024204625 
709 736 65 80 0.024030417 
878 200 53 60 0.02384989 
755 311 27 32 0.023736203 
581 0 25 25 0.02368152 
518 204 31 37 0.023642758 
678 189 31 38 0.023452384 
114 374 24 30 0.023445107 
456 55 26 31 0.023415744 
71 13 30 42 0.023382938 
579 1196 33 31 0.023352254 
675 741 53 76 0.02328076 
155 0 14 14 0.02298375 
530 698 88 99 0.02292912 
610 181 19 21 0.022844229 
9 291 17 22 0.022826003 
651 46 16 20 0.022570962 
393 293 21 25 0.022322005 
577 642 30 39 0.022321284 
852 69 91 141 0.022294156 
653 221 20 24 0.022118276 
602 -7 104 96 0.021960521 
103 842 28 30 0.021953905 
152 789 33 44 0.021917632 
693 225 16 23 0.021596685 
716 0 17 15 0.021557948 
748 531 38 52 0.021444 
10 373 28 31 0.02125126 
648 41 30 31 0.02121545 
688 344 42 53 0.021018395 
621 517 16 21 0.02100192 
364 226 13 14 0.020913448 
487 375 22 24 0.020824203 
615 639 24 32 0.020821778 
45 875 33 44 0.020820484 
611 216 29 35 0.02075378 
400 322 27 32 0.020546056 
406 564 15 20 0.020478953 
686 654 58 74 0.020429442 
757 250 24 31 0.020304605 
544 41 41 52 0.020175762 
561 29 25 30 0.020120636 
460 524 14 19 0.02009169 
467 228 24 27 0.020090986 
678 522 25 31 0.020071732 
227 302 14 18 0.020035787 
