49_Greeting_peoplegreeting_49_53
92
435 336 58 74 0.99920243 
666 214 47 71 0.9979906 
328 642 69 94 0.9966287 
797 395 63 81 0.99646336 
570 169 40 66 0.99618196 
84 387 60 79 0.9936539 
220 333 47 71 0.9908015 
771 664 67 95 0.99009717 
679 375 51 72 0.9857657 
173 285 39 62 0.9796975 
707 294 37 56 0.9721175 
329 228 45 64 0.9689464 
829 332 39 57 0.9666459 
348 335 44 67 0.96654207 
843 278 50 72 0.8095921 
108 344 50 75 0.80245674 
234 220 58 73 0.6044007 
513 282 40 49 0.492865 
814 131 13 16 0.37176776 
228 217 35 56 0.36025244 
363 -1 17 15 0.2904827 
835 306 51 67 0.22324105 
346 622 56 75 0.21147472 
533 3 43 55 0.19365785 
819 255 60 83 0.18377502 
224 140 23 29 0.1822718 
415 21 50 70 0.14279553 
492 248 43 51 0.12130256 
600 5 30 33 0.08904739 
363 619 39 47 0.07823232 
760 628 59 74 0.07330515 
365 290 54 71 0.068577796 
137 357 44 54 0.066389464 
808 249 53 61 0.06225931 
315 155 32 40 0.06070186 
718 378 46 58 0.060260747 
757 379 37 52 0.059331972 
410 -2 16 14 0.054093815 
257 198 39 41 0.051317506 
249 190 59 75 0.05087157 
182 1340 53 43 0.050147537 
551 -1 36 48 0.04814219 
195 360 37 52 0.046147745 
240 269 29 45 0.04550534 
278 203 37 43 0.043484684 
777 303 42 58 0.04328081 
374 5 78 113 0.04318569 
781 379 28 46 0.039590694 
126 178 28 35 0.039579857 
367 324 55 74 0.039167453 
778 481 44 56 0.039060645 
804 125 23 27 0.037328724 
605 0 16 14 0.037321623 
818 346 33 40 0.036954943 
584 1071 162 214 0.035282284 
611 17 16 19 0.034870062 
756 10 30 33 0.034756698 
-1 82 31 60 0.033866815 
768 32 35 38 0.030468756 
576 146 46 68 0.02735173 
724 287 46 64 0.026463244 
369 30 51 72 0.026376186 
216 132 40 50 0.02637282 
785 119 31 38 0.026030453 
789 371 37 52 0.025655458 
383 291 36 39 0.025373818 
774 384 46 67 0.02514547 
284 169 47 59 0.025015285 
222 1001 243 333 0.02488189 
506 64 42 46 0.024743393 
589 134 46 59 0.024563821 
400 325 48 68 0.024078293 
758 25 31 33 0.023643175 
384 162 30 31 0.023541655 
714 108 16 22 0.023255968 
193 268 31 42 0.023121323 
798 314 32 38 0.022973454 
585 1 34 39 0.022913693 
313 208 46 69 0.022623278 
802 299 49 63 0.022312768 
237 209 38 49 0.022194471 
459 50 106 100 0.02169139 
0 515 48 92 0.021485114 
253 92 33 42 0.021362687 
838 394 52 71 0.021190893 
161 370 17 23 0.021000993 
161 24 62 55 0.020957164 
155 365 31 39 0.020563994 
391 101 42 62 0.020474121 
201 293 32 49 0.020388335 
245 183 36 46 0.020310406 
342 1351 41 37 0.020209804 
