49_Greeting_peoplegreeting_49_387
31
636 237 31 43 0.9952178 
252 274 18 24 0.98092216 
523 220 28 46 0.9806262 
691 243 26 38 0.9186199 
225 270 16 22 0.34837335 
275 269 13 17 0.14198327 
284 287 12 17 0.12090265 
219 320 39 62 0.0714788 
748 160 190 302 0.06538234 
507 233 41 41 0.06417013 
413 288 8 11 0.050749347 
712 242 32 39 0.04755555 
777 178 132 170 0.04133751 
234 272 15 21 0.036761176 
697 242 38 50 0.034468073 
686 252 19 26 0.03264644 
482 208 30 45 0.03204026 
654 340 36 37 0.02882669 
340 285 15 18 0.027555775 
526 52 423 555 0.026662126 
230 288 13 19 0.02591079 
492 226 41 45 0.02570245 
687 220 12 15 0.025355682 
272 260 15 19 0.02418311 
734 54 29 35 0.02415978 
728 246 28 35 0.022506101 
612 237 10 13 0.022034353 
213 264 20 25 0.021698542 
655 321 57 64 0.020941282 
269 209 9 10 0.020912247 
366 285 10 11 0.020829685 
