49_Greeting_peoplegreeting_49_48
29
721 126 55 72 0.99886924 
587 195 48 60 0.9984609 
231 268 29 35 0.99838626 
291 221 35 40 0.9973768 
381 236 36 41 0.995235 
533 144 40 86 0.96500343 
13 31 143 365 0.96410877 
194 280 24 32 0.93101686 
159 283 27 32 0.89776975 
35 341 74 92 0.67802465 
147 300 15 21 0.21429724 
6 239 109 174 0.11922725 
555 163 45 72 0.09233722 
237 340 14 20 0.05033851 
691 120 51 72 0.05023312 
150 291 25 32 0.0395544 
172 279 25 31 0.03833979 
667 128 54 70 0.038334418 
232 334 23 34 0.03784672 
656 112 87 112 0.024258561 
373 221 32 40 0.02338236 
244 328 27 35 0.023298193 
487 71 10 13 0.02212604 
809 469 50 56 0.02185532 
296 290 53 72 0.021676933 
655 160 54 80 0.021519966 
698 95 58 74 0.020146 
370 219 18 25 0.020065645 
102 330 41 69 0.020000968 
