49_Greeting_peoplegreeting_49_810
61
505 142 79 98 0.99433017 
745 177 26 35 0.9314749 
811 173 22 29 0.8624596 
279 169 52 88 0.8570185 
265 40 27 39 0.6945763 
260 0 17 15 0.24763913 
198 356 56 81 0.17634034 
419 321 15 19 0.1405411 
302 190 33 56 0.08849558 
237 164 76 103 0.08237735 
420 -4 55 57 0.07836146 
400 387 30 35 0.06862974 
279 368 20 29 0.06290825 
424 335 23 28 0.061794497 
591 463 44 53 0.06118892 
421 326 21 27 0.061112218 
951 113 21 27 0.045903098 
245 41 34 40 0.045020517 
937 206 11 14 0.043937508 
265 375 25 27 0.04179912 
126 333 27 36 0.041421626 
980 70 14 18 0.03840226 
886 198 16 21 0.038155343 
178 344 113 129 0.036967453 
977 71 22 30 0.03467824 
893 8 35 41 0.03400869 
1 462 29 57 0.032798238 
999 288 15 19 0.03174812 
387 333 26 35 0.03169373 
420 337 16 21 0.031190092 
892 241 26 40 0.031181177 
266 363 13 15 0.029940326 
237 388 11 14 0.029625142 
274 0 19 18 0.028560275 
267 173 38 74 0.028328331 
499 93 28 33 0.027857805 
130 496 45 57 0.027239336 
1003 46 20 35 0.02639262 
269 36 47 61 0.02631491 
849 111 16 19 0.026062792 
957 0 47 32 0.025735756 
261 0 30 26 0.02567081 
806 221 21 25 0.025325416 
538 302 37 42 0.025075644 
583 501 54 75 0.02439839 
925 168 18 22 0.02427919 
825 178 16 22 0.023657653 
979 83 23 31 0.022202466 
187 368 14 20 0.022184271 
207 185 76 81 0.022077516 
497 365 29 41 0.021697931 
302 379 22 28 0.021523245 
931 49 19 25 0.021452375 
786 199 17 19 0.021217614 
228 345 13 15 0.021161687 
219 375 32 42 0.021128614 
277 7 96 99 0.020838197 
635 281 23 31 0.020271508 
800 167 43 51 0.02026762 
889 223 12 14 0.020254938 
981 236 23 31 0.020243049 
