49_Greeting_peoplegreeting_49_456
18
236 200 119 154 0.9995215 
91 277 116 149 0.99938667 
856 313 110 157 0.9993729 
374 316 115 156 0.9992065 
484 111 76 146 0.9188826 
84 175 103 119 0.85518676 
762 242 82 125 0.5080126 
85 222 112 140 0.2511924 
714 29 59 67 0.07151308 
441 136 99 142 0.03480525 
808 276 65 90 0.032592203 
536 694 11 13 0.026800605 
825 292 103 146 0.025845418 
415 164 33 44 0.023944717 
874 161 46 48 0.023417987 
759 190 30 30 0.02304851 
514 152 80 101 0.022991065 
451 121 178 223 0.02166303 
