49_Greeting_peoplegreeting_49_894
197
484 245 50 64 0.9990945 
782 261 48 59 0.99737024 
713 252 48 66 0.996479 
774 387 51 57 0.9949602 
410 294 48 73 0.9948315 
922 255 48 59 0.9849925 
89 259 46 64 0.9840296 
52 286 45 73 0.972385 
556 290 44 58 0.9473253 
899 269 37 50 0.908406 
67 266 49 73 0.6498153 
277 251 25 48 0.61545783 
833 227 26 31 0.52929807 
681 288 30 41 0.32004866 
0 251 13 17 0.3125109 
980 59 13 17 0.28356776 
202 256 35 59 0.26545307 
935 43 12 15 0.1908949 
1003 276 21 41 0.18858717 
750 141 14 16 0.18096451 
889 92 12 15 0.16745253 
862 74 14 18 0.15898785 
651 285 42 53 0.13248476 
983 182 10 13 0.12568653 
505 83 10 13 0.121528916 
955 52 11 14 0.11972822 
312 241 42 55 0.111756735 
53 132 13 15 0.10882623 
832 239 28 36 0.10851073 
445 150 12 15 0.106502086 
294 239 37 59 0.0960096 
453 188 12 15 0.09312007 
562 302 54 71 0.09242241 
677 212 13 15 0.08757214 
519 178 11 14 0.084120795 
301 140 10 13 0.07586838 
254 250 44 56 0.06972518 
869 192 8 11 0.06711265 
973 207 10 13 0.066469334 
144 227 51 65 0.06550863 
160 241 63 70 0.06522946 
285 246 29 46 0.06512705 
535 133 10 13 0.06400727 
315 148 13 16 0.063601926 
868 95 13 15 0.06338084 
841 255 22 31 0.06298547 
493 146 14 16 0.060805257 
357 185 13 16 0.05859934 
414 118 13 17 0.05759175 
829 78 12 15 0.057524595 
524 485 35 45 0.055735108 
155 165 14 18 0.055594 
976 36 10 13 0.054470565 
221 66 17 22 0.053942088 
305 205 11 13 0.052982394 
251 125 16 20 0.052025802 
628 179 11 15 0.051653076 
132 189 12 14 0.05124907 
940 134 16 18 0.050241616 
509 472 56 73 0.048594177 
329 92 11 14 0.046287235 
568 86 10 11 0.04628217 
591 298 30 44 0.046243254 
39 124 10 13 0.045998026 
644 270 21 31 0.04423607 
972 86 15 18 0.042392597 
672 150 11 14 0.04199594 
111 263 51 66 0.04175245 
626 164 16 18 0.04107366 
538 468 47 67 0.04054584 
718 221 14 17 0.040535804 
817 92 14 15 0.040527057 
38 80 8 10 0.03848162 
202 134 17 21 0.03836273 
578 94 14 17 0.037531164 
216 250 47 65 0.037049398 
509 239 32 44 0.03675294 
543 118 12 15 0.036146373 
745 76 23 25 0.03606122 
140 253 60 73 0.035080127 
556 280 27 47 0.034652974 
566 333 36 41 0.033771947 
463 175 12 17 0.03296542 
985 92 17 20 0.032359906 
492 154 15 17 0.032309577 
641 203 10 14 0.031929754 
509 81 10 12 0.031690568 
618 444 39 66 0.03128661 
865 56 8 11 0.03128428 
837 102 9 11 0.030764945 
843 261 33 46 0.030562447 
1011 171 12 20 0.030473879 
317 199 11 13 0.030361515 
433 302 50 65 0.030268764 
313 154 13 16 0.030147744 
670 212 16 19 0.02985293 
793 134 10 14 0.02966613 
429 183 10 13 0.029491853 
691 279 30 44 0.029118683 
70 127 13 17 0.028947122 
618 104 34 45 0.028881097 
414 250 25 29 0.028830243 
686 81 13 15 0.02871392 
613 212 14 17 0.028665 
108 238 44 66 0.028616901 
976 205 39 57 0.028450528 
345 205 12 15 0.02844931 
622 55 8 12 0.028264372 
540 133 10 14 0.028260322 
628 188 10 13 0.027807273 
266 477 39 52 0.027701743 
355 173 13 17 0.027635505 
969 209 10 13 0.027199112 
391 196 27 31 0.02714345 
226 46 8 10 0.027033279 
664 220 12 15 0.026791124 
31 181 11 14 0.026662968 
718 56 10 11 0.02640762 
939 188 11 12 0.026031531 
903 28 11 15 0.02602048 
970 86 26 30 0.025933051 
521 235 24 35 0.025856338 
558 210 16 19 0.025813257 
660 203 10 13 0.025761072 
444 173 12 14 0.025537647 
150 166 24 29 0.025371842 
232 126 12 14 0.025113968 
658 304 17 20 0.024986764 
716 222 22 27 0.024907488 
219 140 14 18 0.02420711 
209 238 31 56 0.023907498 
728 32 9 11 0.023779199 
0 222 26 40 0.02360945 
636 162 11 14 0.02354488 
960 141 13 16 0.023536934 
907 140 12 14 0.023494089 
429 117 16 20 0.02348591 
643 59 13 18 0.023445666 
260 153 25 29 0.023377743 
927 38 13 16 0.023297338 
571 173 12 17 0.023292309 
750 99 12 15 0.0232539 
974 264 15 20 0.023217555 
512 178 13 15 0.023085317 
976 122 13 16 0.023031902 
575 47 7 9 0.02296777 
527 126 11 14 0.022944994 
550 46 8 11 0.022890992 
790 217 8 10 0.022524564 
875 94 13 16 0.022375766 
121 221 39 62 0.022331048 
458 185 14 18 0.022298621 
303 201 24 28 0.022286262 
40 301 38 54 0.022257859 
934 211 10 13 0.022101058 
484 165 30 36 0.022070656 
567 91 14 17 0.02176744 
62 148 12 15 0.021754509 
326 198 10 14 0.021732688 
878 46 8 11 0.021702055 
74 213 23 26 0.021692025 
893 416 31 34 0.021512395 
924 189 10 11 0.02149333 
653 151 11 14 0.021482011 
241 85 9 12 0.021342136 
644 199 10 14 0.021288166 
976 64 13 16 0.021191804 
210 137 18 20 0.021098398 
936 137 13 16 0.021072287 
926 163 14 18 0.021036334 
748 87 16 19 0.021017363 
383 520 47 57 0.020987663 
451 153 14 16 0.020928666 
489 135 21 25 0.020900162 
223 115 11 12 0.020899726 
404 134 13 17 0.020850059 
907 82 11 15 0.020813797 
249 168 43 55 0.020660419 
973 195 30 35 0.020640947 
558 132 14 17 0.020634962 
703 98 11 15 0.020566992 
647 278 29 41 0.02047024 
45 120 10 13 0.02046884 
746 139 12 16 0.020458903 
676 299 16 21 0.020445462 
15 80 8 9 0.020410746 
557 462 34 52 0.020397907 
833 149 11 14 0.020391462 
864 81 16 19 0.02036202 
84 216 15 18 0.020358244 
544 210 38 48 0.020338757 
903 76 13 16 0.020329524 
976 179 13 15 0.020308707 
469 273 12 17 0.020269938 
834 162 30 36 0.020195626 
571 104 21 26 0.020112101 
776 127 10 12 0.020087598 
