49_Greeting_peoplegreeting_49_920
20
240 173 87 134 0.99734133 
8 669 49 63 0.99440914 
596 268 76 111 0.98504364 
463 297 84 110 0.97781247 
559 594 53 102 0.789023 
938 632 45 43 0.19707534 
656 187 185 186 0.1261655 
572 614 75 87 0.08445519 
812 703 20 21 0.07809876 
530 781 26 26 0.058318943 
4 507 43 88 0.055882808 
494 573 108 151 0.04261443 
578 677 61 77 0.033762537 
646 236 113 141 0.033618785 
955 723 17 20 0.031840034 
718 971 95 129 0.02667862 
935 580 80 121 0.025160644 
547 642 97 139 0.024019368 
844 315 41 37 0.022365173 
517 741 117 110 0.02002674 
