49_Greeting_peoplegreeting_49_50
29
652 273 140 179 0.9987587 
326 202 69 85 0.99811196 
352 118 58 72 0.9956167 
274 115 29 32 0.63307667 
803 162 33 50 0.48483202 
972 200 41 81 0.4402092 
919 155 19 31 0.32848528 
205 568 186 206 0.21582906 
131 462 230 233 0.1558187 
960 178 43 77 0.07234577 
731 151 44 55 0.05888502 
900 156 38 45 0.048397966 
36 718 13 15 0.044044994 
105 45 10 14 0.043775138 
843 152 35 50 0.041917488 
108 46 13 16 0.03591565 
396 130 112 139 0.034764405 
415 176 57 107 0.030162534 
108 50 17 22 0.029962229 
94 397 198 243 0.029881516 
493 683 76 78 0.02893929 
281 66 149 214 0.026305355 
265 119 49 69 0.02593527 
401 167 49 78 0.025177442 
424 230 49 75 0.023172606 
437 731 43 39 0.022177836 
928 152 16 29 0.022163622 
449 60 10 13 0.021236984 
795 171 27 43 0.021008793 
