49_Greeting_peoplegreeting_49_153
17
535 277 375 540 0.9994949 
232 132 312 473 0.3518378 
440 223 306 453 0.24575073 
64 546 493 505 0.13680162 
68 194 365 565 0.095148504 
94 862 485 382 0.077914804 
-6 297 196 363 0.07376011 
449 1010 295 182 0.05845451 
229 976 479 453 0.054110613 
170 981 326 217 0.043804746 
594 227 232 386 0.03442366 
513 -5 240 266 0.030787695 
684 465 273 358 0.026943693 
204 931 359 182 0.024556302 
696 258 262 326 0.023469642 
445 -70 420 471 0.023187801 
133 610 270 268 0.02189844 
