49_Greeting_peoplegreeting_49_353
20
548 407 15 20 0.92415625 
294 424 14 18 0.91196275 
379 406 12 16 0.71937233 
364 400 13 17 0.08526665 
695 372 8 11 0.052203268 
249 434 14 19 0.047439847 
311 441 13 16 0.04460052 
238 357 161 195 0.034440905 
629 382 12 16 0.027289817 
22 154 11 14 0.025605766 
375 398 12 18 0.02533536 
327 78 29 32 0.024879545 
100 338 13 14 0.02384521 
385 404 14 18 0.023558639 
30 252 9 12 0.023460615 
605 366 9 11 0.021628104 
397 519 12 16 0.021135557 
583 357 11 14 0.020433921 
696 396 10 13 0.020139202 
711 381 9 11 0.020004166 
