2_Demonstration_Demonstration_Or_Protest_2_102
138
425 607 24 31 0.9970505 
760 577 14 19 0.96370625 
979 512 17 23 0.94213533 
671 543 21 27 0.89595085 
266 583 20 24 0.89575523 
399 607 21 29 0.55704606 
952 487 17 22 0.5408727 
799 528 14 17 0.49908626 
773 438 11 14 0.40216836 
727 609 24 32 0.31479436 
773 541 12 16 0.31336325 
458 587 20 21 0.28055206 
244 592 14 21 0.18460187 
233 581 20 27 0.18121764 
286 539 13 17 0.1547928 
562 608 28 37 0.15108298 
1004 501 13 17 0.14946966 
659 575 19 27 0.1445369 
636 584 15 24 0.123984635 
739 578 16 23 0.11776878 
619 652 22 29 0.110167526 
795 453 18 23 0.10976381 
836 578 23 29 0.0953069 
737 484 26 31 0.09103231 
313 580 11 14 0.08624615 
270 550 10 12 0.08156864 
220 513 14 17 0.08039638 
777 515 10 13 0.06679563 
792 524 12 15 0.06571631 
384 611 28 33 0.06490202 
654 317 10 14 0.064321674 
717 549 13 19 0.06348658 
757 533 12 16 0.06291987 
235 604 16 20 0.060459673 
230 515 12 14 0.058900293 
790 531 12 16 0.058149353 
530 649 29 29 0.057197507 
684 516 11 14 0.055098075 
442 581 21 27 0.05347603 
75 604 25 28 0.052959207 
629 568 14 19 0.052054297 
269 554 11 15 0.048677348 
361 517 9 11 0.047921784 
700 536 15 20 0.047906194 
667 367 12 15 0.04644462 
773 343 15 19 0.04502564 
973 500 15 17 0.044366755 
999 503 13 17 0.044059634 
902 517 12 17 0.04392678 
176 472 9 12 0.042644456 
438 577 15 21 0.04241268 
734 585 13 16 0.041261613 
312 635 9 12 0.041023932 
798 501 9 12 0.039492212 
712 588 9 12 0.03946702 
797 519 11 15 0.03923558 
776 540 21 28 0.039161872 
728 502 8 11 0.038997877 
677 671 16 16 0.038572084 
649 581 22 27 0.03844029 
782 545 23 34 0.038121104 
782 535 11 14 0.037520353 
319 638 10 12 0.037504632 
629 574 16 24 0.03703491 
362 538 13 16 0.036754288 
626 641 23 33 0.036380842 
702 553 12 17 0.0361849 
334 561 12 16 0.03539561 
964 491 12 16 0.035167214 
991 503 10 14 0.033893842 
839 374 11 14 0.032955684 
53 542 8 11 0.032678332 
842 527 9 12 0.03162675 
867 540 12 17 0.03084045 
1013 533 10 17 0.030162495 
972 492 13 16 0.030105557 
986 561 20 27 0.029915122 
748 555 12 15 0.02986166 
711 511 10 13 0.029528096 
793 519 10 13 0.029120225 
235 563 12 14 0.028963976 
17 496 10 12 0.02853358 
655 340 11 14 0.028332926 
422 510 10 12 0.028124131 
738 622 14 21 0.02780995 
0 636 7 13 0.027049914 
750 578 13 19 0.02684483 
433 592 24 32 0.02650968 
670 327 12 15 0.026350012 
986 509 14 20 0.026023908 
1011 500 11 18 0.025996469 
604 587 16 19 0.02570987 
600 663 23 19 0.025461199 
408 604 17 26 0.02514892 
710 553 11 16 0.024752581 
274 647 35 36 0.024551822 
182 448 10 12 0.02454715 
741 523 17 20 0.024474598 
654 332 12 16 0.024438817 
634 570 15 20 0.024414003 
464 580 17 21 0.024413673 
564 624 19 25 0.024361067 
332 521 15 18 0.024233637 
565 611 17 21 0.02412087 
779 511 12 14 0.024064166 
764 533 13 17 0.023447404 
380 610 19 22 0.023366535 
826 566 23 30 0.023349393 
844 563 27 38 0.023137644 
237 475 11 15 0.023062734 
599 651 14 19 0.023059497 
331 543 18 22 0.022773454 
847 405 12 14 0.022587031 
252 587 14 21 0.02256421 
264 549 9 12 0.022532567 
967 497 14 18 0.022458032 
439 362 25 29 0.02235255 
257 528 8 11 0.0222132 
781 558 16 21 0.021748757 
317 630 11 13 0.021634193 
725 581 13 17 0.021521604 
713 598 30 37 0.021287287 
973 507 19 21 0.02123216 
319 643 12 15 0.021073207 
973 488 10 12 0.021056937 
280 613 13 18 0.020912603 
645 439 8 10 0.020847691 
753 538 11 14 0.020785129 
836 451 10 13 0.02053147 
648 548 11 13 0.020512216 
316 574 13 17 0.020483524 
759 -1 70 74 0.020457732 
668 601 14 19 0.020331962 
722 545 16 23 0.020293124 
223 587 27 29 0.02013412 
751 530 13 17 0.020121101 
792 508 9 12 0.020048518 
641 589 18 23 0.020038411 
