2_Demonstration_Demonstration_Or_Protest_2_895
305
674 334 32 40 0.9987752 
487 351 52 66 0.99572563 
633 338 27 35 0.9917169 
277 305 21 31 0.9810791 
373 317 21 29 0.96681714 
68 282 16 21 0.93874264 
804 304 22 28 0.9384169 
139 272 14 18 0.9374034 
24 285 18 24 0.9294195 
199 273 12 16 0.75553197 
460 304 27 35 0.7359183 
610 281 13 16 0.69297683 
300 310 18 23 0.6829727 
207 369 26 40 0.6708303 
383 274 12 14 0.65589017 
993 324 20 25 0.61959153 
424 311 18 28 0.5863411 
342 278 12 15 0.4072015 
368 267 8 10 0.37513605 
868 324 13 15 0.35486978 
414 280 14 16 0.34499595 
966 306 15 18 0.3318531 
532 276 11 13 0.3042587 
49 298 21 26 0.2885374 
812 253 11 14 0.26685554 
213 397 59 78 0.22752726 
879 266 13 16 0.1995963 
256 267 10 12 0.17422298 
942 267 10 14 0.1706739 
190 260 9 13 0.1685197 
114 285 15 20 0.1668682 
452 303 14 20 0.15589106 
207 380 50 64 0.14826432 
613 260 11 14 0.14774528 
297 292 17 22 0.14585839 
739 407 44 74 0.1458335 
925 308 12 15 0.14561217 
587 262 11 15 0.14277583 
453 286 11 14 0.14264287 
288 304 20 29 0.13851409 
466 299 16 20 0.13595814 
193 255 9 12 0.11901071 
346 283 10 13 0.11781188 
522 293 13 16 0.11657588 
855 287 11 13 0.11554296 
470 259 11 13 0.113454476 
409 263 9 12 0.11030071 
205 301 16 17 0.104028985 
858 254 14 16 0.103307135 
777 417 42 63 0.10069671 
667 255 12 13 0.09985396 
526 254 10 12 0.09505948 
369 292 12 16 0.09214202 
45 290 20 25 0.089266196 
61 306 15 19 0.08670484 
215 285 12 13 0.084894374 
687 255 11 15 0.08393371 
521 241 8 10 0.08312712 
558 260 10 13 0.08156799 
59 267 13 16 0.080803476 
924 279 14 16 0.07960648 
332 292 11 12 0.07956121 
548 302 17 21 0.07905101 
826 295 22 25 0.078261524 
615 333 19 28 0.07371092 
533 300 13 17 0.07118858 
620 265 12 15 0.07081755 
684 301 23 30 0.070779845 
408 283 12 14 0.06941764 
913 262 9 11 0.06918503 
836 294 12 15 0.06898142 
575 355 13 17 0.065470815 
948 266 11 14 0.06492108 
431 252 8 11 0.06423393 
730 278 9 11 0.06409283 
0 283 10 17 0.06252674 
846 306 14 20 0.061997276 
974 267 11 14 0.061035927 
862 319 15 18 0.06050737 
302 275 10 12 0.057617325 
859 285 12 14 0.05749807 
719 252 10 12 0.055073116 
417 315 19 29 0.051630706 
572 268 12 14 0.050832015 
678 275 11 13 0.050725233 
336 317 17 20 0.049606193 
216 379 32 35 0.04939224 
53 271 14 20 0.04898553 
735 228 12 16 0.048514523 
870 283 9 13 0.047160693 
126 270 13 15 0.047110647 
824 252 12 15 0.047074772 
1014 295 9 14 0.04706344 
87 440 42 58 0.046715178 
305 333 15 20 0.04631138 
134 312 24 27 0.0462353 
827 340 31 35 0.04615344 
566 276 13 17 0.045334984 
338 277 11 13 0.04531085 
334 286 11 14 0.04510834 
550 248 8 10 0.045058016 
490 260 10 12 0.043915547 
122 287 15 19 0.043078296 
166 278 11 15 0.04211236 
132 307 18 20 0.042006828 
380 278 15 19 0.041732453 
186 261 9 12 0.041339133 
439 261 14 19 0.041274514 
44 284 16 21 0.040311206 
153 330 24 28 0.03944271 
528 293 23 31 0.03924673 
404 173 12 16 0.039128277 
687 299 16 19 0.038987163 
543 123 10 13 0.03897466 
965 254 22 27 0.0387987 
61 274 20 25 0.038194507 
54 414 79 95 0.038115535 
331 323 25 29 0.037270803 
695 308 22 31 0.037268206 
37 409 55 78 0.03605831 
748 262 8 11 0.035546668 
912 267 12 14 0.035481498 
708 283 10 14 0.03545487 
211 386 18 26 0.03497019 
488 139 16 21 0.034903686 
429 262 11 14 0.03487625 
327 288 10 12 0.0348304 
461 292 15 22 0.03463803 
540 297 20 27 0.0345108 
849 283 11 16 0.034502167 
111 279 10 14 0.034225795 
747 300 16 20 0.0338541 
531 292 14 17 0.033746816 
374 269 12 14 0.03356888 
238 253 8 11 0.03351593 
395 299 14 17 0.033420686 
534 253 8 11 0.0333283 
757 301 11 14 0.033189684 
528 273 11 12 0.03281502 
195 258 12 15 0.032765567 
611 256 9 12 0.032745242 
67 311 13 17 0.032713458 
249 263 8 11 0.03267527 
817 306 17 22 0.03230375 
440 335 24 28 0.031997405 
454 246 9 12 0.031638745 
127 263 10 13 0.03161314 
866 374 48 59 0.03097472 
247 268 12 14 0.03071919 
874 267 9 13 0.030673081 
454 308 17 24 0.03023606 
865 325 21 24 0.029970951 
450 291 12 16 0.029680587 
226 420 70 77 0.029648649 
367 286 11 14 0.02941439 
925 356 49 59 0.029267045 
267 288 17 21 0.029179662 
319 286 10 13 0.029065786 
980 268 11 14 0.029018398 
937 263 10 13 0.02878968 
426 263 9 12 0.028785119 
415 326 14 20 0.028596215 
918 306 19 25 0.028546242 
297 270 10 13 0.028482521 
431 313 17 22 0.02845114 
767 276 11 13 0.028202595 
579 259 20 25 0.028002672 
252 273 14 16 0.027838772 
692 293 14 20 0.027696975 
416 456 72 76 0.027618311 
193 267 10 14 0.027398096 
510 263 8 11 0.027232237 
331 297 13 17 0.027131675 
884 273 13 17 0.027110709 
515 137 33 34 0.02687587 
591 357 27 30 0.026852872 
193 275 12 15 0.02678744 
920 288 13 16 0.026750317 
523 125 13 16 0.026738727 
712 253 9 12 0.026725583 
119 261 10 12 0.026668206 
182 278 9 12 0.026608197 
821 364 32 42 0.026603486 
245 275 13 17 0.026462507 
669 297 12 16 0.026417436 
446 189 10 13 0.026409332 
154 262 13 14 0.026274798 
440 307 22 28 0.026062766 
469 263 13 17 0.026017211 
479 276 12 14 0.025926212 
414 287 15 18 0.025911877 
538 276 12 14 0.025767144 
564 285 17 21 0.025594398 
227 311 13 15 0.025499465 
536 248 8 10 0.025478773 
269 291 23 27 0.025476383 
680 252 22 28 0.025374703 
404 408 50 77 0.025374336 
392 292 13 17 0.025197072 
871 263 9 13 0.025182566 
299 284 14 18 0.025172092 
366 274 11 15 0.025114516 
674 281 16 18 0.025097266 
868 375 103 121 0.025068542 
341 274 10 11 0.024996929 
670 270 13 15 0.024969058 
540 269 11 15 0.024858506 
206 283 13 14 0.02480099 
302 253 11 12 0.02474846 
803 338 23 31 0.024716368 
851 301 13 17 0.024693435 
147 295 15 19 0.024670754 
822 270 9 11 0.024649622 
665 259 26 30 0.024581393 
204 330 17 21 0.024537865 
307 384 42 64 0.024490999 
848 270 11 14 0.024386171 
365 325 17 23 0.024310185 
525 245 9 12 0.024253681 
433 325 24 30 0.024234619 
837 303 16 21 0.024201324 
413 253 10 12 0.024173707 
438 300 12 15 0.02393278 
159 277 12 17 0.023869768 
412 267 10 12 0.023811243 
248 256 8 9 0.023776786 
660 253 24 27 0.023767736 
323 307 16 19 0.023745744 
891 269 9 12 0.023742124 
193 356 95 112 0.023525672 
968 347 45 72 0.023482371 
797 261 9 12 0.023443816 
486 296 31 38 0.023305364 
173 278 10 13 0.023260856 
211 289 14 18 0.023258178 
282 290 25 32 0.023192205 
887 280 11 15 0.023054518 
852 267 13 16 0.022943322 
142 321 28 33 0.02291527 
776 247 11 13 0.022899862 
629 264 13 17 0.02289595 
305 316 16 22 0.02286882 
633 239 24 35 0.022758648 
317 311 15 21 0.02274658 
847 276 12 16 0.022656446 
46 273 14 20 0.022594266 
832 355 27 36 0.022566125 
204 307 24 29 0.022507716 
809 249 20 24 0.022265851 
263 287 13 16 0.022197783 
685 267 12 14 0.022176547 
818 247 21 26 0.022078201 
677 252 12 15 0.022052081 
338 331 27 33 0.021918463 
203 384 33 41 0.021896532 
295 263 8 11 0.021891536 
592 238 10 13 0.021885535 
956 264 11 16 0.021847494 
851 277 15 19 0.02179106 
274 286 14 17 0.021672852 
903 313 13 17 0.021552516 
785 448 29 37 0.02154047 
150 339 27 39 0.021493334 
687 247 11 14 0.0214624 
980 261 12 15 0.021454211 
602 337 27 33 0.021422837 
477 268 11 13 0.021314226 
476 255 11 14 0.02129533 
378 289 14 19 0.021267768 
241 270 9 13 0.021247223 
134 293 24 27 0.021180894 
562 277 10 14 0.021134365 
743 360 45 54 0.0211029 
403 316 24 30 0.021081077 
557 265 12 16 0.021069836 
792 254 9 12 0.02105556 
708 398 60 84 0.02104271 
629 344 19 24 0.02083956 
703 260 10 13 0.020809999 
440 226 12 15 0.020772379 
124 295 17 22 0.020752922 
470 286 14 18 0.020749707 
881 299 10 12 0.020733602 
974 291 14 17 0.020640451 
342 287 12 17 0.02058995 
860 265 13 15 0.020550303 
465 276 10 13 0.020537065 
223 377 19 23 0.020530758 
912 274 11 15 0.020503998 
616 257 21 25 0.020478133 
904 308 22 27 0.020477295 
363 268 10 12 0.020460552 
705 279 10 13 0.020447027 
127 339 48 53 0.020429011 
87 266 13 16 0.020418765 
127 266 21 24 0.020404635 
426 247 10 12 0.020385236 
628 256 23 29 0.02037766 
528 274 19 23 0.020373985 
940 297 15 17 0.020361712 
149 268 12 15 0.020316562 
67 268 14 17 0.020194167 
241 262 9 11 0.02014706 
449 289 19 25 0.020068586 
856 322 12 18 0.020036 
