2_Demonstration_Political_Rally_2_695
269
766 550 58 84 0.9986308 
440 344 29 36 0.9965699 
17 268 27 31 0.9924252 
44 239 28 31 0.9850671 
806 225 23 30 0.9824556 
584 366 31 42 0.9812252 
1 383 34 38 0.9793539 
424 468 36 44 0.9772255 
325 471 41 48 0.9760477 
499 375 30 38 0.9677656 
405 373 35 44 0.96434814 
6 428 44 54 0.90324104 
190 223 23 27 0.90094995 
316 531 41 52 0.8990065 
170 213 18 25 0.8947106 
683 183 20 23 0.8774651 
407 296 27 34 0.8441786 
301 425 35 39 0.6969076 
882 477 29 37 0.6642467 
194 458 42 49 0.6590224 
271 251 15 19 0.61178845 
66 224 19 22 0.60985124 
213 317 26 29 0.60015273 
103 233 19 23 0.44784433 
393 524 37 38 0.42867008 
661 205 14 22 0.41702047 
23 123 13 17 0.41188264 
356 420 37 45 0.40939525 
820 485 13 19 0.4004159 
17 225 19 24 0.37706468 
60 56 18 20 0.36776945 
700 125 12 17 0.35641518 
138 394 38 41 0.3445458 
59 131 17 21 0.34420085 
0 16 17 23 0.32674733 
233 347 27 41 0.30508456 
528 444 32 36 0.26801044 
55 231 23 29 0.26414317 
146 277 14 19 0.24998766 
964 645 49 41 0.24636637 
242 453 29 39 0.21638663 
141 126 15 18 0.19970793 
162 256 23 26 0.1810287 
755 516 22 34 0.17914529 
743 510 26 39 0.17153975 
214 240 12 16 0.16578668 
109 273 26 43 0.16136862 
809 176 16 20 0.1434668 
685 138 11 14 0.13977987 
107 351 38 49 0.13679363 
68 466 28 38 0.13523765 
704 198 14 19 0.13088988 
347 312 32 39 0.1213617 
905 533 31 35 0.11271984 
171 436 28 42 0.10620464 
797 196 16 21 0.10145703 
881 359 22 29 0.10015034 
312 412 45 58 0.09908259 
217 133 12 14 0.098236226 
225 344 44 65 0.09306662 
285 409 31 42 0.0893876 
572 322 13 16 0.08730902 
320 325 27 33 0.08720737 
712 488 17 21 0.083053835 
729 462 23 28 0.079526305 
277 279 17 26 0.07886261 
527 452 44 53 0.07631213 
194 145 13 16 0.07543477 
354 417 15 19 0.07459412 
812 295 22 30 0.0722386 
500 470 28 31 0.07133484 
211 268 16 20 0.06907794 
331 312 35 42 0.06861468 
180 449 34 41 0.06644141 
817 490 18 24 0.065814205 
830 228 20 29 0.06521177 
167 271 22 28 0.06353333 
0 484 23 50 0.06286188 
638 529 16 19 0.061509673 
354 329 16 19 0.06124055 
0 392 43 55 0.06090357 
769 249 15 19 0.06022159 
798 454 12 16 0.060090613 
181 273 15 21 0.058953796 
768 174 10 14 0.05666604 
349 411 26 34 0.05653814 
123 499 48 59 0.055365544 
546 323 16 19 0.05424321 
854 418 12 15 0.052739292 
157 259 17 19 0.052704666 
627 157 14 17 0.052409936 
250 463 18 23 0.051960636 
704 283 23 30 0.051521968 
281 401 29 33 0.049762487 
469 305 15 17 0.049272995 
700 116 14 19 0.0486259 
0 203 10 18 0.048515677 
566 324 23 31 0.047710042 
86 356 12 16 0.047694936 
192 374 18 20 0.047060855 
426 346 37 49 0.046915606 
859 412 12 15 0.046729226 
646 129 11 15 0.04662458 
475 301 11 16 0.0456519 
498 495 40 45 0.04503663 
211 480 19 23 0.045010142 
487 616 25 38 0.04498098 
55 218 24 28 0.04407207 
288 403 18 18 0.043297075 
965 93 11 14 0.042332664 
683 151 14 17 0.04163465 
653 123 12 16 0.041432757 
269 278 17 26 0.040968735 
143 403 44 53 0.040691834 
632 127 7 10 0.040051684 
133 408 16 22 0.039991725 
852 426 14 19 0.039916925 
84 134 14 16 0.039034218 
105 216 25 33 0.038335208 
670 124 10 14 0.037599478 
749 517 15 24 0.0373385 
74 262 19 23 0.036557898 
91 221 12 17 0.036416233 
151 271 22 28 0.036179453 
96 60 11 14 0.036160212 
240 345 19 23 0.03519317 
613 505 48 61 0.034952324 
259 273 14 22 0.03411593 
108 380 15 19 0.033889532 
113 274 39 59 0.033449244 
253 386 15 20 0.033363916 
339 402 29 36 0.033214968 
409 292 19 23 0.03260294 
202 232 16 20 0.032345567 
681 116 8 11 0.03234423 
212 458 39 42 0.03201718 
305 325 26 30 0.03171766 
129 283 40 57 0.03165387 
270 151 11 13 0.031625498 
158 426 29 43 0.031277534 
610 580 40 52 0.031247837 
94 354 31 37 0.031229757 
497 631 18 23 0.031007929 
110 258 23 33 0.030981125 
247 190 29 32 0.030929614 
628 622 56 55 0.030423118 
216 348 36 47 0.03034211 
346 390 27 33 0.030220848 
708 474 27 32 0.030103046 
274 284 24 35 0.029991142 
441 51 9 12 0.02984025 
504 455 41 55 0.029686013 
77 366 27 33 0.02954335 
321 429 18 24 0.029327981 
475 601 31 55 0.029215466 
251 267 15 20 0.029211905 
758 179 11 15 0.029139968 
676 212 13 16 0.028954355 
814 266 15 19 0.028883785 
112 261 13 18 0.028587064 
265 373 39 52 0.028554965 
717 165 10 14 0.02847268 
671 265 26 38 0.028336482 
697 109 10 12 0.028258596 
135 114 11 13 0.028007142 
244 260 15 20 0.027541623 
126 197 25 32 0.027516482 
61 359 43 55 0.02739018 
740 512 19 25 0.027009288 
121 363 18 23 0.02685179 
332 339 17 22 0.026650127 
628 199 12 16 0.026598962 
108 280 17 27 0.026435023 
159 207 24 30 0.026322924 
309 447 43 52 0.026292233 
81 354 24 32 0.026248692 
426 300 15 21 0.026056258 
353 400 16 19 0.025690231 
302 331 15 19 0.025680045 
546 621 63 56 0.025657305 
79 131 14 18 0.025640264 
254 195 15 17 0.025632862 
687 276 22 32 0.025612064 
165 287 17 21 0.025418246 
115 275 15 22 0.025197681 
639 172 12 14 0.025168218 
61 215 11 13 0.025043959 
240 200 10 13 0.024977561 
859 261 13 16 0.024699308 
685 117 9 12 0.024567444 
181 212 25 31 0.024539484 
195 466 17 21 0.02449931 
3 387 20 23 0.024425577 
666 176 38 50 0.02423552 
158 304 14 20 0.024229236 
801 179 21 26 0.024213852 
759 100 13 17 0.02414131 
265 253 13 16 0.024066655 
687 126 12 15 0.023999458 
735 315 34 40 0.023977922 
246 370 27 39 0.023795502 
1007 103 11 15 0.023703447 
818 290 17 23 0.023565479 
793 189 11 13 0.02356528 
215 270 23 26 0.023559975 
295 257 23 30 0.023556367 
783 520 29 35 0.02345553 
164 302 14 19 0.023305833 
850 170 26 30 0.023163708 
371 425 19 25 0.023152322 
155 394 32 33 0.02311161 
867 352 15 20 0.023027008 
22 201 14 17 0.023023564 
87 96 10 11 0.023004735 
85 223 14 19 0.022979168 
205 258 13 17 0.022901379 
63 643 14 21 0.022891168 
47 127 24 30 0.022890473 
873 364 24 31 0.022855857 
97 496 22 31 0.02284838 
146 401 20 24 0.022839736 
669 180 13 16 0.022643179 
79 102 10 13 0.022634286 
104 127 10 12 0.022601321 
634 154 15 19 0.022599058 
324 260 14 19 0.022490874 
227 324 25 31 0.02243959 
88 243 10 15 0.022423053 
86 210 15 18 0.022353383 
665 205 23 27 0.022167448 
109 127 9 13 0.022140034 
320 257 24 30 0.021970252 
207 241 13 17 0.02187265 
591 164 10 13 0.021870283 
119 248 22 29 0.021859942 
78 133 23 29 0.02182132 
144 548 35 36 0.021741461 
250 135 9 11 0.02168649 
858 352 15 20 0.021682357 
282 250 14 18 0.021456724 
147 269 15 19 0.021331886 
236 329 25 29 0.021298943 
857 282 35 48 0.021236071 
766 202 14 17 0.02119571 
90 278 28 33 0.021171069 
706 123 13 19 0.02104161 
725 562 43 64 0.021029372 
120 123 11 14 0.021026706 
596 82 12 15 0.020975146 
692 265 38 50 0.020715792 
695 490 31 43 0.020706616 
708 117 12 16 0.020650491 
2 484 16 21 0.020646047 
715 281 25 32 0.02064599 
31 254 25 32 0.02062597 
876 378 16 20 0.020617107 
812 273 24 30 0.020533971 
218 237 13 17 0.02053168 
638 523 25 31 0.020494096 
613 127 9 11 0.02037351 
752 523 50 67 0.0203641 
814 6 54 56 0.020316038 
704 110 23 29 0.020274557 
445 300 14 17 0.020270944 
436 306 14 19 0.020187125 
684 276 15 24 0.020153759 
199 120 11 14 0.020130461 
852 412 20 27 0.02004049 
772 177 11 14 0.0200126 
