2_Demonstration_Demonstration_Or_Protest_2_402
103
477 125 44 51 0.9938139 
670 136 61 70 0.9885338 
183 149 60 68 0.9721377 
797 124 59 67 0.9677261 
314 152 60 68 0.9649164 
387 110 57 65 0.93793434 
609 110 54 60 0.93088335 
440 60 14 18 0.28324693 
153 -2 38 36 0.24216945 
772 4 21 27 0.1735876 
485 70 14 17 0.16581671 
176 40 15 19 0.12893903 
845 31 11 13 0.091168605 
502 102 24 29 0.0883235 
175 91 17 23 0.08816859 
160 149 55 74 0.08214182 
753 151 41 52 0.069460034 
151 94 47 65 0.06430579 
829 53 45 57 0.058881342 
648 66 13 16 0.05787842 
977 15 10 12 0.05482091 
166 72 11 14 0.05253862 
968 76 12 16 0.052256756 
152 205 16 21 0.052213166 
457 408 27 32 0.05068712 
914 9 19 23 0.046608556 
748 366 11 14 0.043727357 
639 153 48 61 0.04340914 
382 425 12 15 0.043244045 
480 44 9 12 0.041908693 
159 94 28 40 0.04134737 
415 428 13 17 0.041010674 
1012 22 11 18 0.040556498 
982 204 10 13 0.038589202 
391 228 12 15 0.038274046 
736 308 9 12 0.038058095 
409 205 9 11 0.036764916 
92 222 11 13 0.036711127 
977 101 14 19 0.034600798 
164 20 14 15 0.033921488 
456 382 12 14 0.033684127 
629 107 63 89 0.033272803 
323 428 13 18 0.031512875 
844 60 27 34 0.030552853 
862 172 11 16 0.02999963 
679 87 14 20 0.029910482 
972 70 12 16 0.029291814 
140 107 51 82 0.029154185 
726 46 9 12 0.028884575 
838 232 9 12 0.02866512 
442 272 23 30 0.028562946 
863 247 10 13 0.027939338 
651 63 10 12 0.027901921 
109 52 82 128 0.027073322 
970 178 14 17 0.02687119 
455 337 8 11 0.025717942 
834 20 11 14 0.025707776 
772 327 13 14 0.025600862 
686 225 13 18 0.024975553 
143 263 8 10 0.024897363 
1013 355 9 12 0.024478197 
483 74 23 30 0.024203144 
587 122 27 42 0.023643484 
497 111 31 38 0.023605777 
789 367 13 17 0.023514604 
637 62 9 12 0.023296824 
790 217 13 17 0.023294657 
479 53 10 13 0.02327815 
127 142 53 84 0.023258798 
992 -3 30 48 0.023031896 
781 399 8 10 0.02294376 
317 36 9 11 0.022903854 
156 56 13 17 0.022837091 
281 61 11 14 0.022717513 
176 57 13 17 0.022535348 
983 39 9 11 0.022315694 
496 44 8 12 0.022273628 
284 190 11 15 0.022258585 
704 8 10 12 0.022180721 
854 59 16 20 0.021920707 
636 503 15 18 0.021567833 
151 327 9 11 0.021409376 
197 435 11 14 0.021363728 
601 480 10 14 0.021245202 
316 71 10 12 0.021145929 
408 22 22 31 0.021127617 
568 56 8 10 0.0210907 
977 54 10 13 0.021070603 
817 222 10 11 0.020992436 
480 74 13 17 0.020855334 
992 222 10 12 0.020824764 
701 30 9 12 0.020591026 
645 404 10 13 0.020518444 
760 308 13 16 0.020435778 
148 185 26 38 0.020408887 
514 107 17 22 0.02039248 
712 234 13 16 0.02021194 
283 391 38 43 0.020179024 
556 363 10 13 0.02016516 
693 29 12 16 0.02011713 
137 332 8 10 0.020092132 
240 203 14 18 0.0200852 
726 28 8 11 0.020077191 
