2_Demonstration_Protesters_2_493
403
557 132 32 42 0.9978258 
771 129 33 43 0.9973774 
718 131 37 46 0.99528474 
650 174 45 55 0.9949822 
278 115 27 32 0.99412847 
92 111 25 32 0.9930375 
386 149 37 45 0.992219 
923 159 35 46 0.99043685 
456 130 40 49 0.9899206 
849 141 29 39 0.98723465 
710 110 26 29 0.9861385 
343 115 30 39 0.9853754 
256 98 22 27 0.9777194 
375 97 25 31 0.977182 
522 116 25 31 0.9746063 
303 159 36 45 0.97273344 
879 212 40 50 0.9641729 
313 84 23 29 0.962805 
19 100 22 28 0.95818347 
605 84 21 28 0.9415426 
387 72 19 23 0.93194765 
32 68 20 26 0.93170017 
161 82 20 23 0.9289721 
67 62 20 25 0.9203629 
268 72 21 28 0.9178112 
201 81 21 26 0.91506034 
-3 411 86 176 0.9145067 
218 65 17 20 0.91322976 
869 91 22 30 0.91002846 
290 68 21 27 0.8830633 
637 104 24 30 0.8778434 
80 90 20 23 0.874661 
339 90 22 26 0.8633619 
480 58 22 26 0.8624604 
963 70 19 23 0.8413797 
735 92 22 25 0.83450013 
212 117 19 24 0.78873867 
832 74 25 29 0.7715126 
542 76 21 25 0.7631322 
935 128 36 44 0.7624595 
917 75 23 29 0.7608733 
410 112 23 30 0.75309896 
524 89 17 20 0.74840605 
648 88 25 33 0.7465673 
433 70 18 23 0.72134554 
817 120 25 31 0.6995855 
131 67 10 14 0.61785734 
307 49 12 16 0.6044142 
229 85 17 22 0.5653086 
745 48 13 17 0.56476074 
132 84 19 27 0.54184467 
580 130 23 33 0.5352199 
666 48 15 18 0.5184509 
720 80 16 21 0.51807934 
832 182 29 39 0.5117378 
188 58 13 18 0.49250728 
0 87 15 30 0.47294092 
194 118 17 23 0.44159132 
134 104 22 28 0.43275058 
983 147 39 65 0.41411597 
177 107 18 23 0.41398486 
702 5 12 16 0.4034204 
1001 88 20 30 0.38093203 
583 56 21 27 0.35425907 
754 196 26 31 0.34786966 
638 50 19 24 0.32995424 
925 48 16 19 0.31364214 
821 74 26 32 0.29872808 
17 60 14 17 0.29871923 
459 57 13 16 0.29211858 
523 66 14 17 0.27696785 
494 96 22 28 0.26507175 
547 112 27 35 0.2536324 
97 57 11 15 0.24722409 
949 57 14 17 0.23698889 
802 21 11 15 0.23486121 
160 47 10 12 0.22597918 
703 50 14 18 0.2139775 
549 37 11 13 0.21012391 
926 68 25 32 0.20871858 
419 140 26 35 0.2056604 
551 15 10 12 0.20310698 
451 92 25 30 0.18942748 
863 199 45 58 0.18785277 
662 63 18 22 0.18430638 
3 159 42 77 0.17881428 
520 39 9 12 0.1728316 
843 187 41 57 0.16827257 
569 52 13 17 0.16597141 
211 70 21 25 0.16325092 
806 47 14 17 0.15964608 
508 76 13 16 0.14793862 
622 72 14 17 0.147358 
788 60 13 16 0.14061442 
782 84 21 33 0.13570124 
335 44 9 11 0.13239634 
248 63 10 13 0.1250774 
321 60 13 16 0.12072506 
582 97 16 21 0.11974581 
528 81 20 27 0.1187447 
341 100 25 30 0.11866857 
479 240 40 56 0.11578666 
762 45 14 17 0.11507402 
55 80 13 18 0.11433685 
844 47 17 21 0.11020435 
604 1 11 11 0.10969642 
655 20 10 12 0.10820929 
254 47 10 13 0.106616355 
469 115 27 34 0.10504404 
0 44 11 18 0.10292211 
176 310 58 86 0.102793954 
752 27 12 15 0.100168005 
973 95 13 19 0.094843976 
726 82 20 26 0.09239146 
457 83 16 17 0.092360616 
381 32 9 12 0.09158071 
221 200 33 41 0.09017817 
246 83 15 20 0.0898824 
78 45 12 14 0.0896372 
620 21 9 11 0.08724826 
213 185 33 40 0.08681266 
258 440 92 113 0.084904455 
937 68 18 23 0.080746405 
567 81 11 15 0.07759267 
935 148 34 46 0.07713786 
304 109 12 16 0.07605725 
692 82 22 27 0.07538609 
542 2 8 10 0.07536937 
784 78 12 15 0.07269017 
283 196 26 39 0.071729474 
421 37 10 13 0.07143378 
425 52 12 15 0.07093161 
372 54 9 12 0.06947913 
186 456 37 35 0.06847756 
816 30 11 14 0.0681067 
574 21 8 10 0.066629566 
469 37 10 12 0.06588891 
756 6 9 13 0.06579887 
505 104 14 20 0.06520952 
354 22 8 11 0.06506075 
693 37 9 13 0.06395256 
350 45 9 12 0.06374094 
237 46 10 13 0.062099595 
978 89 18 27 0.061927076 
364 39 9 12 0.061705206 
204 120 20 26 0.060891524 
464 0 8 8 0.059334476 
708 78 20 28 0.059175465 
731 0 8 10 0.057949133 
210 32 8 11 0.057691287 
505 53 10 15 0.057266213 
223 54 11 14 0.05686444 
295 112 20 26 0.05661286 
490 91 18 23 0.05448033 
629 2 10 11 0.054226294 
317 32 9 11 0.05324486 
451 343 104 117 0.052327506 
687 28 11 15 0.052245025 
110 46 8 10 0.051235806 
785 81 16 21 0.050566547 
289 291 49 79 0.049935605 
611 55 15 20 0.049791202 
95 330 39 63 0.04791321 
775 98 12 17 0.04782135 
151 62 11 13 0.047477797 
238 83 18 25 0.047395207 
520 65 10 13 0.04665195 
885 52 23 30 0.04662159 
566 31 9 11 0.044906788 
728 56 10 12 0.044786844 
123 38 8 10 0.044727534 
61 69 19 25 0.044554148 
915 130 31 39 0.04452589 
606 21 8 11 0.04437499 
324 289 47 72 0.043747716 
946 64 16 22 0.043588933 
424 148 31 44 0.04261234 
109 69 12 15 0.042174634 
319 53 10 14 0.0416793 
382 87 23 29 0.04136054 
989 89 17 22 0.041357998 
409 128 30 41 0.041182946 
211 36 10 12 0.041022778 
530 68 12 15 0.04069094 
945 131 19 23 0.040669207 
498 7 9 12 0.040462054 
781 7 10 13 0.040264025 
614 63 16 19 0.040094074 
121 368 101 95 0.039667018 
708 48 11 14 0.038715336 
594 59 14 19 0.038682774 
233 39 7 10 0.03825871 
141 52 9 13 0.03740247 
202 160 37 52 0.0373258 
183 55 11 14 0.037047826 
708 8 13 15 0.037000228 
18 22 7 10 0.036709577 
265 269 38 54 0.036697865 
155 431 59 55 0.03657682 
229 53 10 13 0.03623077 
779 94 16 21 0.03570839 
735 271 53 64 0.03561399 
708 1 13 15 0.035547767 
713 6 13 14 0.03532641 
836 7 11 14 0.034746747 
143 37 8 10 0.03462525 
648 53 19 25 0.03451454 
369 58 12 16 0.03450944 
264 85 22 27 0.034381486 
36 52 11 13 0.034003854 
232 432 66 95 0.03383688 
453 99 31 38 0.03378012 
264 60 12 15 0.03366803 
696 75 16 18 0.033580143 
151 30 8 10 0.033505816 
389 98 22 31 0.032986913 
908 68 16 20 0.032914944 
79 40 10 12 0.032562718 
535 39 8 11 0.032465033 
545 123 31 43 0.032419857 
159 458 40 37 0.032166302 
175 55 9 12 0.032133285 
667 90 13 18 0.03191232 
909 80 19 23 0.031696443 
286 52 12 14 0.03143873 
96 31 8 12 0.031438388 
189 84 12 18 0.031056944 
235 94 13 18 0.030964995 
732 55 10 12 0.030893637 
942 59 14 18 0.030723875 
253 500 79 63 0.030683642 
488 262 18 25 0.030664572 
593 90 21 28 0.030564265 
752 74 14 18 0.030388817 
764 74 15 19 0.030249983 
676 52 10 14 0.030197868 
297 30 9 11 0.030130845 
112 62 10 13 0.030106211 
150 335 81 99 0.030102998 
546 54 9 12 0.030026268 
366 44 11 12 0.029715572 
609 40 9 11 0.029591905 
930 53 16 21 0.029236916 
493 245 53 59 0.029167658 
919 58 14 17 0.029134788 
464 55 19 24 0.028908867 
308 182 20 22 0.028832788 
749 197 18 25 0.028713647 
590 132 19 26 0.028677022 
755 71 19 25 0.028614238 
834 77 38 49 0.028606506 
279 40 9 11 0.028547147 
518 86 15 18 0.028519187 
536 527 52 48 0.028491244 
262 278 55 87 0.028272137 
719 59 11 13 0.02826386 
3 134 25 33 0.028179672 
154 7 7 8 0.028170865 
821 46 13 17 0.028145878 
806 57 14 18 0.0281015 
350 39 9 12 0.028088264 
208 154 25 36 0.02804287 
818 34 12 14 0.027981985 
502 57 12 16 0.027954943 
668 165 32 43 0.027925534 
655 4 10 13 0.02715623 
706 90 16 20 0.027132574 
517 72 12 16 0.027096843 
805 68 11 14 0.027037086 
405 100 22 30 0.026996065 
501 11 9 12 0.02684519 
258 12 9 12 0.026816536 
554 81 14 17 0.026792236 
4 7 10 14 0.026742605 
21 43 10 13 0.026337288 
87 37 9 12 0.02627554 
300 71 20 27 0.026256692 
175 38 8 11 0.026212472 
251 78 12 16 0.026186127 
807 74 20 32 0.026185611 
995 85 18 25 0.02617585 
157 313 52 76 0.026116658 
468 55 11 15 0.025940798 
807 48 22 26 0.02593122 
251 66 12 14 0.025889894 
707 55 15 17 0.025785984 
220 194 18 22 0.025734471 
119 52 10 12 0.025632199 
769 72 22 28 0.02557364 
649 19 11 14 0.025309388 
719 46 8 10 0.025244808 
517 94 15 20 0.02522228 
885 64 15 20 0.025221743 
480 44 10 13 0.025186064 
813 101 36 47 0.025159294 
894 58 24 29 0.024994377 
286 45 10 13 0.024994174 
587 70 15 19 0.024937795 
898 6 9 11 0.024781588 
429 167 33 42 0.024781557 
848 20 9 12 0.024747089 
162 23 8 10 0.02472178 
400 54 9 12 0.024635749 
503 22 8 11 0.024491217 
390 53 10 13 0.024446927 
468 78 12 15 0.024407892 
528 120 32 40 0.024275083 
752 129 23 35 0.02426109 
902 554 18 19 0.024205543 
570 15 9 11 0.024164082 
370 22 7 10 0.0240704 
710 29 10 12 0.024061963 
693 43 10 13 0.02399785 
694 108 12 17 0.023899155 
226 29 7 10 0.023840893 
503 79 18 24 0.023833526 
352 51 9 12 0.023741141 
297 36 9 12 0.02373745 
328 46 9 11 0.023604231 
580 379 23 41 0.023497058 
872 11 11 15 0.023482671 
717 69 12 14 0.023439365 
551 7 11 14 0.023259424 
35 445 53 112 0.023221744 
109 40 9 12 0.023214044 
608 44 11 13 0.023147976 
556 19 9 12 0.0231365 
478 13 9 13 0.023135765 
837 30 10 13 0.023108372 
816 72 39 53 0.02310763 
558 6 9 11 0.023083188 
6 89 19 29 0.023061063 
753 10 9 12 0.022875415 
766 201 17 21 0.022741621 
792 38 9 13 0.02270327 
906 126 26 39 0.022555975 
9 61 12 16 0.02246786 
800 5 11 12 0.02246297 
407 83 13 17 0.022457615 
182 167 41 54 0.022401284 
704 95 23 26 0.02240111 
484 442 110 118 0.022220938 
225 187 38 41 0.022204276 
524 45 10 11 0.022159511 
814 113 18 23 0.022028988 
350 295 46 65 0.021990232 
183 84 12 17 0.02197034 
479 8 8 11 0.021906568 
679 28 11 14 0.021875348 
422 44 12 14 0.021865364 
636 116 19 23 0.021834848 
701 94 16 22 0.021742199 
791 80 21 30 0.021634044 
331 82 19 28 0.021560576 
665 3 14 16 0.021507878 
582 53 15 19 0.02149105 
280 75 18 26 0.02142762 
939 79 16 21 0.021390593 
333 60 10 15 0.021387743 
280 183 26 37 0.021348335 
567 7 9 10 0.021341646 
250 47 9 12 0.021310072 
982 140 31 41 0.021253433 
686 82 15 21 0.021244558 
438 47 9 11 0.021226475 
509 58 10 14 0.021205733 
342 63 10 13 0.021172041 
446 75 22 25 0.021135055 
428 57 13 16 0.021119494 
687 109 23 30 0.021083396 
629 97 24 29 0.020958893 
164 50 11 13 0.020954056 
639 11 9 12 0.020874176 
273 22 7 9 0.02086635 
673 23 9 12 0.020864442 
1002 96 23 41 0.020862663 
187 6 7 9 0.020815587 
613 3 12 12 0.02079184 
845 213 30 38 0.020738626 
605 61 15 20 0.020727497 
274 44 8 12 0.02070416 
142 46 10 14 0.020670446 
343 45 9 12 0.02065464 
567 48 12 15 0.020650933 
810 66 24 30 0.02064538 
429 224 49 73 0.020575542 
900 56 15 20 0.0205722 
638 4 11 14 0.020571573 
430 49 10 12 0.02051681 
363 81 16 20 0.02044808 
647 112 18 21 0.020381583 
528 54 10 12 0.020331698 
527 143 25 30 0.020322891 
929 80 16 23 0.020321332 
238 212 26 39 0.020316085 
61 42 10 13 0.020295963 
200 22 7 10 0.02027096 
242 31 8 10 0.020224132 
906 60 15 18 0.020158459 
473 107 20 22 0.020118326 
119 46 10 13 0.020097418 
116 67 12 16 0.020057116 
145 31 9 11 0.020023992 
