2_Demonstration_Demonstrators_2_329
80
250 95 63 80 0.99904865 
860 167 39 46 0.9958697 
204 48 48 61 0.99578935 
375 99 25 30 0.99289834 
709 164 25 36 0.99220496 
933 182 31 37 0.9879581 
113 32 39 49 0.98473454 
136 88 47 55 0.98132426 
960 192 22 31 0.9317017 
732 168 20 26 0.9192533 
792 190 23 28 0.9104685 
28 0 47 56 0.8918871 
665 148 26 37 0.8619605 
980 220 25 31 0.7317586 
606 177 10 14 0.6463881 
620 156 9 13 0.38417163 
905 167 24 35 0.33817038 
791 198 40 53 0.23781817 
63 46 32 40 0.1666582 
59 503 14 18 0.11532009 
815 202 14 17 0.0984175 
783 213 11 16 0.09628338 
410 111 51 69 0.088607885 
525 110 53 88 0.06212016 
908 165 16 21 0.061927132 
633 224 46 58 0.055447802 
804 206 25 31 0.053640872 
601 172 13 17 0.051369134 
506 123 53 85 0.049949408 
654 415 29 42 0.04689689 
679 219 40 56 0.04136524 
644 160 15 21 0.040167656 
635 155 13 17 0.03939648 
685 180 30 31 0.038426936 
803 193 22 26 0.03674754 
778 211 21 29 0.035552647 
630 155 12 14 0.034581427 
633 153 23 30 0.03442015 
584 142 11 14 0.033247154 
598 164 11 14 0.032380734 
772 113 51 62 0.03163359 
921 176 27 37 0.031504523 
600 147 11 15 0.031283163 
968 189 16 20 0.031217653 
663 152 17 26 0.03112297 
607 155 11 15 0.0310456 
597 157 11 15 0.029559316 
655 220 44 58 0.029524496 
625 149 23 28 0.029216558 
605 149 11 14 0.028611943 
647 154 22 29 0.02828085 
316 87 22 29 0.027780512 
696 209 45 56 0.02769862 
667 164 16 22 0.0274045 
640 170 13 16 0.026277052 
736 208 22 32 0.024904303 
711 150 46 51 0.02465938 
752 207 37 47 0.024651857 
125 36 17 20 0.024550352 
476 130 89 116 0.024402127 
616 150 19 25 0.02367433 
604 166 13 18 0.023640642 
388 104 39 56 0.02332547 
758 158 29 36 0.022877917 
591 140 25 30 0.022258414 
47 3 50 58 0.022010557 
555 600 50 55 0.021715028 
624 181 11 13 0.021653822 
587 148 13 16 0.021462858 
427 105 62 77 0.021459375 
589 156 12 15 0.021404466 
609 172 13 17 0.021159427 
579 568 122 108 0.020851998 
912 148 11 14 0.02084884 
590 162 12 15 0.020801585 
565 496 23 33 0.020792454 
744 208 29 36 0.02078616 
398 122 43 72 0.020513596 
672 156 28 36 0.020474568 
782 177 12 16 0.020191364 
