2_Demonstration_Political_Rally_2_816
44
508 31 93 127 0.99880886 
797 554 61 74 0.9976833 
230 430 69 82 0.9937668 
698 490 60 73 0.98837364 
96 455 80 127 0.8863047 
933 447 47 56 0.6721511 
942 575 64 73 0.6352479 
762 432 31 40 0.6035596 
688 463 34 47 0.5965644 
539 62 82 113 0.58009255 
719 431 28 34 0.57100266 
584 105 68 98 0.5518505 
156 412 41 52 0.5263469 
782 426 33 42 0.5030158 
949 482 44 55 0.3849147 
86 445 57 98 0.3406252 
504 137 378 389 0.11121196 
816 524 52 67 0.10683843 
647 110 46 65 0.083042085 
692 467 48 65 0.066159256 
826 504 49 63 0.061359823 
828 481 46 56 0.053461164 
794 479 30 47 0.049259637 
614 104 56 83 0.047125537 
311 527 58 60 0.04693395 
703 443 40 48 0.04077974 
56 292 55 67 0.0378996 
862 349 12 15 0.03128205 
78 425 163 216 0.030221196 
764 441 54 64 0.027684791 
623 -4 357 489 0.026908083 
651 126 26 40 0.02678193 
885 529 40 51 0.026441436 
912 558 44 59 0.026143687 
774 412 12 14 0.023872767 
643 212 152 167 0.023026159 
461 86 17 20 0.022171028 
793 432 20 26 0.02087944 
826 516 32 38 0.02084651 
440 124 44 54 0.020775542 
556 542 93 146 0.02065385 
898 508 41 53 0.020249609 
764 435 19 23 0.020134272 
992 453 26 36 0.020081874 
