2_Demonstration_Protesters_2_748
18
299 234 25 31 0.9935523 
747 248 23 30 0.99277884 
126 194 23 28 0.44234836 
445 170 47 55 0.34540102 
421 176 57 60 0.08742835 
300 271 17 23 0.056978554 
459 145 44 70 0.05480688 
122 229 17 21 0.04507592 
414 147 50 64 0.040511135 
405 143 33 48 0.03617942 
129 260 26 36 0.032552194 
139 257 29 39 0.031067234 
389 168 95 112 0.025642373 
259 298 11 14 0.023859277 
133 197 25 33 0.022947533 
205 270 12 16 0.022516295 
292 493 32 41 0.021036096 
629 206 49 74 0.02060184 
