2_Demonstration_Political_Rally_2_791
122
395 347 63 82 0.9981481 
647 271 72 91 0.99732 
777 365 66 86 0.9972162 
594 36 70 90 0.99684405 
206 407 75 94 0.99564147 
545 298 69 90 0.99503005 
404 136 57 81 0.9936393 
993 518 25 32 0.9928276 
21 542 37 45 0.9914493 
859 521 28 36 0.98397416 
41 469 24 28 0.98243076 
490 539 38 44 0.96634275 
323 469 26 31 0.96587247 
925 492 20 26 0.87038267 
13 507 22 34 0.86255455 
958 510 26 29 0.8585819 
59 439 19 24 0.84249914 
588 480 20 28 0.8264401 
331 541 40 43 0.79302686 
825 542 37 42 0.60510916 
128 525 23 27 0.5756238 
962 429 21 26 0.51406443 
399 527 30 33 0.38679913 
1004 408 18 24 0.37182397 
82 516 26 30 0.31167823 
936 552 33 34 0.27733263 
1003 496 22 32 0.274188 
676 522 29 39 0.263477 
657 494 22 26 0.24307206 
68 566 18 19 0.17855588 
962 336 15 20 0.1529789 
700 517 24 36 0.14850661 
313 457 42 52 0.13993803 
736 538 34 35 0.13296734 
81 392 20 26 0.12625799 
946 329 12 15 0.12600105 
44 520 18 21 0.12275309 
972 387 15 16 0.11251527 
621 496 23 29 0.09978906 
77 562 25 24 0.09685997 
842 529 39 49 0.09214621 
859 494 16 20 0.090983756 
669 429 12 15 0.07753535 
667 546 40 39 0.0768379 
767 121 16 20 0.075449765 
86 476 14 19 0.075090796 
96 485 22 29 0.07387141 
683 522 17 22 0.064667456 
302 562 28 23 0.06407858 
882 516 23 30 0.05475336 
686 517 25 33 0.054164175 
298 416 48 66 0.05215813 
330 401 16 21 0.048841726 
989 565 26 22 0.04718196 
174 293 11 14 0.046209354 
937 349 16 21 0.043353733 
56 525 23 28 0.04184178 
949 265 15 17 0.041457135 
311 555 29 29 0.041360814 
1002 398 18 24 0.041034617 
320 392 28 35 0.040462364 
86 461 12 15 0.040351294 
969 392 19 22 0.040266145 
691 482 13 17 0.039404944 
161 555 32 28 0.038816534 
949 471 12 19 0.038212433 
307 427 30 39 0.037607394 
348 509 16 20 0.03675912 
321 391 48 63 0.03609815 
475 521 19 20 0.03569373 
1013 461 10 16 0.03302753 
653 427 11 14 0.032435074 
34 513 23 31 0.031230915 
67 532 15 20 0.030937547 
118 524 26 35 0.030333761 
78 477 15 17 0.029677954 
974 514 21 29 0.029557182 
68 500 15 18 0.029382864 
34 421 24 30 0.029358778 
913 543 32 35 0.02725173 
982 303 11 14 0.026793111 
372 537 26 33 0.026626486 
945 253 24 29 0.026462225 
941 324 20 27 0.02646175 
887 218 35 37 0.025592858 
666 530 29 37 0.025502348 
883 301 16 21 0.02543272 
951 560 19 21 0.025098573 
620 477 12 14 0.025069771 
26 480 14 20 0.025031323 
996 335 24 37 0.024676107 
5 497 24 34 0.02454357 
309 443 35 50 0.024024813 
109 535 26 35 0.023992946 
29 456 14 18 0.023895992 
1002 51 18 36 0.023807636 
636 464 32 40 0.023613771 
51 513 25 31 0.02352808 
331 455 29 37 0.023326786 
652 490 17 20 0.023170283 
85 466 14 20 0.02305698 
315 434 19 23 0.022788212 
75 459 16 18 0.022596847 
627 511 16 20 0.02258799 
147 563 19 22 0.022459693 
713 523 34 40 0.02238894 
1011 469 13 25 0.022181747 
54 361 25 30 0.022159975 
985 394 15 20 0.022109697 
912 484 11 14 0.021836326 
373 569 16 16 0.021708585 
351 543 31 35 0.021199336 
106 457 13 17 0.020975174 
331 406 27 32 0.020889034 
952 521 29 35 0.020620078 
688 516 16 19 0.020505358 
107 484 14 22 0.020355584 
83 487 27 31 0.020217674 
60 539 25 30 0.020215895 
73 367 16 19 0.020199258 
618 467 45 65 0.020102946 
378 524 40 49 0.020041779 
