2_Demonstration_Demonstration_Or_Protest_2_79
60
901 624 28 36 0.9580512 
640 574 12 15 0.760712 
818 521 12 15 0.6645976 
605 563 13 15 0.55117065 
701 540 11 13 0.5511548 
691 510 8 11 0.51785463 
863 569 15 21 0.39860052 
949 594 60 72 0.2766957 
649 521 8 10 0.19263318 
535 597 10 13 0.17596404 
662 571 10 12 0.15256147 
552 591 11 14 0.15045278 
556 595 11 14 0.14258806 
753 497 10 14 0.13142714 
568 589 12 16 0.11843099 
963 624 57 51 0.11216084 
676 567 11 13 0.09997235 
636 623 12 14 0.088660546 
730 551 8 10 0.0824853 
740 555 10 14 0.076361775 
690 588 10 13 0.06581362 
753 606 10 13 0.05918672 
540 597 10 14 0.056682378 
976 646 39 33 0.05316491 
761 567 10 12 0.046804544 
154 30 444 534 0.0431771 
734 550 11 16 0.041905127 
840 587 13 17 0.03997511 
903 610 41 58 0.03857309 
672 571 10 12 0.03613584 
688 559 8 10 0.035249002 
572 637 13 16 0.034779146 
934 573 54 72 0.03271136 
696 547 9 11 0.03016151 
955 612 36 43 0.028987672 
592 581 12 14 0.028642716 
678 557 9 11 0.028592361 
845 557 9 12 0.028347153 
747 550 12 14 0.028137188 
560 359 19 21 0.02739065 
664 580 8 12 0.026684571 
833 533 10 12 0.026125781 
673 556 9 12 0.026073474 
62 466 15 17 0.024332646 
687 565 9 12 0.024285058 
736 628 10 13 0.023959039 
854 570 14 20 0.023910344 
445 -13 526 399 0.023495127 
671 549 10 13 0.02343941 
531 597 9 11 0.023255276 
658 567 11 12 0.023254702 
571 583 12 16 0.022940766 
558 615 9 12 0.022641527 
875 581 10 14 0.022384146 
707 539 10 13 0.022237498 
716 615 9 13 0.022208372 
652 524 9 11 0.021269351 
663 598 10 14 0.021223582 
761 559 10 13 0.020968804 
678 590 9 11 0.020631703 
