2_Demonstration_Political_Rally_2_960
30
211 205 143 184 0.99769115 
397 272 54 66 0.9969415 
704 238 65 81 0.9952461 
579 776 50 65 0.99502856 
113 268 46 61 0.98740935 
539 284 54 66 0.98106796 
-1 258 66 119 0.9568768 
591 310 26 33 0.6390495 
85 262 43 60 0.121294424 
596 308 16 22 0.0726268 
627 318 30 37 0.047922518 
873 960 10 12 0.041017227 
366 -1 39 34 0.03519708 
562 3 14 16 0.033318877 
96 243 46 57 0.033215027 
44 87 9 12 0.032041572 
61 258 43 70 0.031458296 
168 521 25 30 0.029254902 
918 307 53 59 0.026498845 
203 80 7 10 0.02581647 
372 294 33 49 0.025718767 
150 334 45 70 0.024591576 
571 298 36 44 0.024563277 
837 959 72 58 0.022261834 
246 71 10 12 0.022141892 
95 530 117 150 0.02204654 
7 79 9 12 0.02125985 
253 806 204 240 0.021197747 
677 125 10 13 0.020497352 
177 82 14 17 0.020315025 
