2_Demonstration_Political_Rally_2_5
692
750 410 26 33 0.9897621 
865 449 31 37 0.985333 
319 231 26 42 0.9764642 
27 481 35 39 0.93091756 
689 392 32 43 0.82514215 
673 335 18 21 0.78216606 
823 385 28 34 0.69737 
886 327 16 20 0.66142327 
650 309 21 27 0.64053553 
640 216 11 13 0.6304069 
57 297 18 21 0.52122 
950 172 9 13 0.489921 
553 349 25 32 0.4871581 
717 426 14 17 0.4423268 
678 293 14 19 0.42761862 
164 178 11 14 0.40694368 
436 117 33 48 0.40019935 
130 463 29 46 0.398647 
597 392 27 36 0.39425027 
989 435 30 44 0.38719666 
182 234 32 33 0.37251377 
32 258 16 20 0.36604744 
652 231 13 16 0.3497503 
786 384 25 32 0.3261133 
867 283 13 17 0.31397423 
714 351 18 21 0.31386176 
905 141 10 13 0.30649307 
947 383 14 19 0.29055217 
718 267 14 16 0.27438676 
653 333 15 19 0.26995596 
695 227 13 17 0.25534967 
144 135 9 12 0.25147182 
142 486 32 35 0.23865713 
624 350 25 29 0.21438219 
853 343 11 13 0.21082488 
852 223 10 14 0.19807704 
160 179 10 13 0.18179597 
635 315 11 14 0.17749119 
834 373 15 18 0.1758797 
664 200 12 16 0.17564651 
368 299 17 21 0.17409888 
945 172 9 13 0.1647319 
566 239 9 12 0.15382446 
121 211 10 13 0.1530635 
797 159 8 11 0.14840859 
591 18 7 9 0.14091942 
754 164 8 11 0.14046308 
347 300 15 19 0.13773891 
927 247 10 13 0.13578926 
774 167 11 14 0.13318454 
149 222 12 17 0.13061342 
944 255 9 11 0.12674855 
929 356 16 21 0.124682985 
926 236 10 12 0.119882815 
182 179 9 11 0.11903311 
476 371 16 22 0.11759054 
735 224 9 11 0.11648419 
968 388 12 14 0.11354139 
577 152 9 11 0.10778652 
804 52 10 12 0.10696959 
974 347 12 16 0.10502627 
803 462 26 34 0.10394438 
117 175 10 14 0.102631256 
48 237 11 14 0.102436915 
748 246 12 14 0.102343954 
629 295 9 12 0.09643361 
90 192 9 11 0.08842376 
942 292 11 14 0.08816777 
30 142 8 11 0.08660916 
355 86 8 10 0.08610752 
877 363 18 21 0.085113734 
678 214 10 13 0.084552646 
103 183 9 11 0.08289135 
121 151 8 10 0.08222386 
9 71 7 10 0.07944843 
524 156 11 15 0.07759521 
901 111 9 11 0.077447996 
29 191 16 21 0.076982096 
910 294 11 15 0.07670735 
881 176 9 12 0.07472669 
757 161 9 12 0.07279417 
93 93 8 10 0.072139226 
129 183 10 13 0.07127786 
821 57 9 11 0.07126172 
382 38 9 11 0.070441484 
1000 116 10 13 0.0692493 
862 245 12 16 0.06894726 
49 86 8 10 0.06774867 
864 421 30 38 0.06750938 
750 224 8 10 0.067320384 
750 268 10 12 0.06705073 
557 128 9 11 0.06648125 
955 379 15 19 0.06583519 
945 284 10 12 0.06566025 
750 381 14 17 0.065504774 
631 311 11 16 0.06538595 
667 250 14 17 0.06485879 
550 299 10 14 0.06472433 
130 69 8 10 0.063900165 
518 148 12 15 0.06322222 
656 402 13 17 0.062106248 
976 174 9 12 0.062023435 
541 167 11 13 0.060891334 
0 228 7 12 0.06030737 
866 15 8 11 0.059876353 
176 165 8 10 0.059679642 
113 93 8 11 0.059541162 
927 484 35 35 0.059404124 
933 444 11 16 0.05905153 
559 157 8 10 0.05874814 
908 324 10 13 0.058723174 
968 175 10 13 0.058644745 
257 62 8 10 0.058461525 
919 253 9 11 0.058156792 
92 195 9 13 0.057758674 
881 307 11 14 0.05774064 
272 78 8 10 0.05769226 
110 191 10 13 0.0563312 
837 299 12 15 0.05617518 
129 63 9 11 0.056174878 
702 410 25 32 0.055752173 
320 213 41 50 0.055504214 
710 142 8 12 0.055421874 
537 151 9 11 0.05540396 
103 469 42 44 0.05530318 
677 53 9 12 0.055263754 
608 243 9 11 0.055249717 
834 166 8 11 0.05468824 
525 260 9 11 0.05459534 
871 164 10 12 0.054530926 
626 236 7 11 0.0545244 
132 186 10 13 0.054327667 
478 275 14 18 0.05431674 
621 24 8 9 0.05401547 
814 271 10 11 0.053755656 
14 487 32 33 0.053050168 
872 232 8 10 0.052704807 
935 293 10 13 0.05263222 
718 301 10 13 0.052418195 
95 24 7 10 0.05229753 
882 275 10 13 0.051969737 
109 147 9 11 0.051936787 
0 100 9 16 0.05168252 
965 381 12 15 0.05156041 
516 321 13 16 0.051295094 
686 212 10 14 0.0509734 
32 80 8 11 0.050847974 
713 270 12 15 0.050708715 
173 111 9 12 0.050313044 
62 47 7 9 0.050308663 
983 124 9 12 0.04950175 
87 242 14 17 0.049497634 
736 166 8 10 0.049368024 
950 45 11 14 0.049342748 
574 174 10 11 0.0493406 
137 156 8 11 0.048968945 
17 95 8 10 0.048923355 
379 80 8 11 0.048743755 
81 143 7 9 0.048607986 
421 76 9 12 0.0485612 
694 269 11 14 0.04771747 
246 325 13 16 0.04736484 
857 316 9 11 0.04704144 
744 223 8 11 0.046983697 
838 245 8 11 0.046979122 
370 264 13 17 0.04688592 
663 161 8 11 0.046776738 
749 239 13 15 0.046714064 
725 381 21 29 0.0466695 
797 353 12 15 0.046451923 
911 55 7 10 0.046295397 
673 150 8 12 0.046265174 
152 181 10 12 0.046210296 
949 51 9 12 0.046033137 
911 407 12 15 0.04545209 
869 350 12 17 0.04464793 
553 2 9 10 0.044379357 
15 116 11 14 0.04422722 
538 172 9 12 0.043823965 
718 333 12 14 0.043589346 
104 296 16 20 0.04356931 
949 145 9 10 0.04354772 
274 91 8 11 0.04322597 
0 276 10 16 0.042662963 
61 224 9 11 0.042380948 
869 245 10 14 0.04236338 
24 79 8 11 0.04221406 
956 38 10 14 0.04210618 
910 357 11 14 0.04208028 
139 466 17 26 0.041862305 
632 55 8 11 0.04162297 
111 179 12 14 0.04161734 
271 38 8 11 0.04160127 
770 94 9 12 0.041466765 
980 350 10 15 0.041275434 
200 142 8 10 0.04101145 
881 81 8 10 0.040880814 
56 23 7 9 0.040777218 
808 276 11 14 0.040583603 
626 370 17 20 0.040575974 
813 355 13 15 0.040144246 
104 188 10 13 0.040091667 
190 78 9 11 0.039888244 
801 96 8 10 0.039760657 
102 144 10 11 0.039752845 
944 221 8 9 0.039660882 
947 148 7 10 0.039648056 
312 207 10 12 0.039577458 
105 148 8 10 0.03905957 
119 78 8 11 0.038926754 
619 331 13 17 0.038584106 
242 166 9 13 0.03844116 
79 50 6 8 0.03836179 
546 16 8 10 0.038341306 
364 344 20 21 0.03827652 
807 358 11 14 0.03825779 
902 173 11 14 0.038203426 
958 151 8 11 0.038164504 
933 46 9 12 0.03813654 
225 56 9 12 0.038113613 
617 22 8 10 0.038074113 
62 164 10 13 0.037919722 
207 152 8 11 0.037773006 
800 176 8 10 0.037759155 
352 297 20 25 0.03759402 
57 95 8 10 0.03751265 
337 143 11 13 0.037424453 
500 330 13 17 0.037291776 
390 38 9 10 0.037136592 
896 237 9 12 0.037112266 
121 29 7 9 0.037098408 
10 495 18 22 0.03692083 
981 174 8 10 0.03670676 
14 228 10 13 0.03663645 
495 226 13 15 0.036621455 
677 150 9 12 0.03637933 
59 16 7 9 0.036315203 
110 213 9 12 0.03616279 
879 326 11 15 0.035893135 
863 352 12 18 0.03580058 
863 279 12 15 0.035591487 
645 395 11 15 0.03542564 
701 125 11 14 0.035373434 
27 275 25 31 0.03533698 
927 175 10 13 0.035215177 
609 149 9 11 0.0352031 
119 476 48 45 0.035147708 
97 75 10 13 0.035124425 
698 232 13 17 0.03507987 
958 157 9 11 0.03500134 
229 55 8 11 0.034923952 
831 315 9 12 0.03486973 
848 341 12 15 0.03485396 
29 292 16 19 0.03482207 
897 253 7 10 0.034799963 
943 299 11 14 0.03478302 
536 278 12 15 0.034776352 
35 281 16 19 0.034686428 
111 166 10 12 0.034626458 
352 141 13 15 0.03456258 
614 208 8 10 0.034548294 
913 72 7 10 0.034504045 
510 355 26 29 0.034393456 
64 141 8 10 0.034218427 
687 268 10 13 0.03420243 
717 337 16 20 0.03403488 
245 109 9 11 0.033857517 
874 406 20 22 0.033733435 
151 164 9 11 0.033723943 
812 394 13 19 0.033639856 
819 59 7 9 0.03361086 
773 394 27 35 0.033571225 
142 159 9 11 0.03343799 
128 134 8 11 0.03340869 
871 96 9 12 0.033353485 
962 383 22 27 0.033347875 
49 70 7 9 0.033302397 
288 71 6 10 0.033297937 
961 103 9 11 0.03326283 
867 421 16 19 0.03302291 
93 87 9 13 0.03271557 
861 182 10 13 0.03267514 
763 401 26 35 0.032517575 
849 347 14 16 0.032319993 
904 96 7 9 0.03227583 
8 22 7 9 0.03223308 
785 307 13 16 0.03218563 
990 101 9 12 0.032060746 
134 92 8 9 0.031951 
904 136 10 13 0.031927742 
175 8 7 10 0.031889465 
584 188 9 12 0.03181801 
390 94 9 11 0.031754687 
624 53 8 10 0.031727266 
815 174 8 10 0.03171473 
98 143 8 11 0.03168727 
871 325 10 13 0.03158334 
557 219 8 11 0.031109678 
18 112 8 11 0.030997729 
214 191 9 13 0.030970126 
535 155 9 12 0.03092851 
566 273 16 20 0.030835712 
839 341 10 13 0.030827299 
949 87 9 11 0.03071049 
21 111 8 11 0.030671917 
463 51 13 17 0.030478936 
758 261 10 12 0.030332202 
811 334 14 17 0.03022669 
507 260 11 14 0.030148039 
118 48 8 10 0.029972961 
710 188 8 10 0.029929526 
144 180 9 12 0.029925069 
792 53 7 10 0.029741744 
147 140 10 13 0.029732281 
880 102 8 10 0.029705573 
545 400 16 21 0.029684337 
574 133 7 10 0.02966482 
887 101 8 10 0.029555874 
583 285 12 16 0.029541785 
600 196 10 13 0.029535599 
845 427 17 21 0.029517876 
895 172 10 13 0.029515091 
599 150 8 10 0.02949554 
229 173 8 10 0.029410372 
129 142 7 9 0.029337764 
557 165 11 13 0.029282913 
278 264 14 19 0.029233776 
231 193 11 15 0.029230958 
910 443 24 31 0.029200137 
880 231 9 10 0.029176747 
565 402 17 24 0.029137023 
206 52 8 10 0.02903145 
768 214 9 12 0.028997138 
888 237 8 11 0.028994039 
806 95 7 11 0.028961997 
798 137 7 10 0.028960949 
0 208 7 12 0.0288939 
789 262 9 11 0.02884983 
895 168 8 11 0.02882309 
98 28 7 9 0.02879344 
653 78 8 11 0.028749082 
785 113 8 10 0.02871626 
857 40 6 8 0.028669365 
972 393 14 16 0.028666714 
352 223 11 12 0.028662968 
789 235 12 15 0.028603086 
774 99 9 12 0.0286018 
38 292 24 27 0.028469052 
103 126 10 13 0.02846849 
991 4 10 11 0.028360745 
316 139 13 16 0.028360501 
72 199 10 12 0.028335387 
624 308 10 15 0.028263507 
30 56 8 11 0.028236756 
872 33 7 9 0.028134858 
713 109 8 10 0.028068364 
832 146 10 13 0.028025378 
957 164 9 13 0.02800486 
1003 30 8 10 0.027967624 
855 215 9 11 0.027923947 
116 92 10 12 0.027889293 
672 296 14 18 0.027823882 
587 349 22 29 0.027805649 
476 364 15 18 0.027793305 
31 135 10 12 0.027788859 
133 221 11 15 0.027740391 
904 72 7 9 0.027688699 
628 231 10 12 0.027628155 
160 141 8 11 0.027589818 
318 104 8 11 0.02751114 
158 108 9 11 0.027462972 
206 144 7 9 0.02743838 
624 298 12 16 0.027435279 
150 55 7 10 0.027364342 
792 101 8 9 0.027360823 
174 143 9 11 0.027336214 
916 294 11 15 0.027290016 
982 4 9 10 0.027234437 
922 443 20 27 0.027219862 
793 176 8 11 0.027159924 
55 228 10 13 0.027140163 
561 244 9 11 0.026940351 
885 174 9 12 0.02686402 
919 176 9 12 0.026861241 
277 89 9 11 0.026826257 
612 291 13 16 0.026819516 
623 49 7 9 0.026812049 
948 375 15 19 0.026756378 
39 134 9 11 0.026736487 
992 167 9 11 0.026714591 
47 79 10 13 0.02670324 
119 259 12 16 0.026597362 
874 53 7 10 0.026580792 
613 71 10 12 0.026537666 
901 253 8 10 0.026492763 
647 244 10 13 0.026489208 
645 335 17 22 0.026459977 
712 420 14 18 0.026439723 
917 37 8 10 0.026314605 
342 61 9 11 0.026307128 
50 24 7 10 0.02625568 
872 264 8 10 0.02622841 
9 229 10 12 0.026222212 
779 166 11 14 0.026196728 
825 8 7 9 0.026181309 
153 127 8 9 0.026131527 
883 302 11 13 0.026129974 
948 279 12 15 0.026087046 
880 294 9 13 0.026063079 
830 262 9 12 0.02602821 
823 293 9 12 0.026021296 
7 470 9 11 0.025926135 
865 100 8 11 0.025831731 
177 61 8 10 0.025825923 
973 179 10 12 0.02581853 
277 20 9 12 0.025759796 
125 174 10 12 0.025754169 
634 78 8 11 0.025704253 
800 113 7 10 0.025655588 
622 345 17 21 0.02557568 
589 133 10 12 0.02552642 
933 230 9 12 0.025520613 
148 134 10 12 0.025495991 
190 182 9 11 0.025447084 
848 93 8 10 0.025445797 
113 87 9 13 0.025411975 
682 4 8 10 0.025319126 
572 308 10 13 0.025248777 
888 118 8 10 0.025178736 
889 168 8 11 0.025087269 
897 286 7 11 0.025007727 
570 133 7 10 0.025000649 
783 84 9 11 0.02497697 
66 188 9 11 0.024910888 
654 365 13 16 0.024886053 
782 372 26 32 0.024849838 
79 174 10 12 0.024835778 
968 168 8 11 0.02480891 
871 238 9 11 0.02477609 
79 181 9 11 0.024762625 
656 32 8 10 0.024753181 
33 266 22 28 0.024752334 
501 396 13 15 0.024680788 
721 160 8 10 0.024668947 
945 236 9 11 0.024651589 
78 166 9 11 0.024622925 
820 392 20 24 0.024622522 
102 29 7 10 0.024618825 
973 400 15 18 0.024606986 
935 52 9 11 0.02459054 
184 33 7 10 0.024526538 
914 410 13 17 0.024491882 
623 184 8 10 0.02447241 
194 167 9 12 0.024467546 
770 166 9 12 0.02444929 
602 105 7 9 0.024435434 
54 285 14 17 0.024418576 
676 391 31 38 0.024409534 
382 84 8 10 0.024384344 
680 332 17 20 0.02435064 
999 424 25 39 0.02433361 
117 186 10 15 0.024274394 
605 173 11 13 0.024127273 
120 247 9 11 0.024118772 
402 87 7 9 0.0241179 
742 158 9 11 0.02411558 
525 55 9 12 0.02407554 
720 39 7 9 0.02405938 
238 151 8 10 0.024053182 
912 176 8 11 0.024027722 
718 214 8 10 0.024000816 
605 192 10 13 0.023988167 
119 177 20 25 0.023975456 
935 150 8 10 0.023970436 
101 131 10 13 0.023960363 
120 155 9 11 0.023955293 
190 153 8 10 0.02391553 
700 259 12 15 0.023913158 
602 89 6 9 0.023882894 
717 306 13 16 0.02382636 
8 184 9 11 0.023782004 
814 244 9 11 0.023751652 
736 378 22 29 0.023709448 
63 22 7 10 0.023706747 
117 53 8 10 0.023686415 
151 187 9 12 0.023680793 
699 224 12 14 0.023663377 
762 215 7 10 0.023637582 
130 88 8 10 0.023631599 
729 103 8 9 0.023622015 
511 310 11 13 0.023569744 
478 77 9 12 0.023551952 
540 268 11 13 0.023534259 
928 101 8 9 0.023527017 
956 364 14 16 0.023436511 
444 140 19 25 0.023428945 
599 172 11 14 0.023414614 
118 86 9 12 0.023397276 
213 264 13 18 0.02334599 
70 158 10 13 0.023345575 
956 412 14 17 0.02329036 
613 285 12 14 0.023281915 
856 302 10 11 0.023276856 
869 410 29 33 0.023250474 
832 253 10 12 0.023227436 
572 278 12 18 0.023186002 
598 205 9 10 0.023184383 
686 77 8 10 0.023172194 
872 363 14 18 0.0231433 
986 100 9 12 0.023142898 
600 246 8 12 0.023131216 
241 86 9 12 0.023114666 
926 158 8 11 0.023111213 
670 108 9 13 0.023098527 
718 86 8 11 0.023081917 
62 173 9 12 0.023072662 
797 235 8 12 0.023056593 
861 310 9 13 0.023051016 
917 72 8 10 0.023040185 
945 47 10 13 0.0229884 
504 266 10 13 0.02296996 
41 307 16 19 0.022856811 
900 235 12 14 0.022839585 
829 375 24 30 0.022712365 
693 149 8 10 0.022704115 
96 148 8 10 0.022697583 
863 165 9 12 0.022687037 
201 52 8 10 0.022681976 
159 133 8 11 0.02262854 
872 371 12 16 0.022604397 
12 140 10 12 0.022594232 
108 126 9 12 0.022581581 
856 136 9 12 0.022564767 
651 239 14 17 0.022545498 
669 283 12 17 0.02253887 
991 184 8 10 0.02251714 
662 45 8 10 0.02248703 
945 110 7 9 0.02248699 
519 191 8 11 0.022452764 
713 207 9 11 0.0224455 
334 220 23 31 0.02243226 
127 102 8 11 0.022417791 
640 133 8 10 0.022360168 
713 388 22 29 0.02235452 
942 372 13 18 0.022350613 
671 84 9 12 0.022327693 
341 132 10 13 0.022307578 
1 482 25 33 0.022300197 
735 144 8 9 0.02227122 
804 342 19 25 0.022260174 
642 16 7 9 0.02219111 
12 188 9 12 0.022175262 
977 126 9 10 0.022169907 
256 111 9 10 0.022145975 
674 355 14 17 0.022123376 
592 112 7 10 0.022103714 
862 304 8 10 0.022063741 
74 79 9 12 0.021970913 
889 246 9 12 0.02196461 
609 402 17 24 0.02195278 
833 102 7 9 0.021927157 
160 118 8 10 0.021924429 
902 166 10 13 0.021916807 
897 72 7 10 0.021912571 
519 244 8 10 0.021890353 
720 134 8 9 0.021885142 
833 280 9 11 0.021878486 
632 311 18 24 0.021861224 
894 247 9 13 0.021860763 
517 310 14 15 0.021854311 
945 132 8 11 0.02183825 
282 70 7 10 0.021837598 
25 180 9 11 0.021792585 
711 136 8 12 0.021770738 
112 230 10 13 0.021727484 
115 47 7 11 0.02172136 
608 126 9 11 0.021711204 
87 38 7 9 0.02170478 
104 246 10 13 0.021694252 
62 135 10 12 0.021692293 
750 227 10 12 0.02168918 
743 165 8 10 0.021677919 
37 79 9 12 0.021669846 
40 159 10 12 0.021633396 
814 159 8 10 0.021631332 
879 455 20 24 0.021605263 
959 121 7 9 0.021601189 
695 243 11 14 0.021598097 
581 347 14 23 0.021584889 
272 194 24 30 0.021579059 
912 2 9 8 0.021574587 
623 314 13 18 0.021568513 
808 175 8 10 0.021559084 
259 61 11 13 0.021557467 
936 298 11 14 0.02154911 
927 293 10 14 0.021519741 
790 112 9 11 0.021514349 
886 111 8 11 0.021509355 
50 284 24 28 0.021499027 
967 135 7 10 0.021484455 
25 103 8 10 0.021483753 
609 71 8 12 0.021477582 
199 172 9 11 0.021448888 
215 93 7 10 0.021441033 
577 221 7 10 0.02142488 
638 302 11 13 0.021356735 
690 230 9 13 0.021350289 
944 103 8 10 0.021340266 
73 101 7 9 0.021322256 
61 96 8 10 0.02131382 
756 237 11 13 0.02131086 
678 274 12 15 0.021274704 
969 341 13 15 0.021247502 
179 89 7 9 0.021232888 
973 40 9 11 0.021208348 
332 234 45 54 0.021180581 
629 319 13 17 0.021179684 
111 247 9 11 0.02114001 
998 122 10 13 0.021126406 
180 185 13 17 0.021106375 
912 118 8 9 0.021103308 
806 393 14 18 0.021102246 
772 213 11 15 0.021099461 
724 359 14 19 0.021083124 
794 163 10 12 0.021081818 
136 134 8 10 0.021081664 
699 92 7 10 0.021069877 
41 173 8 10 0.021048665 
934 180 10 13 0.021035 
730 95 8 10 0.020982923 
481 63 8 11 0.020940559 
247 61 8 10 0.02092587 
55 127 10 12 0.020898554 
52 242 10 14 0.020893335 
648 310 13 18 0.020875277 
248 260 23 29 0.0208176 
862 381 14 20 0.020815372 
277 193 14 17 0.02077678 
1006 175 9 11 0.020761918 
817 348 14 19 0.020754317 
983 448 23 33 0.02073751 
17 78 8 11 0.020726416 
886 295 9 12 0.020719238 
950 235 10 12 0.020713974 
230 87 9 12 0.020689886 
907 330 14 18 0.02066572 
670 343 16 20 0.020650912 
114 79 8 10 0.020645779 
113 63 9 11 0.020644138 
662 38 8 11 0.020638518 
658 22 7 9 0.020620754 
230 168 8 11 0.02062036 
716 252 14 16 0.02061621 
913 252 9 12 0.020591786 
58 174 8 11 0.02057652 
958 33 8 9 0.020563513 
823 254 9 11 0.020511774 
542 262 10 12 0.02047865 
574 240 8 11 0.020426217 
908 396 13 16 0.020421894 
881 111 8 9 0.020411743 
719 105 7 9 0.02040968 
1006 112 9 12 0.020394612 
193 64 8 9 0.02038234 
596 387 19 21 0.020370923 
902 103 10 12 0.0203692 
512 54 7 9 0.020368919 
38 129 9 11 0.02036725 
86 230 12 17 0.020296225 
49 92 8 11 0.020286717 
242 25 6 9 0.020285524 
730 223 8 11 0.020278512 
127 128 8 10 0.020251928 
888 71 6 8 0.020239832 
562 364 16 22 0.02023171 
759 255 11 13 0.020223593 
935 253 8 11 0.020219661 
158 127 9 11 0.020212455 
126 218 12 15 0.020187568 
581 172 9 12 0.020137269 
581 245 10 12 0.02013121 
313 42 7 9 0.020105796 
497 64 8 10 0.02008593 
814 167 9 11 0.020073524 
671 220 11 14 0.020054027 
678 49 9 10 0.020050677 
873 2 9 10 0.020039005 
260 228 13 17 0.020020405 
600 110 7 9 0.020015975 
192 172 10 12 0.020015014 
668 360 15 18 0.020008307 
116 196 11 14 0.020008301 
