2_Demonstration_Demonstration_Or_Protest_2_813
72
837 377 17 21 0.88164604 
538 358 21 27 0.7943248 
252 330 24 35 0.7610906 
803 288 18 22 0.61260676 
693 456 15 19 0.23951069 
493 369 21 29 0.2268571 
657 447 16 20 0.20652272 
887 387 21 26 0.19386467 
700 389 14 18 0.11146108 
685 453 16 19 0.09621211 
668 447 14 20 0.09098419 
311 351 12 19 0.07260726 
333 350 17 22 0.06512569 
678 451 14 18 0.059685923 
345 47 10 12 0.05915588 
750 378 15 18 0.05843209 
775 305 14 18 0.056071162 
877 387 22 29 0.0477394 
716 471 14 17 0.04766422 
653 435 63 77 0.04729721 
481 555 9 11 0.045259457 
501 297 16 20 0.040728506 
468 367 16 20 0.039626863 
702 442 13 19 0.038224038 
440 416 13 17 0.037160195 
688 379 27 34 0.035732172 
600 310 8 10 0.035245735 
651 435 15 18 0.034569163 
529 359 20 29 0.03275374 
679 457 17 20 0.032615356 
353 360 8 12 0.031880952 
699 458 16 23 0.03167833 
445 332 8 12 0.03144218 
85 7 11 14 0.03096345 
911 347 12 15 0.03030415 
316 348 14 20 0.030029394 
706 469 26 37 0.02896458 
868 393 26 36 0.028669098 
264 328 15 28 0.028521363 
326 349 13 16 0.028199155 
298 393 34 41 0.02792251 
480 333 11 12 0.02775627 
911 356 12 14 0.0256789 
599 385 14 17 0.02513395 
462 389 11 13 0.02487861 
775 312 22 28 0.024610277 
335 357 21 28 0.024517402 
110 6 10 12 0.024272699 
895 384 27 31 0.024176959 
647 315 13 17 0.024123222 
887 378 14 25 0.023725573 
0 50 12 20 0.023703672 
86 49 10 13 0.02312557 
524 365 18 28 0.023043178 
447 371 12 16 0.022953136 
512 366 20 30 0.022910262 
915 341 10 15 0.022810008 
244 46 37 47 0.022654802 
840 540 9 13 0.022651957 
648 431 12 15 0.022370093 
40 37 20 25 0.02232963 
352 395 9 13 0.02221786 
691 463 43 60 0.021765538 
381 327 9 11 0.021253888 
596 458 28 37 0.021095114 
116 21 12 16 0.020643974 
706 452 14 20 0.0206342 
667 389 28 32 0.0204066 
359 392 9 11 0.020363294 
840 363 27 34 0.020358253 
805 316 12 16 0.020214017 
485 369 17 26 0.020160347 
