2_Demonstration_Political_Rally_2_171
52
851 651 56 90 0.993049 
101 626 45 58 0.97769564 
124 568 17 22 0.9773706 
620 663 49 90 0.96729875 
150 705 32 58 0.9513708 
449 653 24 42 0.9438665 
50 715 36 48 0.94319844 
404 706 46 67 0.74514085 
1002 621 21 29 0.59633684 
947 621 18 20 0.59512746 
736 728 42 43 0.48713997 
554 662 20 35 0.42856476 
423 666 40 36 0.42555013 
206 649 33 32 0.3745022 
47 635 39 53 0.21138877 
306 623 31 34 0.15565276 
702 643 42 55 0.11946524 
203 664 35 42 0.11859089 
303 647 30 35 0.11242574 
449 500 11 13 0.09251609 
267 699 37 60 0.035946924 
543 667 38 51 0.034590438 
158 153 240 258 0.033265058 
711 637 26 35 0.03258202 
332 692 42 55 0.031818427 
247 715 48 50 0.028815143 
189 672 48 59 0.02736477 
448 531 12 14 0.02641626 
530 675 36 39 0.025843155 
314 637 19 22 0.025740225 
346 679 47 53 0.0251897 
724 642 15 21 0.024814464 
520 680 30 31 0.024655325 
301 653 18 23 0.024441276 
408 694 34 49 0.02412558 
135 678 53 77 0.023623731 
47 661 31 41 0.023508225 
115 593 50 64 0.023451472 
86 614 97 94 0.02274645 
840 145 7 9 0.022437664 
150 595 13 16 0.02180769 
311 622 12 14 0.021754023 
125 198 9 11 0.021647815 
65 625 50 59 0.021369696 
421 593 18 31 0.02118943 
293 661 41 52 0.021009026 
415 676 38 42 0.020763537 
314 492 15 19 0.020761462 
131 645 32 38 0.020718593 
375 698 57 68 0.020491337 
215 661 21 24 0.020442916 
681 143 7 9 0.02016662 
