2_Demonstration_Demonstrators_2_518
46
87 254 62 79 0.99797064 
474 148 46 58 0.9957314 
388 143 52 60 0.99376065 
941 415 61 87 0.9928127 
697 142 34 47 0.99000823 
616 410 58 69 0.98898965 
981 260 34 65 0.9784766 
936 44 29 40 0.96565706 
760 52 27 44 0.95116687 
191 0 29 31 0.79226184 
195 293 28 54 0.77009606 
342 151 36 67 0.7688222 
557 138 29 40 0.7504868 
234 192 38 71 0.7297066 
189 475 50 77 0.70793754 
750 131 27 36 0.49039745 
182 209 64 69 0.44218594 
832 83 32 44 0.39163637 
1004 80 20 31 0.17921096 
163 293 53 65 0.16374035 
516 74 39 48 0.12393952 
576 128 41 55 0.07430058 
613 136 26 35 0.07020714 
354 450 25 30 0.06224128 
781 56 25 34 0.061916962 
732 121 41 50 0.06090493 
201 299 43 61 0.048697226 
762 258 43 48 0.04826271 
0 88 28 46 0.046769433 
357 146 60 73 0.04449207 
646 65 27 36 0.043221425 
321 155 44 62 0.041229874 
714 137 40 52 0.040210664 
738 146 45 59 0.03664345 
686 146 30 35 0.034928747 
742 258 45 51 0.032822106 
951 114 26 34 0.031763148 
145 275 49 66 0.02964913 
1 89 20 23 0.02952255 
888 105 44 54 0.028622162 
542 77 45 54 0.027116384 
515 100 47 54 0.025822112 
809 84 40 50 0.025723826 
531 115 44 52 0.022738697 
735 238 45 53 0.022596518 
596 120 40 55 0.021229729 
