2_Demonstration_Political_Rally_2_763
28
528 151 93 129 0.9994832 
670 182 57 74 0.99922574 
248 147 52 70 0.99882036 
292 105 84 113 0.99774265 
440 198 47 60 0.99770087 
741 217 48 57 0.99756145 
801 242 72 102 0.99630934 
484 213 63 92 0.9740326 
642 227 29 36 0.9657837 
499 190 77 103 0.6848961 
466 209 54 77 0.13802552 
1 100 20 43 0.08535755 
382 193 42 53 0.07508737 
136 104 14 18 0.06269124 
264 128 70 97 0.056026887 
0 116 15 25 0.054733768 
5 54 13 15 0.054290853 
397 119 55 75 0.04364122 
-3 41 88 126 0.036228467 
143 160 62 71 0.03227459 
157 138 13 17 0.02707236 
624 216 45 60 0.025377603 
654 222 31 37 0.024778169 
2 52 10 14 0.023053644 
2 51 24 33 0.022990482 
328 98 79 114 0.022845732 
176 135 10 12 0.022651834 
222 65 15 20 0.021969438 
