2_Demonstration_Demonstrators_2_713
57
363 386 25 38 0.9665746 
399 307 22 31 0.905412 
559 342 22 31 0.6778501 
101 380 44 61 0.48541594 
298 314 15 17 0.32342762 
515 327 26 39 0.15894763 
934 277 12 16 0.15307207 
371 244 10 12 0.14514521 
264 238 10 13 0.08848076 
296 301 14 15 0.08570082 
859 312 16 21 0.08557058 
573 265 40 50 0.08375024 
380 325 11 14 0.057589527 
573 426 15 17 0.057333108 
465 379 28 35 0.054525673 
23 355 41 60 0.05330362 
305 314 14 18 0.05283213 
368 239 11 14 0.050517634 
472 367 35 40 0.049714167 
524 331 16 25 0.049035054 
335 389 13 18 0.041744743 
522 319 41 53 0.041536365 
574 284 10 12 0.038069695 
273 290 15 20 0.03740606 
336 390 23 30 0.03691717 
484 276 11 14 0.035375167 
560 315 11 14 0.033644646 
369 376 29 41 0.032900542 
685 328 15 20 0.032814007 
275 338 15 20 0.03138058 
558 271 9 11 0.029360462 
473 269 38 54 0.028013451 
289 314 12 17 0.027814016 
184 320 17 23 0.02715244 
417 283 12 15 0.02712218 
416 278 11 13 0.026528956 
669 409 14 19 0.026242733 
430 262 9 12 0.025866767 
365 354 15 19 0.02583924 
389 337 15 19 0.02536779 
449 318 14 18 0.024796672 
531 335 49 56 0.02469977 
500 313 38 49 0.024583017 
508 542 15 20 0.024454614 
350 392 29 33 0.02415869 
525 257 9 11 0.023757191 
670 400 28 35 0.023554835 
375 317 11 16 0.023411904 
389 320 16 20 0.023408506 
461 388 16 24 0.023152485 
588 311 220 251 0.022177093 
936 272 9 12 0.021591306 
524 339 24 35 0.02112975 
667 407 49 57 0.02100169 
574 267 10 13 0.020294026 
865 308 17 23 0.020136977 
486 36 445 576 0.020126127 
