2_Demonstration_Political_Rally_2_267
28
749 307 28 35 0.99948597 
196 364 18 23 0.5528484 
100 399 23 31 0.46130475 
772 398 25 31 0.35137433 
440 337 21 22 0.28769302 
196 432 27 32 0.25492337 
141 355 26 34 0.20878829 
710 395 22 31 0.16699421 
447 326 21 27 0.15455522 
451 315 22 30 0.08478705 
852 372 36 40 0.073519126 
320 267 39 48 0.061429065 
99 388 22 28 0.046945132 
195 368 25 34 0.038039804 
543 289 45 59 0.035026588 
0 367 30 56 0.03319375 
582 305 31 55 0.031150775 
558 312 51 64 0.028995046 
208 433 18 24 0.02852966 
613 545 382 468 0.027218731 
95 403 17 20 0.026901042 
539 285 31 47 0.0262934 
811 333 51 66 0.025976319 
536 300 82 114 0.02327695 
451 374 46 72 0.02271728 
829 352 52 58 0.022649758 
755 377 39 50 0.022629801 
90 408 25 30 0.020114366 
