2_Demonstration_Political_Rally_2_264
196
651 466 15 18 0.9372007 
237 575 17 22 0.6320578 
959 386 10 14 0.5919146 
387 549 20 23 0.5847766 
602 516 13 16 0.5552227 
94 357 10 12 0.5421452 
441 501 16 19 0.5115367 
582 464 13 16 0.51063 
707 504 16 19 0.4780434 
989 523 13 17 0.406174 
906 404 12 15 0.3398145 
732 439 9 12 0.32002184 
600 368 8 11 0.3133141 
860 411 17 20 0.29278612 
678 590 18 22 0.28064004 
316 513 15 19 0.2696446 
281 349 8 11 0.24161384 
41 365 11 13 0.22766723 
335 459 14 16 0.22725143 
27 459 14 17 0.20853738 
792 367 9 12 0.20141058 
55 347 10 12 0.1892444 
512 413 11 13 0.16297577 
220 551 14 18 0.15718044 
341 359 11 13 0.15289226 
495 328 10 13 0.12694445 
359 526 12 14 0.11854315 
532 515 12 16 0.107106894 
798 406 11 15 0.10347978 
191 365 12 14 0.09472385 
227 547 15 20 0.09431783 
278 454 11 14 0.09206857 
613 470 11 14 0.0907982 
604 420 10 13 0.09043073 
70 467 13 18 0.08975406 
950 368 10 12 0.08931084 
784 457 12 16 0.08738309 
103 343 11 14 0.083399154 
724 423 9 11 0.0828784 
617 421 10 13 0.082390584 
334 398 11 14 0.077221945 
454 430 7 11 0.07487067 
766 504 9 13 0.07089268 
9 446 9 11 0.070192255 
364 531 10 13 0.06972325 
524 332 10 12 0.06518385 
240 389 11 15 0.06380637 
625 565 12 16 0.06256795 
919 389 10 12 0.062324785 
309 330 10 14 0.061960336 
456 301 9 11 0.060850855 
489 405 10 13 0.060062025 
713 500 16 20 0.059517086 
143 394 11 14 0.058626372 
419 397 12 17 0.05735239 
512 491 13 16 0.057204258 
448 349 10 12 0.056672662 
310 522 12 15 0.056269 
217 365 9 11 0.055609036 
684 459 21 27 0.053426147 
144 484 10 14 0.05206493 
333 312 8 11 0.048198834 
1005 398 11 14 0.04756382 
412 502 10 12 0.04737422 
806 351 9 12 0.046015535 
910 358 11 14 0.04441799 
860 373 11 13 0.043766875 
813 421 9 12 0.0420415 
536 332 10 11 0.04161 
93 498 22 28 0.04145152 
719 438 9 11 0.040220525 
30 343 12 16 0.040174864 
58 294 7 10 0.03882845 
481 519 11 14 0.03822316 
641 468 11 15 0.037853524 
543 333 8 11 0.037805073 
173 535 10 13 0.03658656 
616 427 11 13 0.036556173 
196 372 10 12 0.036022894 
221 542 14 19 0.03584203 
967 453 14 17 0.03577591 
214 373 10 12 0.035221003 
864 405 17 20 0.035209145 
814 334 8 10 0.034688648 
61 471 14 19 0.034519486 
402 301 9 12 0.034496326 
209 374 9 11 0.034207664 
147 390 12 14 0.033894762 
557 321 11 16 0.033759896 
446 438 9 11 0.033653796 
185 397 8 11 0.033383794 
917 356 10 13 0.033189625 
502 514 11 13 0.033144116 
364 405 10 12 0.03290602 
737 420 12 14 0.032846797 
455 458 11 14 0.0325897 
860 379 12 14 0.03257563 
274 314 19 20 0.03219755 
154 356 15 16 0.032010347 
233 551 15 18 0.031880677 
588 597 14 17 0.03184323 
246 300 13 15 0.03167968 
736 608 21 18 0.030517625 
904 383 8 11 0.030504161 
37 334 9 12 0.030471634 
408 319 9 12 0.030202826 
25 301 8 11 0.029873816 
526 239 9 10 0.029088601 
198 382 10 13 0.029052487 
872 358 9 12 0.028879305 
397 427 12 14 0.028679276 
913 316 9 11 0.028295718 
647 580 9 12 0.028223796 
443 439 8 11 0.027765049 
743 341 9 13 0.02773289 
704 357 10 12 0.02760693 
848 360 8 10 0.02737852 
527 477 11 13 0.027037423 
421 333 10 11 0.02692832 
418 390 9 11 0.026519656 
184 436 10 12 0.026326371 
454 519 8 9 0.026057646 
601 416 10 13 0.02601025 
693 373 8 10 0.026005324 
466 350 10 12 0.025894092 
880 418 10 14 0.025870865 
290 437 8 10 0.025856303 
155 335 8 11 0.025804622 
77 357 9 12 0.02564646 
534 184 9 11 0.025616411 
344 476 10 12 0.025163556 
723 502 14 20 0.025113458 
752 359 9 11 0.025040431 
459 453 11 13 0.024970027 
604 368 10 11 0.024967067 
862 389 10 12 0.024640441 
458 448 8 10 0.024468407 
446 444 8 11 0.02441264 
463 512 9 11 0.024260065 
260 527 11 15 0.024190076 
906 333 9 11 0.024014888 
647 304 8 9 0.0239452 
826 366 8 10 0.023864884 
1005 428 13 18 0.023688622 
118 367 9 11 0.023626877 
617 365 9 11 0.02358226 
568 478 9 12 0.023556963 
878 380 12 14 0.023329144 
578 467 11 14 0.02329952 
599 492 9 12 0.023216002 
235 541 15 21 0.02311325 
814 405 10 12 0.02301721 
107 347 11 14 0.023007954 
639 353 8 9 0.02298259 
878 374 11 13 0.022939367 
273 459 11 14 0.022900166 
940 380 10 14 0.022839228 
340 465 13 17 0.02275916 
233 577 13 18 0.022734353 
918 319 9 11 0.022701371 
830 365 9 11 0.022668052 
670 367 8 11 0.022650704 
929 366 9 11 0.022448948 
40 191 8 11 0.02244551 
846 375 9 11 0.022419447 
298 451 8 10 0.022390803 
487 410 10 13 0.022154408 
1 363 7 13 0.022026317 
734 431 12 15 0.021950744 
35 347 11 14 0.021923691 
449 516 9 12 0.021779297 
927 321 8 10 0.021655312 
415 507 9 12 0.02159329 
505 301 11 14 0.021555573 
806 414 10 14 0.021476325 
86 391 11 13 0.021470545 
606 372 9 11 0.021410638 
374 442 11 14 0.021403586 
934 358 9 11 0.02134252 
382 348 9 12 0.021334074 
87 491 11 15 0.021322759 
383 266 12 15 0.021260398 
312 487 9 11 0.021245092 
740 427 12 13 0.02115552 
402 159 8 11 0.02106433 
503 564 8 10 0.020883264 
509 326 9 12 0.020838555 
333 494 11 13 0.02079318 
650 155 9 12 0.020554334 
1013 181 10 16 0.020369552 
567 406 10 13 0.020333294 
166 494 11 13 0.02029235 
810 365 9 12 0.020235727 
927 595 26 26 0.020161545 
422 134 11 13 0.020153712 
903 387 10 12 0.020150393 
