2_Demonstration_Protesters_2_563
39
669 167 30 37 0.99965036 
816 306 105 128 0.9995504 
564 221 30 36 0.9978551 
820 187 30 38 0.9974578 
872 210 66 81 0.99718696 
392 190 67 94 0.9970554 
665 251 49 68 0.9968829 
100 239 81 104 0.99670154 
633 185 27 35 0.9965507 
724 236 65 95 0.9957248 
227 254 40 48 0.9941332 
300 234 26 29 0.987495 
237 214 25 30 0.98081493 
772 198 29 32 0.52085507 
504 181 24 30 0.48504153 
1 168 67 152 0.48382953 
982 209 33 38 0.23649234 
178 208 26 32 0.19343162 
613 29 8 11 0.14236559 
491 176 46 53 0.1193353 
623 241 39 54 0.094883814 
512 172 32 38 0.059725344 
560 290 11 14 0.04556101 
556 191 15 20 0.042680815 
600 68 27 30 0.036316033 
508 516 53 61 0.036001936 
70 119 44 53 0.032637972 
521 50 24 29 0.0321008 
638 249 34 55 0.030660748 
504 466 10 12 0.028278504 
45 197 77 127 0.025764318 
759 205 46 56 0.024880547 
604 55 23 30 0.02394982 
519 264 52 70 0.023860354 
625 50 16 21 0.023074681 
972 216 18 23 0.022690037 
521 162 47 51 0.021709042 
612 33 11 14 0.021347737 
35 211 51 95 0.02012996 
