2_Demonstration_Protesters_2_362
43
810 404 71 79 0.9976553 
235 366 61 87 0.99513775 
884 523 21 32 0.6513257 
383 12 132 116 0.5956131 
418 497 11 14 0.53629714 
867 534 21 32 0.35200682 
874 526 21 35 0.32229516 
453 506 15 18 0.31693792 
383 520 13 16 0.19806492 
314 329 19 22 0.13126433 
605 13 8 10 0.039827157 
364 493 10 12 0.03695708 
400 499 11 15 0.035521753 
859 528 37 49 0.03153827 
879 513 37 56 0.030576838 
399 469 11 14 0.028527696 
415 491 19 23 0.028277364 
642 15 7 9 0.027912166 
262 343 11 15 0.027629599 
388 454 9 12 0.02720195 
885 518 14 19 0.026913205 
319 514 45 77 0.025883714 
621 6 11 14 0.025790652 
724 510 12 14 0.025650423 
839 396 62 77 0.02546786 
442 509 12 14 0.02522808 
782 22 9 12 0.025205811 
374 515 16 19 0.024598587 
982 478 9 11 0.02403051 
741 501 14 19 0.023856107 
719 16 8 10 0.023766285 
345 14 8 10 0.022928806 
675 508 21 27 0.022502545 
459 512 12 15 0.022483354 
600 29 7 9 0.02229224 
992 495 10 12 0.021881564 
126 219 39 54 0.021466307 
756 46 10 12 0.021434326 
594 26 7 9 0.021352898 
448 502 14 18 0.021034224 
552 70 9 12 0.02055228 
936 450 29 40 0.020492952 
607 45 7 9 0.020284092 
