2_Demonstration_Demonstration_Or_Protest_2_419
39
28 406 56 71 0.9969784 
285 239 51 73 0.996953 
454 275 66 80 0.9890736 
308 603 43 76 0.97437865 
636 475 48 83 0.9704395 
83 424 50 61 0.93911827 
25 594 80 78 0.93638146 
792 177 71 87 0.82082033 
137 406 41 67 0.7743588 
754 28 27 33 0.20238282 
598 167 62 76 0.15401174 
140 429 49 74 0.14994773 
139 467 46 56 0.13456671 
708 509 43 60 0.0859977 
739 75 22 28 0.0792652 
691 122 28 44 0.07108253 
350 626 61 51 0.05943393 
0 384 29 46 0.058060672 
112 438 53 77 0.056381103 
972 247 44 56 0.052868906 
688 61 27 32 0.045414615 
758 136 26 37 0.038614787 
884 342 25 30 0.03823273 
965 260 33 33 0.03159871 
50 407 69 93 0.02900337 
90 401 68 98 0.028602945 
-1 487 25 50 0.027655125 
756 382 34 32 0.026266057 
762 298 56 69 0.023391062 
0 603 21 38 0.022961602 
130 409 31 47 0.022703813 
730 446 35 41 0.022288697 
826 12 22 31 0.02191851 
782 142 53 80 0.021646146 
335 264 44 48 0.021026772 
578 3 15 16 0.020646539 
733 111 44 57 0.020477349 
794 107 17 21 0.020306649 
763 143 32 50 0.020270268 
