2_Demonstration_Protesters_2_91
34
960 208 35 41 0.992566 
342 241 23 31 0.98945135 
784 240 21 27 0.9753984 
591 257 14 17 0.7937099 
396 243 17 23 0.78658855 
632 251 12 16 0.76195574 
819 249 16 18 0.5310316 
660 274 15 19 0.39737904 
535 243 13 16 0.29772422 
533 255 16 21 0.19411966 
922 224 16 19 0.09641402 
586 304 28 33 0.061569802 
911 250 14 16 0.057001565 
536 248 17 22 0.0505752 
732 253 13 16 0.050018113 
759 463 45 48 0.049568485 
915 245 14 18 0.047390923 
812 251 18 22 0.04582229 
621 275 14 16 0.041465618 
658 278 21 27 0.036763124 
814 463 38 42 0.03493401 
536 263 16 20 0.034379177 
824 252 17 23 0.03129818 
314 308 16 19 0.027878847 
851 388 16 18 0.025918059 
528 244 11 16 0.024866778 
760 456 29 37 0.02355692 
919 232 16 21 0.022677599 
921 224 27 30 0.022449907 
834 363 12 15 0.022286238 
330 448 60 61 0.021630252 
532 270 15 20 0.020681715 
844 334 11 12 0.02048682 
776 427 24 29 0.020306582 
