2_Demonstration_Protesters_2_24
54
369 263 103 162 0.99815685 
894 1122 94 121 0.99779236 
600 630 66 77 0.99775296 
812 651 66 91 0.9973001 
450 1121 71 97 0.9968443 
502 660 64 81 0.9962368 
546 258 96 155 0.9958812 
661 1051 81 106 0.99573946 
373 586 60 71 0.99488574 
632 125 101 118 0.99371237 
12 402 103 125 0.99344504 
479 753 73 111 0.99341065 
394 808 61 71 0.99301976 
155 805 84 100 0.99291795 
584 867 41 52 0.8896319 
673 466 55 89 0.87134373 
871 1040 30 37 0.7333647 
212 149 93 112 0.68632114 
749 2 31 21 0.66536987 
646 685 52 65 0.615344 
676 858 35 51 0.5906023 
35 838 37 44 0.4458565 
893 618 22 25 0.4358577 
190 460 42 57 0.14443205 
227 1050 11 15 0.09709801 
650 591 46 56 0.092551775 
538 1030 45 51 0.07596119 
444 39 46 54 0.069652535 
945 527 17 22 0.049868457 
670 681 32 48 0.04387047 
600 115 47 64 0.042992618 
666 703 52 63 0.042094707 
854 -4 90 86 0.040614516 
728 1021 41 55 0.032316227 
969 593 15 18 0.031284325 
186 145 59 82 0.03048992 
868 1016 52 72 0.030338317 
722 0 57 34 0.02993447 
591 1041 31 38 0.029778976 
689 714 44 56 0.029300185 
621 121 69 82 0.028701955 
445 624 48 62 0.026700841 
672 601 39 54 0.026279878 
214 1134 36 46 0.025897674 
236 805 54 71 0.025745068 
196 453 30 38 0.025695987 
616 650 78 97 0.025008943 
887 618 15 22 0.024909057 
205 1052 11 15 0.024033194 
925 604 15 19 0.022900926 
965 595 21 29 0.021539178 
694 680 29 38 0.021126509 
899 609 24 31 0.020950802 
304 573 31 38 0.02016501 
