2_Demonstration_Political_Rally_2_891
43
306 264 134 191 0.9989411 
497 28 145 195 0.99861825 
33 388 43 55 0.9659841 
234 285 32 53 0.96486104 
180 384 44 55 0.95617443 
30 253 24 47 0.95274615 
59 261 16 21 0.9327278 
71 239 14 20 0.6373512 
123 233 13 16 0.2751588 
206 1 36 37 0.25019968 
517 402 260 294 0.22451223 
117 340 15 20 0.13991326 
106 296 10 12 0.12406138 
85 340 27 40 0.094200775 
21 242 27 41 0.07379956 
247 277 45 60 0.0658405 
379 179 17 23 0.04571334 
26 242 18 23 0.042305354 
210 2 22 22 0.038388103 
117 363 14 16 0.037274033 
160 258 12 17 0.035174694 
119 225 21 26 0.034172397 
235 392 40 54 0.034044236 
123 334 13 17 0.03235188 
117 312 9 11 0.031182786 
104 339 24 30 0.029874757 
216 275 26 34 0.028837137 
8 249 38 53 0.027251791 
374 174 48 63 0.026430035 
258 211 28 42 0.025570204 
113 314 11 14 0.02529801 
203 224 22 29 0.024531934 
234 596 13 17 0.024488602 
11 476 55 70 0.023629054 
1 246 29 40 0.02336069 
258 283 56 74 0.022666711 
219 270 18 23 0.022610113 
110 359 24 28 0.022567734 
196 227 11 15 0.021634122 
110 344 14 19 0.021345306 
268 234 13 19 0.020908985 
201 386 44 59 0.020476945 
173 232 13 17 0.02025127 
