2_Demonstration_Demonstrators_2_546
89
943 166 28 37 0.989921 
801 201 24 32 0.97767794 
477 172 15 21 0.48306978 
433 180 17 27 0.32956973 
888 154 13 17 0.3170841 
198 199 12 14 0.2857311 
228 156 14 18 0.26762268 
327 203 22 33 0.26525003 
148 189 13 17 0.2135713 
943 152 43 65 0.20517229 
527 160 13 15 0.17253092 
987 157 15 22 0.16695595 
844 177 12 15 0.11781689 
694 126 11 15 0.11320105 
605 151 21 33 0.11110238 
358 134 12 13 0.11066851 
113 272 31 34 0.098627344 
819 158 16 24 0.09038457 
676 131 13 19 0.07724443 
142 179 10 13 0.074718334 
814 162 13 18 0.06611624 
302 227 12 14 0.059913106 
676 127 10 13 0.053488072 
392 207 11 13 0.049487405 
157 174 11 13 0.047328245 
156 178 13 17 0.046957206 
808 165 11 14 0.046122707 
149 181 12 16 0.045817148 
686 130 13 20 0.044623654 
165 205 9 12 0.043618053 
173 213 13 16 0.042742018 
146 336 46 83 0.041204493 
776 166 9 11 0.04009347 
182 190 10 13 0.03878565 
284 303 27 36 0.037277076 
382 190 11 14 0.03597864 
155 185 13 18 0.035531547 
165 199 9 12 0.035252754 
698 164 26 30 0.034313116 
330 198 15 17 0.032952137 
850 208 17 22 0.031850204 
284 256 14 18 0.0318446 
227 197 9 12 0.031589683 
477 299 12 16 0.030973697 
899 250 34 41 0.030708846 
910 251 14 17 0.030369772 
356 128 12 15 0.030311583 
243 122 29 38 0.030129213 
196 193 20 24 0.03003295 
504 379 8 12 0.029830685 
327 133 10 13 0.029787382 
677 131 21 27 0.028629353 
422 132 10 13 0.028268917 
297 225 22 27 0.02700122 
812 264 15 17 0.02668184 
272 302 24 35 0.026486048 
417 162 10 14 0.026206017 
444 150 11 14 0.02591812 
129 203 12 18 0.025716344 
880 142 10 13 0.025294866 
948 148 11 15 0.025110872 
211 195 13 17 0.025060933 
879 147 10 16 0.02399549 
415 140 10 14 0.02386685 
751 147 22 30 0.023637341 
325 225 11 16 0.023568736 
542 211 12 18 0.023267249 
784 151 9 10 0.022932954 
354 126 9 11 0.022829534 
573 114 10 13 0.022770867 
879 155 12 16 0.022513887 
707 158 25 31 0.022501849 
194 203 10 13 0.022168214 
755 145 15 19 0.022166867 
824 169 14 20 0.022016367 
168 211 12 16 0.021934992 
440 154 13 15 0.021912282 
773 171 13 18 0.021525832 
735 151 25 29 0.02118297 
776 159 10 13 0.020975733 
428 338 11 13 0.02094666 
775 147 9 12 0.020935114 
905 238 26 34 0.020933812 
280 226 30 33 0.020719392 
151 203 9 13 0.02064164 
974 351 33 51 0.020588115 
744 141 24 27 0.020347219 
772 534 33 32 0.020319046 
164 189 11 14 0.020236256 
