2_Demonstration_Demonstration_Or_Protest_2_915
51
418 314 249 313 0.9988201 
200 271 19 24 0.9231495 
298 283 23 28 0.91997075 
263 266 14 17 0.74568415 
722 241 13 16 0.45523748 
798 231 11 14 0.25983164 
741 215 12 14 0.189467 
768 219 14 17 0.109998524 
916 202 16 20 0.08482359 
330 259 14 16 0.0743217 
-1 180 27 57 0.07352368 
362 235 12 15 0.05826456 
749 211 12 13 0.053614292 
731 237 12 17 0.05279487 
965 196 11 14 0.04494351 
54 339 23 26 0.03935231 
173 255 20 26 0.03902385 
324 257 22 27 0.03514659 
196 363 17 23 0.032056883 
227 270 13 18 0.032025427 
389 254 12 15 0.03176823 
56 331 19 20 0.031354055 
839 219 14 17 0.029664429 
327 267 22 31 0.029343696 
185 347 16 20 0.027743833 
185 262 18 22 0.026027458 
86 214 17 21 0.025737766 
237 252 21 27 0.025168633 
278 317 14 17 0.025056336 
21 325 23 28 0.024677994 
0 51 19 22 0.024643626 
177 338 19 21 0.024212359 
361 259 10 13 0.024129467 
27 370 29 29 0.024028063 
78 180 14 17 0.023902878 
394 248 15 18 0.023865713 
797 237 14 18 0.023581244 
300 278 15 20 0.023340648 
742 207 14 16 0.023090232 
68 179 14 19 0.023083996 
738 218 13 17 0.022728099 
257 265 13 19 0.022257097 
272 223 10 12 0.0218337 
755 208 11 13 0.021590691 
366 258 10 13 0.02125007 
843 251 24 27 0.020941244 
669 219 13 16 0.020732835 
194 257 15 20 0.020660408 
347 369 22 32 0.020239664 
677 229 12 15 0.020231878 
331 247 26 32 0.02009332 
