2_Demonstration_Protesters_2_476
39
410 377 46 58 0.994134 
107 377 54 66 0.99352807 
186 412 28 36 0.9882536 
275 384 41 54 0.982566 
768 358 24 29 0.9815576 
685 383 22 31 0.9719089 
199 357 29 39 0.9693401 
920 375 22 26 0.91948754 
15 340 29 43 0.8948598 
101 317 36 39 0.8035846 
100 310 56 65 0.29372337 
611 374 17 21 0.18376713 
619 409 26 43 0.1636774 
330 376 27 33 0.09806608 
114 293 54 56 0.091251455 
438 377 36 45 0.072435535 
584 403 23 34 0.06621098 
258 367 27 34 0.063632436 
97 345 59 72 0.04982283 
620 408 16 23 0.046904597 
787 474 19 22 0.04599982 
204 339 10 13 0.044374842 
265 363 16 18 0.043403443 
364 401 41 50 0.03974819 
174 370 14 20 0.037925366 
320 388 35 45 0.03714618 
612 365 13 18 0.032865953 
256 354 25 32 0.029346427 
345 398 37 49 0.027322926 
880 373 15 18 0.026873872 
188 361 26 35 0.025932802 
172 393 31 42 0.0247581 
661 366 11 15 0.024595756 
620 398 15 21 0.024451794 
222 345 12 15 0.024162978 
629 397 13 18 0.023556583 
140 390 45 60 0.023268536 
753 371 15 19 0.021425659 
613 358 23 30 0.0202133 
