2_Demonstration_Political_Rally_2_329
204
137 341 63 75 0.9994473 
307 311 68 83 0.9986526 
746 393 91 122 0.9979322 
932 282 62 80 0.9976422 
122 228 52 66 0.9974481 
865 333 66 80 0.99734527 
878 161 30 37 0.9971835 
925 211 32 40 0.99635977 
479 310 85 109 0.9947876 
196 193 38 45 0.9942579 
465 240 37 43 0.99424475 
129 176 30 35 0.99351007 
770 177 25 30 0.9930952 
268 198 41 48 0.9918835 
648 233 38 48 0.9908625 
849 224 27 35 0.9875307 
664 190 27 30 0.98336375 
615 210 27 34 0.9818179 
800 205 41 50 0.9807278 
832 182 28 34 0.97813445 
691 326 44 50 0.9776185 
0 189 34 49 0.95889705 
965 146 13 17 0.91977113 
479 135 15 20 0.91517794 
781 116 11 14 0.89652586 
499 143 19 22 0.8900458 
973 226 24 34 0.8792454 
60 169 17 22 0.877856 
767 129 11 15 0.8426233 
302 185 23 29 0.80560887 
28 147 14 18 0.8048723 
327 177 30 35 0.80098706 
566 145 15 19 0.77897817 
58 202 25 44 0.7701134 
957 193 20 25 0.7215778 
902 144 13 16 0.6972119 
947 142 14 17 0.6441769 
69 132 10 14 0.5560067 
863 138 12 14 0.4633284 
51 133 12 16 0.45510703 
845 129 13 16 0.3969441 
6 118 10 15 0.36741638 
969 237 38 51 0.29009742 
612 157 12 14 0.24692039 
133 107 12 15 0.22809175 
804 134 9 12 0.21927457 
539 148 20 25 0.21652661 
936 134 9 12 0.20672266 
605 125 8 11 0.18868664 
86 146 21 27 0.17976916 
999 171 15 20 0.16902098 
742 132 10 14 0.16423944 
783 140 10 12 0.14239389 
514 117 8 12 0.12864256 
418 195 26 34 0.12323079 
921 255 15 18 0.121311106 
112 155 11 14 0.11815512 
70 152 14 19 0.111954525 
892 78 13 17 0.097325094 
557 126 10 13 0.096395634 
976 133 8 10 0.09558937 
988 126 10 13 0.0934628 
782 284 39 46 0.091477014 
982 221 21 28 0.086801134 
551 235 11 15 0.086098805 
636 354 17 23 0.08589678 
952 257 50 64 0.07770069 
324 185 16 21 0.07752084 
543 127 8 10 0.0743924 
524 167 10 12 0.0742062 
575 123 7 11 0.07202203 
466 148 12 15 0.07117826 
590 127 7 10 0.070678115 
534 125 10 11 0.06144117 
893 108 16 21 0.061256967 
859 136 20 24 0.059139792 
911 78 11 14 0.058426317 
363 182 13 15 0.057783656 
1005 242 21 39 0.0558106 
287 188 29 39 0.05571366 
497 124 10 14 0.055424005 
816 125 10 12 0.054509796 
399 223 45 64 0.051719744 
606 120 11 12 0.05171705 
1012 149 10 15 0.05169558 
790 136 8 11 0.05152891 
574 239 12 14 0.050374158 
464 135 8 10 0.04989302 
934 163 14 17 0.0495657 
530 125 9 12 0.049100146 
733 143 23 32 0.047665987 
505 20 11 14 0.047334984 
585 117 8 10 0.04634895 
2 79 8 14 0.04585331 
74 146 21 28 0.0449348 
113 157 16 24 0.044734113 
560 118 8 9 0.042797115 
552 126 9 11 0.042552646 
29 110 8 11 0.04216838 
41 110 10 13 0.042029556 
61 207 40 52 0.041457232 
998 140 10 12 0.04008379 
109 129 13 16 0.03872465 
173 229 28 37 0.03820093 
904 122 11 14 0.03789378 
561 113 7 9 0.03770039 
998 175 23 31 0.0364454 
919 527 15 18 0.036155265 
313 187 16 22 0.03573199 
915 196 29 36 0.035496924 
992 222 17 23 0.035310198 
66 163 16 22 0.035262667 
540 249 12 15 0.035087697 
992 236 28 39 0.033576127 
920 148 11 13 0.03340221 
869 163 24 31 0.033142306 
514 211 12 15 0.032924693 
746 124 12 15 0.032709353 
829 54 12 16 0.032661665 
534 119 8 11 0.032640904 
894 141 15 17 0.032275867 
130 102 11 13 0.03170816 
486 120 8 10 0.031581428 
97 148 14 18 0.031354617 
93 117 11 13 0.030398702 
801 149 11 13 0.029789602 
568 119 8 11 0.029636133 
487 163 12 13 0.029597715 
1003 585 15 18 0.029392058 
73 132 13 15 0.029034352 
87 117 11 13 0.028665885 
494 150 19 23 0.028547212 
781 145 12 15 0.028178522 
854 137 14 17 0.027921915 
899 114 14 19 0.0276109 
345 184 15 19 0.02741583 
3 423 25 34 0.026989559 
982 130 11 13 0.026927419 
946 177 19 23 0.026194336 
30 118 8 10 0.026109857 
969 132 10 13 0.026070878 
500 118 11 14 0.026010325 
662 193 17 21 0.025760727 
611 103 11 13 0.025683561 
81 111 8 10 0.0256514 
776 139 10 14 0.025467005 
949 186 21 26 0.025431586 
939 204 27 34 0.025202353 
967 127 9 11 0.025182271 
816 168 12 18 0.025181182 
425 186 18 21 0.025056524 
1 112 19 28 0.024770508 
64 149 12 15 0.024751484 
985 226 27 35 0.024516184 
801 140 10 13 0.024396094 
771 126 12 14 0.024311695 
413 242 44 57 0.024264162 
408 191 43 58 0.02419244 
98 151 24 30 0.024137158 
570 124 8 10 0.024125567 
65 128 10 13 0.024106355 
36 207 29 36 0.024080226 
560 395 23 27 0.02390929 
611 117 13 15 0.02384084 
541 160 13 16 0.023823494 
152 507 29 34 0.02381524 
482 120 7 10 0.02361842 
551 110 8 11 0.02361356 
412 179 30 37 0.023456356 
587 462 71 111 0.023450185 
747 155 12 16 0.023422793 
990 251 27 40 0.023417491 
806 129 9 12 0.023303969 
87 123 10 13 0.0231705 
87 109 9 12 0.022993142 
828 91 12 16 0.02285514 
731 276 13 18 0.022844622 
601 121 9 11 0.022824816 
801 130 9 11 0.022462832 
609 109 10 12 0.022091538 
970 142 12 15 0.021911612 
795 172 24 32 0.021570092 
48 129 10 13 0.021443004 
861 166 17 25 0.021285752 
939 169 15 20 0.02126166 
734 161 12 17 0.021241315 
568 486 36 49 0.020888146 
681 195 16 19 0.02082976 
652 203 14 20 0.020788793 
63 129 17 21 0.020785322 
536 207 10 12 0.020757562 
912 188 25 31 0.020752572 
30 124 8 11 0.020634623 
605 130 10 14 0.020596594 
81 138 38 46 0.020450102 
989 130 12 14 0.020448372 
485 160 22 25 0.020277373 
31 104 9 11 0.020273989 
55 156 11 14 0.020173326 
22 143 15 18 0.020161023 
724 223 33 46 0.020143889 
118 161 26 34 0.02014003 
537 212 9 13 0.020077692 
80 117 10 14 0.020070137 
