2_Demonstration_Demonstration_Or_Protest_2_173
188
273 277 34 45 0.99814856 
846 291 52 67 0.9979632 
672 276 47 67 0.9971955 
353 229 26 35 0.99388087 
775 188 30 44 0.9937423 
170 313 42 56 0.99153143 
458 229 33 44 0.9911828 
652 207 36 46 0.99112105 
869 211 41 52 0.98555887 
109 247 38 54 0.9842726 
506 216 38 54 0.9819375 
582 234 41 55 0.9795735 
51 354 45 54 0.9755789 
364 296 36 53 0.9722367 
255 251 30 42 0.97180665 
174 224 21 28 0.9633787 
741 160 21 28 0.9464848 
0 303 24 50 0.9448094 
205 238 22 27 0.9278013 
830 165 19 27 0.9023396 
673 155 17 24 0.8929313 
319 207 17 23 0.8552025 
639 166 19 27 0.82699156 
439 193 14 20 0.82209444 
360 192 16 20 0.8045486 
5 216 11 15 0.8007583 
548 169 12 16 0.7489868 
16 240 16 19 0.7466918 
223 208 14 17 0.60953313 
576 187 16 22 0.60865587 
135 210 13 16 0.55062705 
517 155 10 13 0.47249177 
514 192 24 30 0.3588737 
327 184 10 12 0.33138156 
287 195 15 19 0.31337705 
253 222 14 17 0.2841053 
470 192 15 20 0.2589361 
100 218 16 20 0.21203735 
382 200 15 18 0.21171136 
158 193 8 10 0.17148982 
6 139 11 14 0.16813573 
493 163 12 16 0.16190936 
401 181 10 15 0.15632814 
452 209 20 26 0.15372196 
388 196 13 17 0.15362652 
333 182 10 12 0.13749687 
263 267 33 43 0.13025902 
175 191 7 9 0.116673954 
456 203 21 24 0.113074355 
436 248 22 33 0.10857492 
4 244 12 15 0.10301984 
374 175 11 13 0.102032796 
883 147 11 14 0.10191206 
185 276 26 30 0.10100342 
214 199 9 12 0.09830611 
95 218 13 18 0.09538423 
165 218 13 17 0.09405199 
117 203 9 11 0.09184196 
882 144 9 12 0.09026883 
889 176 25 28 0.088589326 
464 189 13 17 0.08732169 
442 175 8 10 0.083984576 
517 188 18 20 0.0685977 
480 167 9 13 0.0658601 
636 260 17 21 0.064551294 
189 189 10 13 0.06120635 
911 132 13 16 0.060023285 
851 212 27 39 0.059172172 
511 161 16 20 0.058056843 
39 217 8 10 0.057155445 
37 197 11 13 0.05616158 
291 197 22 26 0.055646997 
429 170 9 12 0.05489083 
4 250 14 20 0.05178468 
568 166 9 12 0.05138989 
239 207 11 14 0.04808939 
868 158 11 17 0.047846846 
53 263 16 21 0.047834486 
943 192 28 32 0.047326762 
103 170 7 9 0.04269482 
719 150 13 16 0.04235878 
322 183 11 12 0.041735437 
492 159 21 27 0.041420974 
751 208 21 33 0.041387677 
654 276 43 63 0.041039485 
11 247 14 18 0.04089863 
692 178 21 27 0.040436234 
909 139 13 18 0.03908141 
168 207 9 10 0.038842294 
916 107 12 14 0.038667973 
995 176 12 17 0.03788 
127 197 9 12 0.037520166 
840 201 29 44 0.037432034 
174 195 10 13 0.036373697 
373 186 13 16 0.035399623 
394 195 11 16 0.034906376 
46 200 9 11 0.03489119 
818 5 12 13 0.034066923 
119 215 10 12 0.03397161 
118 139 10 13 0.03346166 
116 133 10 14 0.03320064 
134 107 12 15 0.03298166 
31 216 9 11 0.032859966 
965 119 14 18 0.032148544 
47 213 8 13 0.03196143 
249 226 13 17 0.031896666 
150 110 12 14 0.031342085 
648 283 32 44 0.030836383 
283 217 16 19 0.030500406 
335 177 10 13 0.03026541 
425 171 10 13 0.03023152 
417 318 28 34 0.029579196 
647 106 25 30 0.029465372 
234 226 15 21 0.029405707 
23 215 10 12 0.02920916 
256 101 11 14 0.029091394 
438 150 7 11 0.028975772 
663 148 11 15 0.028908085 
451 215 27 36 0.028218236 
127 191 9 12 0.028159067 
565 169 13 16 0.027976984 
417 196 11 15 0.027223088 
263 181 8 10 0.027025016 
439 179 11 14 0.027015379 
484 185 14 20 0.026864816 
237 221 12 16 0.026405564 
406 175 12 15 0.02638562 
341 179 10 14 0.026248356 
485 167 15 19 0.026162665 
632 166 37 46 0.026068125 
169 197 9 13 0.025866767 
422 181 10 13 0.025839804 
208 202 10 13 0.025837285 
596 427 17 23 0.02576616 
118 146 10 13 0.025604825 
171 191 7 10 0.025467172 
129 213 10 14 0.02539428 
306 197 14 18 0.025173696 
368 191 18 24 0.02496366 
555 164 13 16 0.02478109 
559 157 10 13 0.024724018 
90 220 11 15 0.024715533 
112 128 9 11 0.024420053 
827 157 15 17 0.02436911 
170 563 14 17 0.0242814 
47 204 10 13 0.024042193 
222 200 11 14 0.024023326 
175 204 10 12 0.023728333 
72 190 9 12 0.02368065 
629 276 39 51 0.023573805 
1 238 10 18 0.023459764 
373 495 236 247 0.023248063 
154 195 10 12 0.022999827 
451 139 14 18 0.022823136 
710 141 9 12 0.022738531 
102 198 8 10 0.022469735 
89 210 23 29 0.022392327 
349 174 11 14 0.022359263 
258 251 20 24 0.022194093 
404 184 12 16 0.022125347 
181 195 11 13 0.022103813 
916 128 14 17 0.022098735 
598 148 26 36 0.022096653 
420 191 12 15 0.022045707 
66 205 8 10 0.021931687 
1011 171 11 17 0.021870831 
290 208 16 20 0.021846168 
250 224 22 27 0.021768177 
228 230 16 25 0.021730034 
228 200 11 14 0.02164547 
371 173 9 12 0.021483993 
69 219 9 12 0.02142373 
444 180 11 14 0.021408012 
688 140 10 12 0.02134974 
374 203 23 27 0.021252012 
489 159 11 14 0.021225052 
175 186 8 10 0.021146856 
822 154 36 44 0.020948907 
675 144 14 17 0.02094318 
467 253 17 21 0.020941822 
412 179 12 16 0.020777037 
217 236 16 23 0.020711545 
970 300 29 37 0.020679265 
380 180 10 14 0.020582465 
112 150 9 12 0.020572245 
237 182 8 10 0.020410337 
414 191 12 14 0.020134762 
464 183 12 15 0.020116106 
