2_Demonstration_Political_Rally_2_545
35
193 86 51 63 0.9987295 
330 75 64 78 0.9984475 
590 144 27 35 0.9974681 
452 101 60 81 0.9972128 
718 140 41 55 0.9965969 
675 189 48 58 0.9964766 
930 82 55 66 0.9909956 
535 155 41 52 0.98962045 
107 71 75 98 0.98845184 
290 137 31 37 0.977425 
915 140 69 110 0.9365372 
658 147 39 47 0.58801556 
922 103 66 96 0.29998246 
570 162 23 32 0.1463522 
282 307 40 49 0.121025756 
781 116 54 82 0.09783861 
28 591 10 13 0.09124863 
600 139 34 44 0.060612895 
578 153 25 31 0.051495843 
325 135 14 18 0.04266234 
783 143 31 54 0.03359457 
652 148 27 35 0.030054307 
556 156 30 38 0.029459566 
755 149 26 36 0.029026601 
817 116 48 63 0.02727601 
145 83 57 76 0.025148874 
616 145 25 35 0.025137888 
60 415 15 18 0.023568096 
636 149 23 30 0.022964321 
835 126 35 40 0.022329958 
75 637 15 18 0.021311937 
2 195 16 22 0.021171004 
597 91 15 19 0.02110812 
645 225 26 36 0.020614384 
495 605 11 15 0.02015734 
