2_Demonstration_Demonstration_Or_Protest_2_450
79
190 268 49 72 0.96780014 
578 263 36 65 0.8861657 
291 351 20 26 0.69490457 
907 324 13 20 0.5916987 
717 328 33 44 0.5518874 
854 357 11 15 0.25308684 
814 358 9 12 0.23176461 
860 358 12 16 0.20611405 
430 324 35 44 0.15744746 
871 348 12 15 0.13971795 
728 321 23 34 0.121293016 
463 527 10 13 0.111513525 
957 339 12 14 0.10016363 
46 381 12 17 0.086566135 
599 430 142 151 0.084944524 
447 359 43 53 0.06976856 
762 326 20 27 0.05857049 
731 333 40 46 0.05432673 
0 393 11 22 0.050219093 
739 324 27 32 0.04763906 
982 343 10 12 0.04727626 
167 451 160 216 0.04387968 
437 335 44 59 0.043682903 
868 354 13 15 0.04254126 
838 365 10 13 0.041711703 
1012 358 10 14 0.041386858 
414 316 29 35 0.040694218 
398 309 20 33 0.040370047 
838 371 11 13 0.038195986 
506 333 15 18 0.035968058 
81 479 155 219 0.035674892 
756 330 18 22 0.035050265 
903 318 12 21 0.034624357 
500 336 16 19 0.033572383 
715 311 13 22 0.033164933 
895 342 12 16 0.03289169 
319 371 17 21 0.03281854 
32 382 8 10 0.03226524 
429 315 28 33 0.03212648 
953 332 12 16 0.031899706 
713 314 24 34 0.03188811 
559 252 45 70 0.03063005 
402 580 411 460 0.030360488 
40 382 11 12 0.030140901 
858 356 21 23 0.029097237 
864 345 21 25 0.026319807 
23 380 9 11 0.026073832 
477 332 11 13 0.025659403 
808 363 11 14 0.025301743 
833 358 10 13 0.02526844 
14 421 12 16 0.02427683 
237 471 108 155 0.0239043 
997 427 26 44 0.023829732 
861 349 14 17 0.023786938 
477 470 192 260 0.023572076 
446 607 10 12 0.023092534 
911 326 18 21 0.023004318 
813 369 13 18 0.022904644 
369 310 30 37 0.022832459 
978 342 9 13 0.022520341 
957 325 12 15 0.022411782 
497 499 10 13 0.022189803 
576 340 25 29 0.022114888 
467 532 10 13 0.02198291 
711 335 60 74 0.0219227 
425 634 32 48 0.021740109 
39 378 23 26 0.021717671 
518 358 13 17 0.021651518 
879 373 12 14 0.021561917 
513 505 9 12 0.021142418 
525 362 13 18 0.020965897 
427 345 18 22 0.020841816 
463 561 35 46 0.020728823 
488 547 10 14 0.020378763 
732 316 17 23 0.020292249 
382 310 35 45 0.020285787 
808 380 14 19 0.020246698 
623 426 205 263 0.020149047 
940 332 13 17 0.0200626 
