2_Demonstration_Demonstration_Or_Protest_2_140
395
953 639 26 29 0.9961463 
844 629 24 31 0.9898151 
331 518 15 20 0.98646563 
742 548 15 19 0.9864514 
414 562 16 20 0.9742187 
765 624 15 20 0.9694847 
494 475 13 17 0.9661481 
803 644 16 20 0.9659069 
137 585 18 22 0.9636736 
331 606 20 23 0.94956756 
204 540 14 19 0.94810903 
956 589 17 22 0.9464025 
637 485 15 20 0.9440866 
785 560 17 21 0.941596 
637 383 13 17 0.9398098 
532 491 14 18 0.9206668 
769 541 17 21 0.9187342 
382 475 13 16 0.916695 
181 616 15 18 0.91047305 
601 380 11 14 0.9087247 
248 561 15 21 0.90618414 
157 545 14 18 0.90503436 
763 595 15 19 0.90491724 
523 527 14 17 0.9047222 
430 620 17 20 0.9017606 
806 568 15 20 0.8973743 
230 463 16 21 0.88967675 
757 577 14 19 0.8852475 
452 487 11 15 0.8732131 
617 526 16 21 0.8718144 
681 475 14 17 0.8531044 
454 396 12 15 0.8525854 
414 478 14 18 0.8358253 
560 354 11 13 0.8239314 
724 473 14 17 0.81432027 
305 557 16 20 0.8084335 
560 502 12 16 0.7998294 
780 522 12 16 0.78406286 
834 542 14 19 0.7807702 
300 517 14 19 0.77726555 
549 476 12 15 0.74843824 
591 458 13 16 0.7453012 
245 607 16 20 0.7447415 
565 467 12 15 0.7410908 
547 526 14 17 0.7372802 
713 574 11 15 0.7359089 
376 632 17 20 0.73376703 
375 510 14 19 0.73029095 
302 607 14 18 0.72926766 
280 524 14 18 0.72789514 
915 603 15 17 0.7237547 
702 462 13 16 0.71749467 
547 396 10 14 0.71196425 
740 393 12 16 0.6511207 
686 414 13 16 0.64946944 
721 627 17 21 0.63221 
611 434 13 16 0.63176346 
720 311 11 14 0.6295704 
571 536 15 18 0.59901696 
523 575 17 21 0.578693 
898 636 36 35 0.5336925 
930 644 17 21 0.4971392 
750 286 10 13 0.49012333 
220 620 17 20 0.4797262 
686 505 13 16 0.47491238 
575 329 13 15 0.45018253 
512 502 13 19 0.449754 
452 643 17 20 0.4184209 
823 274 11 13 0.40876237 
854 264 9 12 0.4010817 
710 389 10 13 0.39437065 
553 421 9 11 0.3941446 
671 542 14 18 0.39210716 
364 604 15 17 0.3886679 
860 602 15 16 0.3800628 
412 653 22 21 0.36946985 
528 620 21 26 0.35997143 
653 556 15 20 0.3592622 
645 461 12 15 0.35149714 
673 367 11 14 0.33322996 
380 574 12 14 0.2953076 
604 312 11 13 0.2839908 
721 256 8 10 0.2731834 
625 378 9 12 0.25727832 
183 651 21 20 0.24671783 
908 581 15 18 0.24353871 
356 619 11 15 0.2251177 
558 384 10 13 0.2095198 
569 431 10 13 0.20829402 
654 597 12 16 0.20578338 
584 315 8 11 0.19367306 
160 594 15 17 0.19149673 
490 531 13 18 0.18936755 
803 300 10 15 0.18052377 
389 615 15 20 0.17165478 
652 531 12 14 0.17064874 
449 612 10 14 0.15724428 
858 291 10 12 0.15024374 
896 278 12 15 0.14757271 
631 473 12 15 0.14449176 
933 278 11 13 0.13547064 
861 323 12 15 0.1326482 
628 627 15 17 0.13227521 
605 650 26 24 0.13114484 
969 215 10 12 0.126975 
693 270 9 13 0.12262321 
533 299 9 13 0.11296368 
773 187 9 12 0.11193627 
688 528 17 19 0.10870971 
214 595 10 13 0.10850663 
744 241 7 10 0.10475278 
724 253 9 11 0.1030248 
888 227 9 11 0.10060792 
597 244 8 10 0.09505595 
745 599 11 13 0.09038029 
702 214 7 10 0.08547524 
787 315 11 14 0.08479294 
541 255 10 12 0.08172015 
424 503 16 21 0.08169019 
700 590 12 15 0.08129397 
745 650 18 21 0.08059006 
583 230 8 10 0.07855944 
694 549 12 14 0.07839432 
983 263 10 13 0.0777009 
760 257 7 10 0.074957035 
686 383 9 11 0.07391004 
690 294 10 12 0.07316038 
598 279 7 9 0.07290988 
695 358 10 13 0.07086707 
363 547 15 18 0.07016537 
200 585 12 17 0.06856952 
693 450 10 14 0.06801519 
655 203 11 14 0.06592089 
466 388 15 17 0.06478288 
918 637 26 31 0.062121265 
231 488 14 17 0.0589344 
976 248 7 8 0.05851891 
782 240 8 11 0.057800516 
963 231 8 11 0.055799108 
630 380 12 15 0.055436738 
589 523 12 14 0.054604817 
988 643 16 18 0.053825118 
655 333 11 12 0.052683413 
768 261 7 10 0.052596137 
670 392 8 11 0.051258747 
684 347 11 13 0.04994066 
519 277 11 13 0.04837198 
491 629 15 18 0.047941275 
717 239 8 12 0.047659494 
688 196 8 10 0.04740704 
883 603 13 17 0.046791486 
730 233 6 8 0.046462532 
214 573 12 15 0.046374302 
555 415 12 15 0.045699835 
659 544 19 24 0.04550391 
784 262 9 12 0.045315925 
671 317 10 14 0.045189925 
104 614 24 25 0.044156834 
358 607 19 24 0.044021875 
745 300 7 11 0.043997128 
955 545 34 38 0.04381914 
656 600 15 19 0.04359911 
593 326 10 13 0.04316069 
549 390 12 16 0.041595794 
596 284 10 13 0.04132314 
584 460 12 15 0.040717773 
631 462 11 13 0.04070018 
512 387 11 14 0.04062108 
585 517 11 14 0.040213425 
870 189 11 13 0.040188074 
687 357 11 13 0.03973172 
680 394 12 16 0.03969095 
999 215 10 14 0.039123263 
714 388 12 15 0.038775858 
470 494 9 13 0.038669825 
889 270 8 12 0.038624033 
876 579 13 15 0.0382395 
762 574 12 16 0.038068816 
817 296 9 11 0.03793904 
653 273 11 15 0.03757434 
321 582 10 13 0.037568502 
902 602 10 14 0.037355375 
485 634 14 17 0.036990054 
718 244 10 13 0.03678136 
629 212 7 10 0.036393937 
510 579 11 16 0.036248147 
736 270 8 10 0.036133602 
606 415 20 27 0.03572794 
589 387 9 13 0.035597928 
678 302 11 13 0.03559229 
757 206 7 10 0.035169918 
387 572 12 15 0.035080064 
680 389 11 13 0.034770872 
600 314 11 14 0.03475359 
352 567 10 14 0.034400005 
895 580 10 13 0.034377277 
266 427 14 18 0.034331515 
911 541 11 12 0.03397328 
598 546 14 17 0.03387593 
912 178 10 13 0.033710334 
382 611 16 19 0.03355867 
839 222 7 9 0.03324735 
258 561 14 20 0.03266027 
839 300 8 10 0.03261883 
800 286 9 12 0.032311045 
587 315 11 15 0.0320682 
113 608 18 25 0.03184458 
935 292 12 15 0.031799212 
435 590 11 15 0.031472124 
746 295 8 11 0.03141133 
409 481 13 18 0.031386312 
135 612 12 17 0.031350743 
846 140 10 13 0.031144848 
280 540 12 17 0.031097632 
833 223 7 10 0.031046659 
769 237 7 9 0.030976705 
636 280 10 11 0.030685771 
582 236 10 14 0.030327583 
765 256 9 11 0.030252006 
911 643 20 23 0.030112814 
325 586 10 13 0.03011186 
874 286 8 11 0.029992806 
817 318 9 11 0.029982185 
627 375 9 12 0.029936465 
305 582 10 12 0.029701775 
784 286 7 9 0.029654397 
800 295 11 13 0.029461833 
818 270 11 13 0.029258847 
756 532 12 15 0.029207902 
697 238 9 12 0.02915488 
911 598 15 17 0.028913908 
224 581 8 11 0.028780619 
524 258 11 14 0.028284268 
798 237 9 12 0.028142422 
570 405 8 11 0.028127702 
606 412 14 17 0.028070698 
902 627 25 31 0.027903995 
577 454 8 10 0.027882366 
777 240 8 10 0.02776349 
750 182 8 10 0.027707517 
563 246 8 10 0.027640337 
767 217 7 8 0.027415719 
583 358 10 13 0.027219534 
638 524 10 13 0.027160663 
479 208 17 20 0.026922572 
742 199 8 9 0.026919536 
586 384 8 11 0.026779508 
920 605 16 20 0.026763955 
525 639 27 27 0.02664442 
760 173 7 10 0.026640663 
792 238 9 11 0.026457952 
627 613 13 15 0.026424931 
589 310 11 13 0.02640927 
681 413 12 16 0.026208097 
905 619 17 20 0.026153956 
968 262 8 11 0.026070723 
687 277 9 11 0.025971297 
208 593 10 15 0.025959412 
124 608 16 23 0.025898093 
778 245 7 10 0.025764251 
725 382 11 14 0.025727801 
369 608 15 18 0.025693085 
724 389 11 14 0.025579693 
913 213 10 13 0.025567872 
766 657 11 12 0.025476178 
824 238 8 11 0.025429128 
133 572 13 15 0.025419274 
687 310 8 11 0.025337635 
471 590 8 12 0.025216551 
647 206 10 13 0.02518012 
353 613 18 25 0.025137777 
714 244 9 11 0.025119515 
842 238 8 10 0.025108665 
680 145 8 9 0.025081385 
806 610 12 15 0.025069933 
470 401 12 16 0.025043536 
887 276 12 16 0.024955507 
910 607 16 19 0.024915 
481 493 10 13 0.02487637 
594 332 9 12 0.024813317 
712 410 10 14 0.02475293 
841 141 9 13 0.024644714 
510 551 10 13 0.024568724 
384 635 15 18 0.024556497 
782 213 9 11 0.024240023 
510 556 12 15 0.024238165 
691 535 16 21 0.024172526 
917 179 10 12 0.024170479 
582 454 11 13 0.024077833 
387 624 15 20 0.024049535 
303 530 11 15 0.024027541 
816 204 8 10 0.024024907 
646 536 14 18 0.024013137 
738 238 8 11 0.023931514 
941 228 9 11 0.023929847 
824 244 10 13 0.023855012 
492 430 12 14 0.023661755 
769 294 8 10 0.023655627 
929 243 10 13 0.023646329 
743 174 10 12 0.023587652 
742 642 18 21 0.02354101 
853 141 9 11 0.02350211 
624 621 13 16 0.02347179 
365 497 16 19 0.023442375 
702 483 11 14 0.02339688 
735 231 8 10 0.023389822 
510 356 20 26 0.023304436 
687 376 10 12 0.023211863 
325 643 14 17 0.023129804 
262 555 13 19 0.023129158 
599 274 8 9 0.023092685 
733 653 28 26 0.023019401 
268 658 13 15 0.022923138 
654 517 11 12 0.022828078 
373 518 15 19 0.022762867 
715 256 8 10 0.022734093 
415 540 12 15 0.022711959 
995 639 16 18 0.022583054 
582 445 10 12 0.022566913 
731 574 12 15 0.02256072 
831 284 9 12 0.022519039 
959 214 7 10 0.022498017 
622 398 10 14 0.022442121 
687 256 8 10 0.022403408 
754 652 15 17 0.022321835 
693 140 8 11 0.022148876 
360 597 13 18 0.022093017 
543 400 11 14 0.022063853 
249 613 16 21 0.022032157 
477 525 12 14 0.022023944 
219 565 13 17 0.022005802 
809 319 8 9 0.02192232 
850 221 7 10 0.02185634 
536 259 10 13 0.02174668 
815 568 21 28 0.021703223 
632 284 8 10 0.021702562 
568 287 9 11 0.021682162 
679 207 8 10 0.021663517 
745 309 8 11 0.021645878 
357 565 10 14 0.021640243 
848 158 9 11 0.021631928 
847 280 8 11 0.02157571 
693 591 15 18 0.021564124 
749 613 11 14 0.021556446 
472 558 9 12 0.02140038 
704 501 10 13 0.021388132 
572 442 12 15 0.021338496 
575 508 9 12 0.021229044 
396 554 12 15 0.021228734 
641 207 8 11 0.02120916 
770 185 9 11 0.021176152 
665 250 10 12 0.021175897 
568 443 10 13 0.021165647 
926 310 10 12 0.021147527 
355 571 11 14 0.021118755 
450 607 13 15 0.021114802 
775 385 23 30 0.021092284 
588 528 14 18 0.020978956 
774 564 11 14 0.020965807 
737 212 9 11 0.020958636 
800 611 11 15 0.020945046 
295 604 14 18 0.020919085 
720 623 12 15 0.020838346 
658 637 24 26 0.02083451 
686 423 14 17 0.02081482 
529 420 10 14 0.020785091 
871 237 8 10 0.02074152 
204 621 11 14 0.020729205 
607 407 11 13 0.020687535 
661 608 12 16 0.020663401 
926 232 8 10 0.020658784 
573 284 12 14 0.020599337 
982 647 17 19 0.020584108 
830 173 8 10 0.02054777 
761 301 8 10 0.020518802 
230 594 10 14 0.020516431 
663 541 12 15 0.020498652 
435 503 14 19 0.020442639 
416 505 15 19 0.020426491 
729 631 15 20 0.020425051 
799 145 8 9 0.020402262 
530 614 15 20 0.020363377 
593 550 24 28 0.020353545 
829 246 10 12 0.020345492 
90 125 15 23 0.020343645 
517 565 12 14 0.0202958 
223 589 10 13 0.020273218 
788 551 14 17 0.020160759 
483 623 25 29 0.02013825 
512 575 23 26 0.020130886 
498 470 14 19 0.020092444 
808 159 9 11 0.020075418 
575 564 10 13 0.020049848 
723 504 14 18 0.020034745 
597 601 17 18 0.020001955 
