2_Demonstration_Demonstrators_2_306
19
188 359 13 17 0.15165316 
64 373 11 13 0.13334751 
167 333 11 14 0.10338703 
112 396 13 16 0.066202454 
48 396 11 15 0.064451754 
270 366 9 12 0.038677055 
130 400 25 32 0.036574624 
208 369 13 17 0.03336457 
181 428 15 17 0.03181879 
0 382 7 12 0.031764437 
111 416 11 14 0.03140509 
165 428 12 15 0.027878534 
711 152 41 52 0.027262272 
108 499 31 44 0.026666412 
626 475 26 36 0.024093572 
152 419 12 15 0.023074213 
109 387 22 26 0.02142458 
62 378 14 17 0.02140279 
172 436 11 14 0.020548686 
