2_Demonstration_Protesters_2_178
74
265 496 65 85 0.9974275 
741 508 65 66 0.9970783 
548 542 68 79 0.99674654 
64 543 69 90 0.996151 
632 523 54 63 0.9952952 
763 112 49 55 0.9858592 
681 27 38 42 0.973195 
909 574 70 66 0.9437215 
0 81 33 47 0.8276919 
462 74 52 59 0.8141818 
597 109 41 50 0.8004759 
367 68 33 41 0.630366 
139 59 35 37 0.40581098 
158 163 17 21 0.2812209 
306 389 39 46 0.23251465 
377 59 35 43 0.2124061 
183 31 30 39 0.17525525 
931 547 53 64 0.17166415 
861 274 38 64 0.14577311 
280 401 48 51 0.13354442 
679 607 26 32 0.12465484 
605 451 48 48 0.122216724 
105 20 15 20 0.101276435 
293 17 16 19 0.09986626 
30 -2 38 38 0.07775153 
231 625 55 53 0.06439833 
439 495 45 50 0.06354332 
307 0 17 18 0.062664844 
61 74 45 51 0.06090952 
360 62 58 73 0.051612988 
411 478 47 53 0.049209554 
471 57 45 51 0.047460698 
943 286 21 30 0.042825796 
49 65 32 48 0.04228779 
419 135 45 61 0.04221697 
625 442 39 45 0.04139939 
428 156 55 63 0.038914014 
137 62 21 23 0.0378174 
659 59 17 23 0.035426132 
399 125 46 67 0.032768145 
928 5 11 13 0.031194702 
154 62 32 36 0.029756699 
227 85 47 55 0.028526407 
525 8 17 20 0.028125413 
84 13 16 20 0.02751603 
101 13 14 18 0.02713229 
14 82 29 37 0.026976908 
647 499 45 66 0.024730897 
455 141 50 68 0.024599092 
333 0 13 11 0.02449926 
89 12 22 27 0.02440557 
683 594 12 15 0.023990206 
459 104 52 83 0.02375398 
704 460 39 52 0.023414046 
764 450 53 68 0.023124643 
549 31 11 14 0.02288951 
539 188 27 28 0.022764618 
816 257 81 93 0.02274849 
679 109 15 21 0.022740176 
78 70 49 61 0.02213962 
619 99 43 57 0.021932164 
461 480 31 58 0.021875625 
77 11 16 18 0.02174084 
383 116 89 111 0.021644829 
323 382 37 57 0.0216299 
788 113 37 45 0.020813035 
65 3 29 34 0.02076801 
135 422 43 55 0.020621713 
373 94 55 71 0.020478738 
703 305 13 15 0.020340312 
196 622 42 50 0.02006843 
794 183 32 38 0.020049786 
877 282 29 48 0.020047868 
429 98 58 79 0.020006688 
