2_Demonstration_Protesters_2_221
224
516 203 58 82 0.99870074 
711 373 45 80 0.9972908 
2 196 51 86 0.9968368 
387 53 38 47 0.99547005 
287 332 46 76 0.99520326 
736 169 54 80 0.9939464 
12 15 29 42 0.9935509 
312 12 30 40 0.99220467 
831 126 31 48 0.9907548 
574 145 51 62 0.98843503 
691 95 35 50 0.98742735 
207 119 56 70 0.9819849 
416 294 39 82 0.9801775 
925 179 36 61 0.97404927 
466 88 33 45 0.9727365 
543 74 29 40 0.9712119 
908 109 37 47 0.96500486 
233 516 79 64 0.9590201 
119 12 27 39 0.9538652 
674 54 31 42 0.9478123 
857 172 38 52 0.94766355 
404 130 37 54 0.93436265 
296 129 35 53 0.9275635 
395 207 51 76 0.9244013 
893 298 79 104 0.90189874 
238 78 34 46 0.901171 
654 93 23 33 0.89183545 
722 56 33 36 0.8676774 
715 2 28 33 0.8647871 
135 55 39 45 0.8610107 
111 94 44 56 0.84529936 
743 143 38 53 0.810687 
960 73 25 28 0.7370417 
594 1 18 18 0.7202866 
984 152 35 63 0.70491624 
138 240 44 69 0.6895947 
339 109 35 46 0.66211325 
82 175 36 63 0.645311 
0 109 23 55 0.60896796 
175 13 19 27 0.52230364 
158 136 27 34 0.47882453 
83 344 35 64 0.46888644 
447 0 34 32 0.45650408 
548 55 41 64 0.34240195 
987 1 29 25 0.32632405 
188 126 39 57 0.32187507 
715 205 28 43 0.24427857 
530 1 15 17 0.23636526 
738 56 27 35 0.21489903 
425 32 25 33 0.21432754 
79 335 27 45 0.21058254 
605 545 18 23 0.20271501 
786 342 53 66 0.19319029 
895 31 31 46 0.19086862 
440 66 29 37 0.18661511 
156 303 43 53 0.18440647 
148 275 53 59 0.17547189 
415 264 51 80 0.1378568 
429 44 29 45 0.13302606 
397 238 32 46 0.13227507 
513 89 19 21 0.12722336 
0 84 25 52 0.10484643 
40 0 31 34 0.09866638 
320 253 24 36 0.094957635 
529 428 47 61 0.09095952 
164 367 109 117 0.09072844 
369 186 45 65 0.09069898 
451 77 35 45 0.087665536 
442 9 30 36 0.08506619 
678 238 47 55 0.08384197 
231 129 43 53 0.082465686 
165 136 38 44 0.0725327 
418 44 26 40 0.07026847 
954 66 37 50 0.06458701 
522 23 15 20 0.06323278 
372 8 32 37 0.063222155 
124 73 44 53 0.058512148 
103 214 67 75 0.05823768 
2 9 15 21 0.058236927 
815 91 22 28 0.05684943 
438 21 26 33 0.056088753 
234 5 32 37 0.055346392 
109 231 79 98 0.055006515 
754 128 23 30 0.05428723 
704 0 28 30 0.053755566 
187 123 26 38 0.053054217 
555 147 36 49 0.052309282 
261 302 53 78 0.05006253 
426 68 31 40 0.04900568 
380 1 44 47 0.04642323 
860 185 53 62 0.04589744 
727 0 31 29 0.04416891 
411 255 35 49 0.04306687 
748 0 17 18 0.04283807 
457 -1 21 18 0.041942373 
840 139 48 57 0.04148627 
743 118 24 33 0.04139413 
432 27 18 24 0.04126255 
485 132 34 47 0.041069523 
609 219 40 53 0.040985797 
-3 16 20 38 0.039133918 
319 264 32 43 0.039104775 
845 12 21 27 0.038521495 
161 3 26 30 0.038501047 
224 74 29 39 0.037827324 
509 20 28 33 0.037105136 
914 0 26 24 0.03708927 
895 329 27 42 0.036781527 
231 537 55 37 0.03602876 
636 226 39 54 0.03576288 
152 63 30 42 0.035654444 
478 445 132 121 0.035623297 
549 68 13 17 0.03527336 
328 103 32 45 0.035144445 
317 2 17 19 0.035129044 
596 0 27 26 0.03487041 
678 245 29 33 0.033900384 
221 179 33 44 0.033553552 
694 0 26 27 0.033495296 
249 290 49 65 0.0333181 
385 10 16 19 0.03328777 
214 145 56 73 0.03316839 
76 313 44 64 0.03307347 
189 119 18 24 0.03286604 
324 79 18 22 0.03249872 
184 14 25 28 0.032490782 
673 6 18 22 0.03200399 
558 37 22 27 0.031827446 
894 53 15 21 0.03178222 
159 131 18 24 0.031619832 
639 137 21 32 0.03137281 
612 31 26 32 0.030650834 
744 71 28 41 0.030529147 
162 324 19 24 0.03046941 
45 67 14 18 0.030465413 
441 45 29 38 0.030304069 
576 16 19 21 0.0302559 
392 157 59 85 0.029014977 
517 5 26 29 0.028901638 
483 25 16 23 0.028866505 
939 72 41 58 0.02875248 
324 91 30 38 0.028437924 
564 55 30 43 0.02819077 
712 33 46 53 0.028164433 
148 -3 32 31 0.027755737 
364 13 26 31 0.027702663 
719 190 51 68 0.027643207 
677 249 17 20 0.027465576 
678 1 27 29 0.027183441 
190 203 52 64 0.027095689 
628 -1 20 14 0.026933696 
158 252 33 49 0.026927704 
506 42 25 28 0.026889462 
246 124 52 62 0.026840245 
97 433 59 80 0.026455004 
54 5 26 33 0.026416063 
217 63 27 42 0.026409293 
568 6 24 26 0.026212279 
247 -1 32 32 0.026026495 
232 4 53 60 0.025968604 
315 0 34 36 0.02589466 
490 33 18 21 0.025790352 
23 10 30 41 0.025669293 
891 185 27 35 0.025573133 
869 207 53 63 0.025369968 
42 4 19 21 0.025231821 
2 7 23 35 0.025178367 
0 14 11 21 0.025122771 
282 359 61 79 0.02510018 
249 82 19 26 0.025017116 
899 0 28 25 0.024918543 
456 208 49 61 0.02479551 
319 80 27 35 0.02479122 
964 131 38 56 0.024741845 
734 152 28 38 0.024586733 
132 99 32 46 0.024341647 
175 79 14 22 0.024277141 
67 189 48 76 0.024273138 
174 125 28 37 0.023839869 
58 2 17 19 0.023644574 
873 18 46 60 0.023532989 
350 -1 15 13 0.02316799 
979 2 19 18 0.02312165 
464 5 19 23 0.023092298 
226 82 18 24 0.022943141 
530 1 23 29 0.022890784 
186 101 26 31 0.022769686 
694 212 46 67 0.02271746 
740 1 29 32 0.022676136 
978 4 34 39 0.022625962 
752 59 16 22 0.02249647 
301 255 33 46 0.022120928 
849 3 18 20 0.022051254 
147 305 105 135 0.021991914 
111 282 59 71 0.02186925 
108 -1 33 39 0.021848386 
576 52 29 43 0.021822998 
413 62 30 38 0.021813171 
257 1 18 20 0.021713043 
1005 43 20 38 0.021690397 
233 11 18 26 0.021624224 
730 114 26 33 0.02161524 
58 160 47 61 0.021582255 
0 90 44 69 0.021525081 
375 305 54 72 0.021524835 
306 130 18 22 0.021488475 
532 14 16 22 0.021371301 
315 124 31 44 0.021306628 
45 43 12 16 0.021229407 
103 199 28 38 0.021169849 
263 208 28 37 0.021141535 
420 117 28 34 0.021121033 
318 3 51 61 0.02108374 
89 296 53 71 0.020937305 
324 252 14 20 0.020927582 
351 0 23 23 0.020803537 
899 343 16 24 0.020657323 
896 8 50 52 0.020571418 
751 147 13 19 0.020514747 
280 240 45 60 0.020500971 
560 21 28 36 0.020367915 
138 58 19 25 0.020173538 
266 147 28 34 0.020120308 
507 57 28 33 0.020047966 
