2_Demonstration_Demonstration_Or_Protest_2_600
288
888 277 48 77 0.9968117 
151 307 33 39 0.9958191 
46 242 72 90 0.98680985 
219 387 38 48 0.9625317 
851 138 14 20 0.92821574 
947 402 31 49 0.9130058 
798 147 14 18 0.9127111 
867 223 25 31 0.9090417 
379 147 16 19 0.90720326 
816 306 33 48 0.90224874 
285 149 13 15 0.89682496 
478 303 24 29 0.8907669 
55 152 16 20 0.85412556 
686 102 12 15 0.84811044 
255 109 11 15 0.82665133 
637 148 18 23 0.8165692 
676 352 33 41 0.8024964 
564 126 13 17 0.76960963 
958 263 21 25 0.75774765 
702 129 13 15 0.7422652 
496 106 12 15 0.72415215 
958 123 12 15 0.70638335 
504 144 19 24 0.68443215 
191 144 19 21 0.67865324 
436 108 9 13 0.6726603 
271 55 12 15 0.64952546 
734 149 12 16 0.6216191 
84 45 10 13 0.6011653 
227 101 11 15 0.59914553 
658 116 10 13 0.58377767 
540 111 10 14 0.5667152 
24 102 13 16 0.56425077 
597 110 10 13 0.51986593 
36 162 11 14 0.51631844 
897 125 11 15 0.43706235 
112 35 9 12 0.43360403 
4 30 9 12 0.41503015 
403 106 13 15 0.3978144 
102 158 12 14 0.38698223 
27 44 10 14 0.35199973 
942 148 14 16 0.343705 
125 112 11 14 0.33519116 
67 47 11 13 0.33351836 
791 115 13 16 0.32956216 
239 165 14 16 0.3219934 
833 118 11 13 0.3074989 
615 95 12 15 0.29644775 
0 158 11 18 0.26783824 
171 102 11 13 0.24862698 
154 55 8 11 0.2378654 
883 110 10 13 0.21783286 
83 100 12 14 0.21320292 
633 109 8 10 0.20779476 
985 123 12 17 0.20749211 
577 111 10 13 0.20647383 
948 266 24 26 0.20177816 
221 48 11 14 0.19980611 
823 303 47 59 0.19000766 
726 148 14 16 0.18123397 
988 306 25 29 0.17234407 
241 55 8 11 0.16662723 
917 153 13 16 0.16009603 
454 113 8 11 0.15883365 
284 157 16 20 0.15457462 
756 174 10 14 0.14353311 
77 170 14 17 0.122619264 
479 107 11 14 0.120896846 
184 120 9 12 0.11361838 
470 296 40 54 0.110541135 
406 117 12 14 0.10973311 
372 114 11 14 0.10686787 
722 141 10 14 0.10157809 
156 126 14 17 0.09684893 
696 172 11 14 0.08332724 
81 108 9 11 0.08216658 
732 110 12 14 0.0791011 
656 138 12 16 0.07738914 
467 124 11 14 0.07572178 
997 85 11 16 0.07373779 
668 367 43 52 0.070820086 
155 167 12 16 0.06959597 
773 121 9 10 0.067655675 
913 135 9 11 0.06707386 
925 166 13 16 0.0642202 
430 167 11 13 0.062922075 
661 122 12 16 0.06290942 
901 149 11 13 0.062672354 
972 225 15 18 0.062327974 
469 118 10 13 0.061863877 
140 146 16 20 0.061614685 
421 118 10 12 0.060216002 
470 111 9 12 0.059231754 
621 150 11 13 0.058791883 
416 119 8 12 0.058587912 
740 149 10 14 0.058147132 
465 111 9 11 0.057951868 
432 410 45 76 0.05698175 
621 98 9 13 0.056021918 
837 135 11 14 0.05477854 
942 146 23 26 0.053931527 
963 187 10 14 0.05321428 
660 129 13 17 0.05284428 
977 117 9 14 0.052742112 
604 108 10 14 0.05090357 
523 139 12 15 0.049705196 
104 162 15 17 0.048591502 
58 60 8 10 0.04700325 
760 118 9 12 0.046701964 
821 111 8 10 0.046105657 
910 112 9 11 0.046064883 
886 148 12 15 0.045912497 
391 118 9 13 0.04586925 
425 167 9 12 0.045460906 
69 139 11 15 0.044066854 
995 382 24 35 0.04368886 
473 166 9 12 0.042737532 
949 274 31 36 0.04250869 
232 164 13 17 0.04248666 
894 146 12 15 0.042441774 
930 414 54 55 0.04244041 
607 100 10 15 0.04222204 
463 128 11 15 0.04167199 
814 134 11 14 0.04114373 
398 186 14 16 0.040857825 
722 147 10 14 0.0404509 
768 119 9 12 0.04006714 
354 109 8 12 0.038624864 
750 150 10 11 0.03826004 
921 156 14 16 0.03815307 
391 124 8 12 0.03802058 
848 133 12 19 0.037094012 
629 123 10 15 0.036874857 
32 158 19 23 0.036553275 
433 92 9 12 0.035870556 
984 118 21 28 0.03567677 
372 122 13 16 0.035459436 
315 102 12 13 0.03545599 
814 126 9 12 0.035426803 
829 136 12 14 0.03528499 
136 187 29 35 0.034823697 
488 300 18 25 0.033774406 
342 311 29 29 0.033102565 
638 118 8 11 0.033067375 
423 143 10 13 0.032611683 
518 140 12 16 0.032428205 
281 153 14 17 0.032225363 
953 164 12 14 0.03221641 
607 162 12 15 0.03218859 
902 143 10 13 0.032173533 
437 93 9 11 0.032128405 
230 54 11 14 0.0316975 
976 121 13 18 0.031592753 
476 165 12 15 0.03143497 
196 280 26 32 0.031295136 
801 298 55 76 0.031287044 
956 278 18 22 0.031095536 
637 143 15 18 0.030839233 
432 155 12 14 0.030708399 
644 362 33 41 0.030683797 
942 354 17 19 0.030668167 
146 154 13 16 0.029905716 
485 166 13 16 0.029578872 
340 102 9 12 0.029254576 
231 60 10 13 0.029082352 
435 165 12 14 0.028913276 
717 189 11 13 0.02853452 
513 321 16 17 0.028451305 
590 138 11 15 0.0284427 
711 174 11 15 0.028125245 
646 132 10 13 0.028030906 
690 105 12 15 0.028010076 
631 117 10 13 0.0279114 
943 265 16 23 0.027530525 
334 93 9 11 0.027358754 
430 86 10 13 0.027308479 
636 110 9 12 0.027208596 
132 145 16 21 0.027158016 
608 94 11 15 0.0270648 
741 190 12 13 0.026978355 
275 171 13 17 0.026961286 
304 167 10 12 0.02672635 
110 131 9 12 0.026711352 
541 216 12 14 0.026698953 
104 169 18 21 0.026697155 
1007 116 11 16 0.026515111 
381 397 52 61 0.026462669 
751 155 10 12 0.02636597 
514 335 18 22 0.026317725 
547 166 13 17 0.026297737 
465 116 10 13 0.02629254 
709 109 10 12 0.026166417 
889 133 10 12 0.026082335 
599 133 9 12 0.026074324 
830 156 10 13 0.02603265 
81 174 18 22 0.026023962 
245 74 11 13 0.025976274 
64 52 10 13 0.025896233 
823 135 11 14 0.025829425 
947 143 15 18 0.02567973 
647 127 9 12 0.025675794 
831 150 10 12 0.025443431 
111 257 47 61 0.025324449 
234 373 41 57 0.025297334 
139 178 25 27 0.025202889 
71 163 14 19 0.025158282 
177 122 13 16 0.025108235 
492 689 14 15 0.025104465 
413 147 12 15 0.025019472 
625 120 9 12 0.025012238 
413 101 10 12 0.024671115 
192 285 38 49 0.024500616 
824 116 10 12 0.024489323 
927 160 22 26 0.024405442 
859 226 42 48 0.02439443 
81 166 15 16 0.024391238 
497 408 67 74 0.024297766 
821 151 10 12 0.024263326 
918 113 10 11 0.024232065 
497 322 31 36 0.024204386 
581 113 11 14 0.024132395 
425 86 10 12 0.02386498 
692 185 14 17 0.02371547 
816 151 11 13 0.023708375 
94 139 11 13 0.023662047 
585 132 10 14 0.023556074 
301 94 9 11 0.023343831 
902 118 11 14 0.023339866 
682 203 13 16 0.023293925 
265 54 11 14 0.02322022 
913 150 11 14 0.02317758 
848 296 52 64 0.023145169 
146 141 15 18 0.02312428 
585 127 9 12 0.023116365 
934 153 13 17 0.023096643 
258 113 12 15 0.023058182 
765 203 10 12 0.022946078 
681 106 10 14 0.022817845 
234 171 21 26 0.02265307 
799 160 13 17 0.02251283 
549 126 10 13 0.022479352 
565 104 8 10 0.022457462 
853 124 13 16 0.022435104 
162 130 13 16 0.022416912 
463 436 70 65 0.022235023 
768 184 10 12 0.02221878 
835 121 12 15 0.022151232 
391 395 35 37 0.022137195 
26 148 16 18 0.02210174 
277 163 14 17 0.022052413 
452 318 12 15 0.022034688 
940 162 13 16 0.022028983 
407 141 12 15 0.02198554 
639 123 10 13 0.021933235 
240 75 11 13 0.021924695 
583 141 11 14 0.021904226 
601 129 8 10 0.021761917 
833 557 61 61 0.021655343 
404 128 15 19 0.021616487 
697 130 12 16 0.021565598 
561 108 10 13 0.021543637 
911 140 9 11 0.021367436 
271 167 12 15 0.021304158 
211 178 17 19 0.021293093 
815 172 9 12 0.021253165 
464 103 8 11 0.021130085 
67 146 13 18 0.021076497 
964 130 12 15 0.020989569 
565 134 13 17 0.020968875 
970 260 16 22 0.020968018 
962 118 13 16 0.020907689 
783 109 9 11 0.020779354 
77 235 61 83 0.020696359 
111 40 11 15 0.020683678 
495 114 12 15 0.020623662 
992 108 28 39 0.020598998 
202 142 14 17 0.020570736 
957 212 12 17 0.020561015 
276 379 40 55 0.020352779 
666 124 13 16 0.020304399 
261 188 10 12 0.020278104 
961 270 27 32 0.020265007 
765 158 10 12 0.020262532 
524 171 11 14 0.020253435 
667 206 11 13 0.020214306 
687 187 13 16 0.020211615 
911 173 9 13 0.020101348 
729 114 12 14 0.020012815 
917 295 31 52 0.020011907 
