2_Demonstration_Demonstration_Or_Protest_2_32
118
455 1063 51 66 0.9986671 
729 1101 57 71 0.99549794 
525 1147 63 93 0.9935648 
241 1238 84 116 0.9935423 
629 1063 27 37 0.9920529 
894 1021 26 30 0.99156415 
517 1060 29 37 0.9899254 
312 1097 53 77 0.9855555 
167 1081 56 77 0.9803187 
335 1032 32 40 0.9791725 
427 1029 36 49 0.95116687 
528 1108 36 52 0.93948466 
278 1063 44 60 0.915093 
49 1046 41 52 0.8806776 
369 1032 22 27 0.8793592 
-1 1255 58 110 0.7919722 
866 1106 30 36 0.7882982 
293 1079 36 54 0.76472694 
702 1100 35 51 0.7406051 
576 1078 22 29 0.73158824 
824 1096 27 40 0.71046144 
936 1080 21 26 0.67950755 
523 1128 53 72 0.66364044 
301 1084 48 68 0.3965355 
542 1060 21 29 0.35095695 
299 1033 22 28 0.23918252 
270 1053 37 53 0.22313097 
723 1055 17 18 0.15664437 
693 1043 13 15 0.1525988 
550 1023 13 16 0.15028621 
773 1060 20 25 0.12731904 
753 1077 17 21 0.12404787 
628 1032 15 19 0.11385247 
441 1043 52 64 0.11022328 
603 1014 12 15 0.10401363 
909 1021 24 31 0.10228993 
982 1062 13 18 0.0937575 
862 1028 12 15 0.090281606 
27 643 20 29 0.09027778 
196 1041 26 31 0.08967451 
619 1033 15 20 0.088743865 
925 1032 18 21 0.082674086 
0 150 22 37 0.07955046 
966 1111 27 35 0.078270555 
477 1053 45 64 0.0780353 
388 1053 22 30 0.0719163 
970 996 23 33 0.07107394 
404 1027 23 33 0.06789501 
962 1064 15 18 0.067315415 
981 1035 33 48 0.061890353 
708 1098 18 22 0.06080439 
824 1058 10 13 0.057350013 
413 1025 28 39 0.052265 
733 933 10 14 0.04694553 
284 1042 32 41 0.04595871 
603 1049 13 18 0.04554371 
956 1152 19 22 0.04551458 
345 899 20 22 0.045012172 
976 1042 14 18 0.043687236 
911 1153 27 38 0.04233223 
691 1045 20 25 0.0418917 
976 1041 25 29 0.040846817 
614 998 11 13 0.039387923 
3 658 25 41 0.038371436 
362 846 13 16 0.037905727 
1013 989 11 17 0.03659686 
588 1037 13 15 0.03640576 
971 1126 17 22 0.035780113 
493 1020 13 18 0.035626154 
5 144 27 35 0.03493278 
805 1313 47 49 0.03474313 
721 1059 22 25 0.03443348 
979 1055 23 29 0.03373087 
941 1055 15 18 0.033382062 
251 1042 26 34 0.032408316 
73 500 12 17 0.031945392 
610 974 16 20 0.031322867 
625 1034 25 29 0.030510826 
201 1079 47 66 0.03041859 
848 1104 27 37 0.02910035 
526 1030 14 16 0.028986087 
663 972 14 19 0.028175488 
862 1081 13 15 0.027981525 
31 197 41 48 0.026662437 
960 1146 16 19 0.026225468 
923 977 14 18 0.026188549 
551 1063 16 21 0.025690129 
1010 1013 13 20 0.025075817 
32 1073 17 20 0.024976414 
374 1037 23 33 0.024695765 
614 1031 14 17 0.02438476 
826 1053 12 15 0.024197351 
894 1052 13 16 0.02384254 
767 1029 9 11 0.022895865 
343 1029 41 51 0.0223926 
760 1075 16 21 0.022386305 
695 1121 14 20 0.022318179 
707 1081 29 34 0.021915007 
353 1252 55 72 0.021884274 
396 1036 23 29 0.021808391 
996 1054 16 21 0.0217433 
526 1050 29 38 0.021590898 
11 652 27 36 0.02152132 
669 833 12 14 0.021350754 
280 1028 30 33 0.021203497 
867 1031 14 17 0.021174146 
959 1132 23 27 0.021159982 
-2 295 147 274 0.021159247 
973 1060 14 19 0.021133153 
844 1055 11 14 0.020872286 
862 1113 16 20 0.020787198 
963 1157 16 23 0.020714004 
598 1045 13 18 0.020564495 
749 1009 15 19 0.020393658 
976 1114 17 22 0.02029508 
242 1060 29 40 0.020210449 
381 847 9 12 0.020187208 
963 1071 15 19 0.020025723 
