2_Demonstration_Protesters_2_519
31
896 178 38 43 0.99939895 
795 102 52 65 0.9991597 
550 118 59 75 0.99844104 
162 128 64 83 0.9977586 
367 250 34 48 0.19070546 
5 285 11 17 0.10137231 
27 157 11 14 0.073255405 
17 141 15 17 0.07040452 
316 147 9 13 0.069434926 
39 176 11 14 0.06506855 
342 263 10 14 0.043538176 
96 162 12 15 0.036426425 
31 357 10 13 0.03241851 
7 204 10 13 0.029026289 
345 266 13 18 0.026854353 
915 557 46 50 0.026255803 
882 432 8 10 0.025094442 
52 163 10 15 0.024998646 
918 412 10 12 0.024851883 
67 172 16 18 0.02252802 
373 279 14 19 0.021840615 
4 326 10 14 0.021774953 
2 314 8 14 0.021602528 
77 362 12 15 0.02143035 
706 255 8 10 0.02090885 
701 372 8 10 0.02088569 
89 173 10 14 0.02078295 
721 251 8 11 0.020491393 
721 124 37 51 0.020442419 
0 281 19 30 0.020154467 
725 357 8 10 0.020077791 
