2_Demonstration_Protesters_2_901
93
276 350 54 69 0.99454474 
579 168 39 47 0.98881614 
444 340 64 72 0.98268986 
790 344 58 66 0.9462936 
681 339 41 51 0.9362966 
531 648 74 91 0.88795656 
403 351 41 64 0.88354456 
904 674 95 120 0.84493357 
933 499 29 40 0.7647582 
601 355 43 56 0.7583069 
540 192 30 39 0.51828545 
954 635 39 56 0.3958256 
832 91 47 62 0.38942078 
468 661 47 77 0.36275205 
622 366 44 58 0.15413657 
77 623 49 58 0.14540103 
146 319 56 90 0.1202178 
0 562 29 59 0.0918208 
154 290 97 131 0.09013508 
585 369 42 47 0.084630765 
129 342 34 50 0.07942169 
365 332 41 49 0.07651041 
644 385 25 33 0.06951527 
338 694 61 76 0.068318 
429 355 38 50 0.060288616 
533 491 60 58 0.06013167 
487 663 61 84 0.059973646 
378 347 49 64 0.059480004 
821 114 31 38 0.05714912 
538 459 36 45 0.05614892 
793 209 48 52 0.055299465 
686 203 30 37 0.05344984 
325 323 30 39 0.053343017 
849 78 52 74 0.048081264 
347 542 48 72 0.046981957 
489 334 39 49 0.04597391 
772 126 38 45 0.045321643 
667 351 29 35 0.044942237 
443 528 41 64 0.04372649 
5 189 24 33 0.040334743 
958 514 61 119 0.039808426 
784 214 35 40 0.037291404 
749 366 38 50 0.03643451 
17 53 295 185 0.035384435 
103 592 42 55 0.0352603 
284 619 24 29 0.034988064 
929 514 23 28 0.03472115 
297 336 51 68 0.034205094 
120 579 40 59 0.034093313 
113 350 34 47 0.032922503 
606 381 56 65 0.03268373 
16 330 55 68 0.031596042 
888 688 69 91 0.031030744 
245 729 36 47 0.030475024 
469 530 105 130 0.030305257 
958 487 46 58 0.029840386 
755 344 27 37 0.029798647 
421 326 67 100 0.029773211 
756 132 47 61 0.028003966 
466 525 52 71 0.027787248 
60 639 72 102 0.027576445 
884 7 121 156 0.027203502 
585 334 82 97 0.026980156 
20 767 46 61 0.026929814 
576 376 33 47 0.026760686 
33 201 20 25 0.026570467 
726 197 37 52 0.026403004 
275 595 46 49 0.02631324 
840 49 94 129 0.025215529 
6 343 43 66 0.024705088 
931 659 58 72 0.024485052 
316 331 44 56 0.02445466 
456 672 35 59 0.024206419 
832 650 48 74 0.023951873 
37 345 39 47 0.023599565 
887 -1 39 32 0.023564592 
95 293 98 112 0.023540843 
508 507 103 103 0.023095159 
326 686 111 106 0.023052754 
770 765 75 75 0.022746557 
790 121 30 41 0.022674825 
589 584 61 75 0.022514764 
335 547 75 113 0.022319874 
426 367 19 25 0.022028884 
955 696 57 81 0.021761537 
466 599 163 177 0.021466088 
77 416 33 55 0.021005474 
964 504 52 68 0.02090759 
455 615 88 120 0.020723237 
784 360 32 39 0.020580728 
520 475 55 53 0.020324264 
-35 12 503 359 0.020214448 
570 357 32 47 0.020022757 
