2_Demonstration_Demonstrators_2_689
28
352 321 72 81 0.99345833 
183 257 33 54 0.9875844 
123 310 41 55 0.9824917 
257 227 19 23 0.8189588 
293 247 35 48 0.7878991 
0 247 19 24 0.672864 
148 234 16 23 0.6595011 
215 211 18 20 0.54834175 
350 195 16 17 0.5261969 
171 231 19 22 0.510369 
89 236 15 19 0.22755533 
928 207 40 64 0.19982924 
52 260 13 19 0.12760189 
39 239 10 13 0.11095866 
315 207 23 28 0.10241565 
163 232 21 27 0.05816488 
383 336 62 73 0.037870217 
307 236 46 60 0.037380867 
398 315 33 40 0.036831047 
875 212 45 61 0.029548649 
224 209 15 20 0.02906573 
932 234 33 56 0.027461506 
902 237 53 57 0.026440833 
328 253 27 34 0.026312537 
344 196 23 29 0.02615538 
84 274 38 49 0.025664888 
303 211 44 57 0.023174874 
41 242 13 15 0.020582413 
