2_Demonstration_Protesters_2_618
43
517 169 51 65 0.99920446 
458 256 60 79 0.9988255 
365 166 51 67 0.9986438 
322 89 45 59 0.99779177 
604 144 54 73 0.99708325 
850 254 54 80 0.99617755 
250 234 53 65 0.99607795 
600 13 47 56 0.99599373 
962 47 42 51 0.99558026 
936 160 48 59 0.995242 
148 72 43 55 0.99428326 
705 44 41 56 0.9928671 
482 18 41 52 0.99126935 
244 50 40 51 0.98737514 
446 189 49 58 0.98475003 
820 239 46 55 0.98372746 
-1 19 39 48 0.98355997 
810 0 51 47 0.97547954 
0 162 33 66 0.9371382 
378 0 27 23 0.7659602 
835 7 34 44 0.7169142 
879 -2 27 23 0.30508748 
451 0 31 24 0.26055 
297 35 24 29 0.24756679 
572 215 51 65 0.10327454 
684 39 42 57 0.095972486 
660 13 50 67 0.064516336 
206 299 29 44 0.05965228 
369 48 39 61 0.057652406 
661 199 30 34 0.05566846 
399 1 19 19 0.04042283 
187 306 39 42 0.040370423 
413 142 43 52 0.03552992 
123 109 18 23 0.03093009 
639 0 58 64 0.029798405 
324 424 160 148 0.029720385 
125 14 49 65 0.02831475 
52 1 36 41 0.025661508 
217 288 29 55 0.024239678 
519 601 36 39 0.023741506 
822 194 13 14 0.022549354 
888 3 33 33 0.022385465 
357 3 17 19 0.022246948 
