2_Demonstration_Political_Rally_2_365
48
740 94 244 365 0.99921393 
460 294 75 101 0.9892811 
223 346 61 76 0.8164012 
-9 358 92 228 0.5995084 
387 398 14 19 0.5922012 
325 417 13 15 0.50393504 
404 395 13 15 0.3457387 
361 394 11 14 0.1930385 
351 406 11 14 0.17083946 
272 583 69 61 0.13906254 
25 363 151 291 0.087526515 
350 342 11 14 0.0712144 
374 379 9 12 0.06846927 
347 397 11 14 0.06516623 
34 277 55 79 0.06250933 
309 441 13 15 0.048859306 
101 148 60 74 0.04580263 
350 336 10 13 0.044156764 
301 172 31 37 0.039709177 
300 182 17 23 0.037973695 
344 419 10 13 0.03779335 
231 599 73 52 0.03688149 
396 392 19 24 0.03408262 
335 343 9 11 0.033806194 
8 367 64 121 0.032471336 
312 426 24 32 0.030688476 
382 381 9 12 0.03028325 
394 382 9 12 0.029812163 
359 382 11 14 0.02789608 
392 364 8 10 0.02778448 
263 327 30 43 0.027542977 
426 367 9 13 0.02695193 
344 402 12 15 0.025692856 
332 348 11 14 0.025149487 
355 410 12 15 0.024958827 
388 390 13 16 0.024324667 
318 413 21 25 0.023890236 
377 359 9 10 0.022575542 
105 145 39 46 0.021774102 
384 390 11 13 0.021676315 
304 369 12 15 0.021634044 
374 422 11 14 0.021525329 
338 245 9 12 0.021287067 
119 329 23 30 0.020566909 
369 428 12 15 0.020446824 
664 206 59 72 0.020411612 
221 314 54 71 0.020051835 
301 151 66 86 0.020024939 
