2_Demonstration_Demonstrators_2_700
61
251 145 93 119 0.9985856 
533 170 11 14 0.2091872 
118 48 15 18 0.17481315 
510 75 9 12 0.102189936 
1002 331 17 25 0.064104475 
93 314 17 21 0.05837153 
78 36 12 16 0.058346074 
55 291 14 17 0.04528708 
492 157 10 12 0.041112028 
568 92 12 14 0.04044013 
545 192 8 10 0.03834103 
526 128 8 11 0.037538715 
560 140 10 12 0.03701478 
177 36 16 20 0.034716837 
522 50 404 546 0.034540296 
523 67 12 14 0.03306415 
465 20 9 11 0.032910816 
486 61 10 12 0.031294692 
3 147 13 17 0.031128936 
322 82 10 13 0.030996291 
150 73 14 16 0.030960293 
640 52 10 12 0.030560302 
509 231 9 12 0.029440057 
471 182 8 10 0.029184405 
534 4 14 17 0.027807899 
127 11 12 14 0.027292473 
520 182 10 12 0.027198968 
555 53 13 15 0.0262154 
495 46 8 9 0.026207957 
33 71 9 11 0.025981456 
100 176 14 17 0.025730096 
523 292 11 14 0.025697853 
174 150 11 13 0.02551505 
511 40 8 11 0.02545701 
539 133 8 10 0.025399627 
583 28 9 12 0.025242737 
492 21 11 14 0.024993293 
536 55 9 12 0.024733927 
557 199 13 17 0.024669679 
480 93 9 11 0.024653634 
700 67 11 14 0.024169624 
572 40 9 11 0.024007972 
451 29 10 13 0.023205591 
72 287 9 12 0.02289801 
463 154 10 12 0.02273758 
110 27 10 13 0.02222693 
492 266 11 15 0.022133725 
534 197 8 11 0.022092588 
544 70 11 13 0.021416465 
365 38 13 14 0.02131725 
520 60 13 16 0.021304062 
572 155 10 12 0.021240905 
569 69 10 14 0.021112636 
685 5 12 15 0.021076856 
508 51 10 13 0.02106779 
4 328 17 21 0.020799082 
549 191 10 12 0.020778185 
96 254 10 13 0.02054471 
305 91 10 12 0.020413551 
517 163 11 14 0.020269042 
529 37 10 13 0.020260103 
