2_Demonstration_Demonstration_Or_Protest_2_368
60
737 219 27 34 0.98890173 
374 223 16 23 0.98519737 
643 230 18 23 0.9699233 
879 240 22 33 0.9429921 
609 239 22 26 0.91052306 
4 217 16 18 0.7694257 
35 250 14 18 0.76791376 
518 220 17 22 0.71720904 
426 229 11 14 0.4861887 
956 278 13 17 0.46747425 
1003 228 21 30 0.42969385 
979 262 18 23 0.39918298 
300 233 15 19 0.38913614 
975 258 13 19 0.36259323 
459 237 12 18 0.34338433 
565 242 13 17 0.14539805 
724 236 14 20 0.14349231 
175 241 12 16 0.14281754 
828 242 10 14 0.103493206 
50 207 9 12 0.076062605 
828 206 10 13 0.07433013 
171 351 436 422 0.07211564 
508 245 14 19 0.0625954 
114 15 17 19 0.057385303 
455 230 11 15 0.057377502 
573 220 17 18 0.053306814 
-41 315 416 510 0.052801427 
949 265 10 14 0.048714984 
39 245 18 22 0.041527536 
3 264 15 25 0.040746752 
150 239 9 11 0.038556438 
256 397 10 13 0.03849562 
404 205 11 17 0.037315343 
52 210 11 13 0.032878198 
776 247 10 14 0.031793542 
86 214 9 11 0.030369725 
968 257 12 18 0.030173244 
126 206 12 15 0.027510667 
663 262 30 36 0.027278788 
566 233 20 24 0.027091077 
1007 258 12 17 0.027009593 
869 236 36 51 0.026866091 
607 453 39 45 0.026110424 
779 193 29 36 0.026070792 
719 216 22 31 0.02592152 
871 249 15 22 0.02566316 
554 225 8 10 0.025326056 
173 247 14 18 0.024846455 
93 229 11 15 0.02480803 
72 232 8 11 0.024360307 
551 228 10 13 0.024210855 
599 238 21 29 0.024205182 
959 260 11 15 0.022478312 
673 249 40 48 0.022473222 
151 220 10 12 0.021942586 
531 220 12 17 0.02174273 
863 254 13 17 0.021035403 
164 226 12 15 0.021024387 
164 236 13 15 0.020923987 
960 279 16 19 0.020915575 
