2_Demonstration_Political_Rally_2_339
87
786 485 68 105 0.98368925 
886 457 29 35 0.9460703 
620 290 38 57 0.9383604 
621 420 19 30 0.3253287 
483 429 57 67 0.23383623 
406 264 10 13 0.15061109 
951 429 38 52 0.12471241 
886 427 10 14 0.10722956 
743 315 11 14 0.10652642 
720 420 20 26 0.099394895 
53 427 24 38 0.092669755 
444 349 43 54 0.082723685 
38 415 42 61 0.069761105 
204 423 9 11 0.069353506 
802 446 56 75 0.06511568 
101 435 15 21 0.06475561 
153 426 11 14 0.055925015 
453 252 9 11 0.05172079 
285 424 10 12 0.047680415 
423 327 11 14 0.04581273 
182 254 12 15 0.044065226 
283 443 16 22 0.043025315 
962 414 43 64 0.04140578 
138 293 8 10 0.04106671 
36 308 11 15 0.039427996 
448 316 8 10 0.038343683 
299 409 47 50 0.03782011 
773 387 13 18 0.0377677 
520 449 46 67 0.03573697 
950 387 9 12 0.035534542 
142 432 8 11 0.035328448 
437 428 13 21 0.03444736 
867 428 10 12 0.03400469 
320 421 12 14 0.033798125 
355 427 36 36 0.033659864 
191 439 10 12 0.032681074 
176 425 7 9 0.030761799 
170 424 8 10 0.030174108 
323 417 32 44 0.029893968 
285 308 8 12 0.029667916 
131 350 7 9 0.029212946 
302 295 8 10 0.028600687 
676 433 13 16 0.028066335 
916 491 31 39 0.028035201 
918 473 16 20 0.027700936 
254 419 8 12 0.027536336 
2 245 9 14 0.027178988 
700 356 11 14 0.026923234 
261 220 8 10 0.026371043 
5 387 85 114 0.026019616 
445 363 28 31 0.02600367 
684 433 14 18 0.02567295 
616 418 13 20 0.025607273 
343 421 30 42 0.02555221 
915 472 26 35 0.025106344 
824 443 35 52 0.024682622 
308 326 11 13 0.024600051 
107 428 12 21 0.024381507 
270 437 11 12 0.02419597 
64 433 14 22 0.023717223 
658 335 11 13 0.023665266 
889 426 14 17 0.023636814 
77 276 8 10 0.023556016 
304 327 9 11 0.022986451 
302 428 10 15 0.022913069 
428 424 20 33 0.02247989 
416 406 29 38 0.022382462 
367 387 11 14 0.022287223 
364 405 39 49 0.021988643 
181 459 13 23 0.021831755 
544 451 40 65 0.021581316 
724 357 9 13 0.021529743 
929 421 11 13 0.02142958 
312 413 10 13 0.021429392 
587 276 12 14 0.02131389 
169 428 9 11 0.02128306 
95 418 11 14 0.02118232 
218 420 9 12 0.020900652 
333 319 10 12 0.020743158 
317 262 10 11 0.020713428 
883 401 23 33 0.020672169 
787 434 52 65 0.020480786 
58 269 8 10 0.020375947 
278 222 8 10 0.020358259 
906 472 14 20 0.020342443 
456 342 10 13 0.020235213 
63 302 8 11 0.020089014 
