2_Demonstration_Demonstration_Or_Protest_2_98
606
559 484 31 38 0.9984737 
377 420 22 32 0.9970872 
363 491 30 39 0.995904 
195 502 30 37 0.97908086 
287 567 34 42 0.973436 
411 507 23 30 0.96808517 
863 600 30 44 0.9680371 
605 576 37 48 0.9510604 
350 300 12 15 0.9163463 
159 291 13 17 0.9086507 
442 460 23 30 0.8868264 
104 295 10 14 0.8592363 
513 527 30 39 0.8029916 
19 455 23 33 0.77931124 
25 240 10 12 0.65890634 
7 477 20 23 0.6427368 
724 165 10 12 0.62321 
331 566 44 52 0.61098766 
132 295 11 15 0.6034424 
325 473 19 30 0.5853933 
76 274 11 13 0.5768884 
147 269 10 13 0.5678081 
579 124 8 11 0.5591283 
493 68 12 14 0.54105145 
931 205 10 14 0.5231431 
941 133 9 11 0.517298 
889 327 11 15 0.5163705 
186 283 11 15 0.5157343 
68 298 10 13 0.5147189 
674 124 8 12 0.51222926 
834 279 13 18 0.48418823 
996 56 7 9 0.47841612 
891 228 10 14 0.46668664 
388 80 9 11 0.46284434 
790 55 10 12 0.45716304 
360 39 7 9 0.42374763 
77 237 7 10 0.40828183 
592 283 11 15 0.40467435 
514 482 20 28 0.40206128 
73 182 9 11 0.3953731 
556 253 9 12 0.39259487 
866 92 7 10 0.38122886 
979 200 9 11 0.37057614 
636 126 11 15 0.36973405 
578 254 11 13 0.36832553 
56 278 10 13 0.3527613 
935 324 11 14 0.35270625 
762 80 9 12 0.33648157 
896 32 7 9 0.33499035 
597 20 16 21 0.32821032 
60 316 9 13 0.32307887 
527 232 9 12 0.31728554 
420 174 10 12 0.31011412 
619 180 8 10 0.2975062 
590 192 10 12 0.291731 
456 320 9 11 0.27227625 
659 603 38 44 0.26904485 
354 272 9 11 0.26802975 
961 214 9 12 0.24206603 
635 625 32 33 0.23709235 
554 35 8 11 0.2325026 
31 260 10 13 0.23245357 
416 292 10 13 0.23007245 
408 260 10 13 0.22790037 
421 274 10 13 0.2150988 
755 145 8 11 0.21348485 
871 253 9 11 0.20093028 
104 263 9 11 0.19598201 
407 230 11 14 0.187672 
961 298 11 14 0.18680575 
818 78 8 11 0.18187466 
848 330 14 16 0.18178098 
526 60 8 11 0.17968307 
60 236 9 11 0.17895237 
301 71 8 11 0.1776667 
336 286 10 13 0.17754675 
445 419 16 19 0.17382239 
667 239 13 16 0.1685869 
324 443 13 18 0.16422734 
980 220 9 10 0.15782025 
527 455 15 19 0.15434365 
909 109 9 12 0.15351626 
296 284 10 12 0.15345955 
760 134 10 12 0.1507172 
528 251 13 15 0.1473209 
560 84 12 15 0.14149846 
484 99 10 13 0.14043365 
751 182 8 11 0.13800342 
412 235 9 12 0.13365518 
219 96 10 13 0.13314389 
53 301 9 12 0.13087492 
579 157 8 11 0.13032106 
596 513 16 20 0.12924059 
950 284 9 12 0.12763602 
389 263 8 10 0.12722886 
703 315 12 16 0.12667318 
19 174 8 11 0.12667222 
198 83 9 11 0.12661739 
517 295 11 13 0.12552175 
925 61 7 9 0.12537743 
577 413 11 14 0.12410616 
724 40 9 12 0.11974304 
580 318 12 15 0.119316526 
168 256 8 12 0.11873174 
594 464 15 18 0.11738086 
9 108 10 13 0.11468288 
600 270 10 13 0.11106368 
975 248 10 14 0.10488855 
781 134 9 11 0.103871055 
25 451 16 22 0.10304047 
591 473 23 32 0.102036715 
279 525 24 34 0.10129109 
38 517 25 28 0.09950328 
518 108 7 10 0.099157944 
275 57 7 9 0.097031385 
524 171 10 12 0.09584736 
163 286 13 18 0.095707886 
190 410 15 19 0.095554456 
955 41 8 10 0.09492313 
396 163 14 18 0.094896875 
973 230 10 12 0.09452181 
614 125 8 12 0.093052976 
629 166 10 12 0.09285915 
180 46 9 10 0.09069293 
395 339 10 14 0.09063797 
226 604 28 36 0.08961557 
424 55 9 11 0.08906967 
674 61 9 12 0.08849318 
79 313 9 11 0.08820883 
159 224 9 12 0.08672387 
215 87 9 11 0.08642986 
509 271 10 13 0.08621781 
905 103 10 13 0.08579732 
124 492 17 22 0.08514613 
872 135 10 13 0.08501408 
32 295 11 13 0.08459999 
281 246 10 12 0.083439894 
79 176 8 10 0.08269405 
131 64 7 9 0.08150447 
861 279 12 16 0.08096981 
535 93 8 10 0.08046797 
614 109 8 10 0.08042656 
276 85 10 12 0.07979108 
355 54 15 20 0.07837737 
802 124 12 15 0.07766249 
783 223 8 10 0.077521086 
695 135 7 11 0.076082855 
454 77 7 10 0.07578447 
491 452 13 19 0.07508057 
804 132 11 13 0.073853225 
784 262 10 12 0.07313573 
305 562 39 52 0.07305473 
743 85 8 10 0.07173414 
620 550 22 27 0.071529835 
70 133 9 11 0.07148909 
122 101 9 12 0.07092355 
777 87 9 11 0.07039572 
534 217 8 10 0.06877919 
253 85 9 11 0.068518825 
870 174 11 15 0.06772701 
700 180 9 11 0.06755393 
518 264 10 12 0.06590908 
116 64 6 9 0.065881476 
0 431 18 22 0.065604135 
617 560 44 58 0.065569244 
480 112 9 11 0.06531299 
219 402 19 20 0.06360284 
109 152 8 11 0.06340711 
548 100 9 12 0.06313086 
178 64 15 17 0.06302271 
517 80 8 11 0.06295519 
107 509 15 16 0.06272122 
478 264 8 10 0.062314037 
119 294 10 12 0.06163687 
325 408 25 28 0.06155379 
597 274 12 16 0.058579337 
32 116 8 10 0.05676244 
162 576 25 38 0.056502044 
193 408 27 32 0.05565252 
54 55 10 13 0.055619653 
773 56 8 10 0.055023164 
511 301 9 11 0.05492405 
569 269 9 11 0.054628354 
487 292 10 14 0.054107215 
79 68 8 10 0.053080242 
709 108 10 13 0.052612893 
742 255 8 10 0.05239054 
856 52 8 10 0.052256968 
823 294 11 14 0.05208283 
468 299 11 14 0.05193836 
209 93 9 12 0.051821794 
643 612 32 40 0.051637553 
970 143 9 11 0.05146069 
47 54 11 14 0.051361877 
208 287 9 12 0.051203784 
150 168 8 10 0.05067372 
906 544 21 29 0.050664928 
110 261 9 12 0.050645813 
386 267 9 12 0.05056198 
71 125 10 13 0.05017448 
721 43 10 12 0.049620204 
413 54 11 13 0.049301572 
442 278 9 11 0.04885808 
122 152 14 17 0.048728533 
361 285 9 11 0.048510198 
590 87 8 9 0.047774643 
621 176 10 13 0.047588415 
2 260 8 13 0.047533352 
774 252 7 11 0.047074106 
1002 110 8 10 0.04702199 
142 293 10 12 0.04675247 
483 326 13 16 0.046736795 
135 508 12 14 0.046284474 
310 44 9 12 0.044880137 
893 136 9 12 0.04441789 
7 73 9 11 0.044083662 
965 396 14 17 0.043899164 
174 239 8 10 0.043784406 
808 236 9 11 0.043620985 
781 94 9 11 0.04353108 
130 265 8 10 0.043427262 
56 157 7 9 0.043342184 
592 92 8 10 0.043335564 
506 301 9 12 0.04318588 
585 276 11 13 0.043140937 
925 228 10 12 0.042934436 
214 323 11 14 0.042734817 
47 46 9 11 0.0424698 
481 292 10 13 0.042365156 
440 271 9 10 0.042352278 
452 454 15 21 0.042232588 
683 244 12 15 0.042152844 
467 70 7 9 0.042127002 
165 222 9 13 0.04184552 
312 262 9 12 0.041600883 
552 572 36 44 0.041128304 
210 292 8 11 0.04074616 
84 502 15 20 0.040737055 
805 103 8 10 0.040269498 
922 84 9 11 0.040177967 
226 223 7 9 0.0400805 
136 513 23 31 0.040075198 
402 76 9 12 0.039944958 
72 120 10 12 0.039904263 
401 228 10 13 0.039898023 
496 316 13 17 0.039515752 
219 303 11 14 0.039479755 
311 301 11 13 0.038988594 
518 128 9 10 0.03893129 
580 120 11 13 0.038380403 
584 143 8 11 0.038269076 
51 518 17 24 0.038170446 
59 176 8 11 0.038071163 
118 256 8 11 0.03804552 
513 263 9 11 0.037984934 
194 227 8 10 0.037955407 
7 269 9 11 0.037871953 
598 107 8 11 0.03771167 
493 294 9 12 0.037677042 
726 317 12 14 0.037644207 
22 387 14 18 0.037570927 
213 411 30 36 0.037387453 
90 61 7 9 0.037230678 
586 86 8 10 0.037218433 
1006 201 9 11 0.03713778 
661 182 9 11 0.036904484 
704 57 6 8 0.03678799 
549 284 10 12 0.03676677 
5 237 7 10 0.03671897 
581 150 11 13 0.036351766 
895 60 11 14 0.03609914 
335 271 10 13 0.036074366 
65 96 9 12 0.03591707 
412 255 10 12 0.035916008 
121 97 8 11 0.035797454 
262 246 8 10 0.03517461 
424 100 9 13 0.035070736 
563 397 12 15 0.03499289 
513 295 9 13 0.034876756 
464 295 12 14 0.03470918 
174 490 14 18 0.03458825 
804 119 11 14 0.034491308 
953 59 10 13 0.03448721 
752 56 9 11 0.034472305 
201 93 8 11 0.034432907 
641 78 8 11 0.033545155 
580 452 12 14 0.03324984 
587 82 7 8 0.03322812 
142 185 7 9 0.033221923 
223 278 11 13 0.033086877 
133 268 8 12 0.03305359 
554 268 9 11 0.032913793 
377 294 8 10 0.032895252 
519 455 13 18 0.03278796 
166 78 9 12 0.03278664 
493 246 10 12 0.032743752 
218 542 27 39 0.032522034 
489 227 9 12 0.032491837 
489 247 9 12 0.03245058 
185 259 11 14 0.03235892 
416 270 10 13 0.032234464 
781 278 8 12 0.0322289 
781 101 8 11 0.03221091 
618 596 33 43 0.03205795 
342 278 9 13 0.031864423 
374 288 8 10 0.031799313 
479 318 11 13 0.03160042 
517 132 11 14 0.03156759 
239 75 13 16 0.031543583 
805 256 9 11 0.0315238 
168 148 7 11 0.031491026 
118 286 10 12 0.03147386 
196 421 30 36 0.03142052 
866 253 8 11 0.031253252 
642 54 7 10 0.031242194 
197 296 10 12 0.031209825 
545 63 9 12 0.03105059 
151 223 9 12 0.030756332 
662 197 9 11 0.030724863 
718 86 8 11 0.03048602 
675 314 12 17 0.030447152 
429 55 9 11 0.030441212 
929 325 11 12 0.030141737 
524 259 13 15 0.030017924 
816 309 11 16 0.029844332 
614 263 9 12 0.02982958 
960 229 8 11 0.029823538 
767 117 7 10 0.029819688 
95 61 8 10 0.029781332 
628 614 27 35 0.029660875 
606 228 9 12 0.029645773 
783 268 10 11 0.029580286 
162 260 8 11 0.029571055 
96 502 23 24 0.029539712 
381 300 9 11 0.029515056 
157 612 28 40 0.029449044 
153 197 8 10 0.02943137 
284 525 15 21 0.02942659 
736 69 9 11 0.029413028 
151 292 10 14 0.029381584 
543 85 8 11 0.029365748 
614 145 9 11 0.029355237 
543 237 9 13 0.029320292 
390 167 15 18 0.029313141 
449 414 14 18 0.02918125 
551 231 8 11 0.029175237 
245 78 12 14 0.029161109 
787 54 8 11 0.029116936 
413 211 11 12 0.02905434 
885 37 9 11 0.029047046 
246 279 8 11 0.029040685 
633 545 39 50 0.029036328 
503 295 10 12 0.028942505 
778 129 8 11 0.028799202 
612 236 11 15 0.028761372 
207 318 10 13 0.02874218 
572 478 25 35 0.02857237 
552 262 11 13 0.028532512 
737 109 9 11 0.028462328 
583 109 9 11 0.028372064 
402 285 9 11 0.028161462 
118 110 9 11 0.02803309 
134 319 10 12 0.028018817 
432 235 9 12 0.027964357 
623 102 8 11 0.027906317 
864 174 10 13 0.027825972 
845 606 38 42 0.027706897 
277 70 10 13 0.02762819 
506 275 10 13 0.027556453 
21 342 12 16 0.027495963 
201 279 9 11 0.027474154 
793 86 9 11 0.02733853 
484 318 11 15 0.02729408 
495 102 8 11 0.027168386 
846 116 11 14 0.02713725 
409 103 8 11 0.027124375 
584 272 9 12 0.027101716 
576 249 10 12 0.02701278 
710 167 9 10 0.02701159 
511 123 10 13 0.027009502 
985 104 8 10 0.026944753 
577 198 9 12 0.026918562 
278 525 45 64 0.026814787 
404 170 11 14 0.02681439 
447 319 9 12 0.026611157 
9 221 7 10 0.026598107 
782 140 10 12 0.026590476 
484 110 10 12 0.026547687 
21 471 16 20 0.026495202 
243 57 7 9 0.026474949 
636 141 12 15 0.026358195 
565 80 11 13 0.026327783 
173 169 9 11 0.026326904 
556 259 10 14 0.026318803 
409 349 8 10 0.02627017 
353 252 9 13 0.026244868 
889 32 9 11 0.026205434 
85 332 9 13 0.02608369 
114 112 8 11 0.026021227 
130 498 15 19 0.02589979 
310 408 9 12 0.025844462 
95 422 10 14 0.025828904 
1002 333 12 15 0.025591843 
161 255 8 11 0.025559148 
433 88 8 9 0.02553783 
616 105 8 10 0.025507806 
209 88 9 11 0.02549073 
942 96 9 11 0.02546043 
369 270 7 8 0.025404429 
757 56 9 11 0.025340509 
477 453 25 28 0.025298562 
367 287 8 10 0.025274059 
113 280 7 9 0.02521042 
558 213 9 11 0.02516517 
970 78 7 10 0.025131354 
358 276 9 12 0.025074687 
57 232 10 12 0.025073722 
264 506 42 61 0.025051847 
159 85 10 13 0.025024606 
121 246 8 10 0.024996515 
190 289 12 15 0.024993395 
1002 200 8 11 0.02493467 
710 103 10 12 0.024887426 
406 43 10 13 0.024771309 
673 239 19 23 0.024762835 
17 168 9 13 0.024655204 
144 287 10 12 0.024653817 
274 59 9 12 0.024651593 
502 309 10 13 0.02462771 
55 255 8 11 0.024525551 
324 434 25 29 0.024499279 
94 310 10 12 0.024455471 
550 140 8 10 0.024428407 
613 56 9 11 0.024369568 
532 462 13 18 0.024367312 
518 438 12 14 0.024342045 
848 96 8 11 0.024184497 
491 61 8 11 0.024173707 
838 45 10 13 0.02416732 
824 60 8 11 0.024150131 
909 95 9 11 0.024089793 
952 212 11 13 0.024075659 
422 465 38 48 0.024038939 
515 83 9 12 0.02401055 
888 255 10 12 0.023994487 
216 277 10 12 0.02397116 
717 93 9 12 0.02396556 
831 62 8 11 0.023948165 
568 262 10 14 0.02392565 
320 439 12 18 0.02390575 
416 193 10 12 0.02386678 
173 479 23 31 0.023816481 
408 293 10 12 0.023787912 
180 410 23 28 0.023761412 
39 285 9 11 0.023748562 
166 214 9 10 0.023744417 
530 216 8 10 0.02369399 
36 261 10 13 0.023669519 
590 514 25 34 0.023534145 
55 309 10 14 0.023519065 
127 197 7 10 0.023459634 
898 215 7 9 0.02340332 
495 299 9 13 0.023378648 
62 111 8 11 0.02336266 
496 311 10 14 0.023346867 
768 246 9 13 0.023339571 
688 190 10 12 0.023304755 
416 88 6 9 0.023251247 
1 256 8 12 0.023194944 
832 159 10 12 0.023192095 
40 228 10 13 0.023163864 
805 77 9 12 0.023155805 
501 245 9 11 0.02314778 
769 60 9 12 0.02309813 
68 99 10 13 0.023065845 
203 435 27 37 0.023051232 
991 236 9 11 0.02301904 
768 272 8 10 0.022893893 
549 63 10 12 0.02289281 
557 67 11 13 0.022856662 
386 287 8 10 0.022800786 
614 118 11 16 0.022769459 
866 282 13 16 0.022761181 
108 490 11 13 0.022736248 
442 318 9 12 0.022725731 
610 94 7 9 0.022711227 
697 316 12 14 0.02269984 
593 108 9 11 0.022689527 
238 350 13 16 0.022681369 
172 283 11 15 0.022677965 
359 85 9 12 0.022676423 
117 67 9 12 0.0225868 
327 412 15 17 0.022578845 
525 65 11 15 0.022563389 
737 103 9 12 0.022547476 
136 252 9 11 0.022523442 
313 296 9 12 0.022514515 
543 279 12 14 0.022451181 
610 149 10 12 0.022422578 
105 278 7 10 0.022398395 
856 277 12 17 0.022394806 
985 237 10 11 0.022373334 
550 54 9 10 0.022364598 
201 318 9 12 0.022312332 
188 400 44 51 0.022309335 
105 154 9 13 0.022307662 
802 256 8 10 0.022281459 
286 87 8 10 0.022266835 
609 60 9 11 0.022262493 
253 499 34 44 0.022139924 
57 112 8 11 0.022125963 
639 253 13 15 0.022059096 
664 214 9 12 0.022040915 
940 149 12 15 0.022003515 
723 188 11 13 0.021980429 
639 560 13 17 0.021933524 
355 37 9 12 0.021903297 
74 156 9 12 0.021894865 
238 81 12 15 0.021867547 
55 262 8 10 0.021838944 
421 159 9 13 0.021743504 
290 570 21 26 0.02173182 
823 56 8 11 0.021708682 
909 224 9 12 0.021641718 
523 445 25 33 0.02162895 
487 280 9 12 0.021625185 
498 87 8 11 0.021609243 
248 94 8 11 0.021597771 
273 78 13 15 0.021591699 
97 196 8 10 0.021546585 
494 279 8 11 0.02154534 
213 288 9 11 0.021501444 
468 286 10 12 0.021454478 
584 93 7 9 0.021442123 
522 267 13 15 0.021440392 
431 70 10 12 0.021417243 
793 93 9 11 0.021412285 
941 638 14 17 0.02140715 
541 461 11 15 0.021384649 
567 253 11 13 0.021355988 
824 142 7 10 0.021318743 
55 180 10 13 0.021310203 
797 85 9 11 0.021301499 
662 189 8 12 0.021286506 
494 237 11 14 0.021263422 
311 60 11 13 0.021257607 
145 222 8 11 0.021152424 
543 305 22 29 0.021149902 
423 229 9 12 0.021105098 
264 102 8 11 0.021096911 
907 541 14 18 0.021095352 
47 296 10 13 0.02108065 
264 241 8 9 0.021064626 
545 96 9 11 0.021058677 
439 263 10 12 0.021056196 
901 215 8 9 0.021014629 
472 112 7 10 0.020980446 
748 568 54 65 0.02095885 
903 544 14 19 0.020945039 
354 87 9 12 0.020921707 
564 89 11 13 0.020889387 
463 94 8 10 0.020863798 
637 551 24 30 0.02084655 
638 206 8 11 0.020827083 
171 172 8 10 0.020763645 
118 279 9 10 0.020758966 
416 166 12 17 0.02075632 
696 299 46 59 0.0207537 
523 57 7 10 0.020751711 
162 590 29 41 0.020701151 
424 222 9 12 0.020700375 
159 77 11 14 0.02067172 
22 447 15 18 0.020652307 
167 229 9 11 0.020578733 
351 236 9 11 0.020566154 
736 63 9 11 0.02053972 
655 226 11 15 0.020475669 
437 122 10 13 0.020436293 
194 80 10 12 0.020416161 
710 132 9 12 0.020412976 
650 634 16 20 0.020412637 
168 279 11 13 0.020402482 
362 318 9 11 0.020387763 
658 198 9 11 0.020382334 
719 125 9 12 0.020379622 
219 327 10 12 0.020377215 
498 451 15 21 0.02037036 
444 235 10 12 0.020361941 
215 544 47 61 0.020350758 
545 54 9 10 0.020333111 
294 366 14 18 0.020290138 
515 105 8 10 0.020226128 
415 483 37 47 0.020217612 
800 293 11 14 0.020206178 
813 234 8 10 0.020197002 
139 190 7 9 0.020179674 
280 250 9 13 0.020164078 
456 233 13 17 0.020159187 
99 262 7 10 0.020144867 
15 224 8 9 0.020104792 
648 292 11 15 0.02009403 
799 96 9 11 0.020056648 
364 79 9 12 0.020053841 
937 171 11 14 0.020026969 
523 293 11 14 0.020019557 
331 447 14 17 0.020011248 
