2_Demonstration_Protesters_2_583
26
814 231 56 86 0.98076963 
903 125 13 17 0.87058276 
831 115 11 13 0.60861945 
896 111 8 11 0.37186077 
866 118 8 10 0.26701096 
997 118 8 11 0.14978364 
818 127 9 12 0.091502815 
790 252 62 75 0.088551715 
951 85 12 16 0.076736 
927 109 8 11 0.07231845 
838 226 28 42 0.06510055 
977 57 41 41 0.060238976 
590 207 43 45 0.05958046 
4 155 11 15 0.053348918 
396 23 141 138 0.039328378 
927 77 11 16 0.037556306 
819 131 11 14 0.034133155 
734 1 16 18 0.03305838 
946 86 19 24 0.030977963 
951 107 11 14 0.027566845 
1013 645 10 16 0.02430969 
946 98 16 20 0.024298998 
890 108 11 15 0.022688517 
643 474 124 115 0.022356508 
-27 50 480 621 0.0219058 
792 110 9 11 0.021140127 
