2_Demonstration_Protesters_2_65
30
560 251 62 83 0.9977822 
934 315 43 65 0.99672735 
733 214 73 103 0.9944214 
320 292 33 46 0.98905396 
270 273 34 44 0.98572624 
127 296 28 38 0.9558032 
163 271 37 55 0.86799955 
276 315 37 46 0.7543586 
149 351 35 48 0.31366885 
659 240 61 76 0.102501325 
100 326 23 29 0.086312726 
340 249 32 39 0.06590551 
60 302 28 41 0.06376482 
440 327 29 39 0.052497335 
877 347 44 70 0.034782372 
101 272 44 56 0.032000322 
69 300 12 16 0.030826256 
171 -3 83 79 0.029005863 
92 271 34 45 0.02694299 
300 301 34 47 0.025930014 
992 282 27 40 0.024977569 
893 305 33 43 0.02450897 
288 333 20 23 0.023071932 
152 268 29 46 0.022300383 
218 245 36 47 0.021997867 
75 256 43 60 0.021886494 
140 280 31 43 0.021643834 
428 320 28 44 0.021167444 
684 264 49 69 0.021148486 
110 411 44 65 0.02050482 
