2_Demonstration_Protesters_2_460
60
482 237 36 42 0.99850297 
883 204 28 36 0.99788994 
788 69 30 38 0.99786586 
483 95 37 46 0.997191 
73 86 28 38 0.9967325 
841 67 29 37 0.9964502 
34 66 27 33 0.9928092 
806 178 37 47 0.9901929 
272 232 41 52 0.98640174 
640 57 42 49 0.9860664 
162 82 19 22 0.9722705 
435 74 21 25 0.955821 
133 74 16 19 0.9457062 
955 92 21 35 0.8598474 
996 91 13 15 0.81646955 
708 65 20 28 0.7557825 
281 75 16 19 0.7444271 
891 50 43 50 0.17433302 
749 91 12 15 0.12164334 
143 191 26 31 0.09500308 
924 272 17 20 0.092553645 
698 69 21 23 0.05529182 
956 84 15 20 0.049793664 
3 66 14 18 0.048555974 
946 81 26 37 0.04739256 
735 75 37 46 0.04660377 
221 229 14 16 0.040356383 
675 236 24 29 0.03880819 
382 278 62 77 0.037520405 
223 119 9 12 0.037314907 
986 93 9 13 0.036289684 
434 56 28 34 0.03562415 
931 157 41 56 0.03536338 
912 164 45 55 0.03200166 
895 176 44 55 0.031267524 
670 7 45 50 0.030275384 
950 104 17 23 0.029855007 
967 77 10 12 0.029352147 
308 217 29 38 0.028842442 
227 231 26 40 0.02882725 
296 222 31 44 0.02676272 
974 74 10 12 0.026442418 
142 188 16 20 0.026417267 
978 88 38 56 0.026313722 
963 85 12 17 0.025691245 
973 93 11 15 0.025605874 
231 175 11 13 0.024730632 
962 87 24 34 0.024130052 
672 291 11 14 0.023769561 
741 82 25 27 0.02353696 
73 138 26 34 0.023484722 
10 66 13 17 0.022906851 
-1 70 14 22 0.022679422 
0 63 10 17 0.022462316 
281 83 18 21 0.022286454 
469 100 28 33 0.021527003 
982 78 8 11 0.021499924 
252 147 10 12 0.02069035 
460 254 9 13 0.020656945 
0 71 20 34 0.020645743 
