2_Demonstration_Protesters_2_370
27
701 181 59 72 0.9983936 
505 216 56 71 0.9976326 
43 267 44 55 0.994626 
125 245 39 50 0.994031 
579 237 69 76 0.99270284 
268 239 47 57 0.97734755 
330 210 47 81 0.9198322 
452 221 26 34 0.74009115 
212 239 25 30 0.29293314 
680 222 11 16 0.10582793 
702 506 418 534 0.051409 
367 265 58 51 0.043217562 
422 214 33 53 0.04198141 
465 284 18 23 0.034881063 
597 352 71 79 0.033427294 
405 219 39 58 0.032931734 
448 319 17 22 0.027946107 
532 221 54 70 0.026476871 
573 195 35 42 0.02398021 
321 233 36 61 0.02381058 
587 551 18 20 0.023800317 
671 220 15 18 0.022253128 
345 231 64 68 0.022047887 
375 239 58 61 0.02194278 
-54 485 421 549 0.02191126 
696 394 37 37 0.021786602 
314 446 14 17 0.021572499 
