2_Demonstration_Political_Rally_2_114
372
648 318 26 34 0.9993007 
952 342 27 46 0.8584432 
826 274 14 20 0.7182129 
462 315 22 32 0.67120385 
430 194 13 17 0.6056392 
598 285 14 18 0.60328895 
388 265 15 20 0.55562276 
3 355 29 53 0.52215445 
829 245 10 14 0.41155308 
96 321 25 45 0.37112063 
727 235 11 15 0.30296025 
881 239 10 13 0.30139723 
787 237 14 18 0.26313773 
501 246 13 18 0.26205346 
292 252 16 20 0.21271643 
867 206 12 15 0.20522359 
574 249 15 20 0.19325 
941 287 14 18 0.18070051 
65 211 10 12 0.16979268 
413 400 27 38 0.16624612 
310 223 10 14 0.1647453 
702 158 9 11 0.16451268 
959 173 10 12 0.16352007 
839 236 12 14 0.14845096 
91 266 14 16 0.14572038 
422 216 9 12 0.14298852 
106 261 27 38 0.14248401 
804 178 12 15 0.13683696 
272 171 11 13 0.12752868 
477 213 11 15 0.11992336 
498 219 9 12 0.11460799 
431 415 48 65 0.111180305 
879 220 11 13 0.10911552 
508 326 24 33 0.10517333 
680 232 9 12 0.1033972 
345 357 14 16 0.10157445 
546 314 24 28 0.09404687 
78 214 8 11 0.0940332 
87 96 7 10 0.09073651 
949 212 9 11 0.08966211 
623 213 9 11 0.088157535 
933 274 10 13 0.087685235 
292 166 11 15 0.0859584 
935 217 8 11 0.084531896 
796 282 13 19 0.08358435 
694 333 40 49 0.08341478 
29 173 9 12 0.07923728 
223 289 14 18 0.07506843 
484 235 12 16 0.0743303 
307 91 8 12 0.072587065 
381 99 10 13 0.072295465 
418 272 17 22 0.0711983 
339 236 12 16 0.07094734 
567 251 13 16 0.070774734 
648 247 10 12 0.06985665 
25 191 9 11 0.06921636 
453 194 10 13 0.06882723 
976 238 9 12 0.06832845 
14 212 11 13 0.06778688 
49 215 9 12 0.06625347 
838 221 8 11 0.06575636 
928 215 9 10 0.06440373 
68 388 41 47 0.063209295 
581 245 12 19 0.06269839 
462 243 11 15 0.06262713 
996 260 10 11 0.06050916 
505 249 17 21 0.060218636 
565 316 23 28 0.06021451 
62 258 13 19 0.0601693 
357 299 14 18 0.060166333 
97 214 8 11 0.05779317 
976 158 8 10 0.056592416 
634 201 7 9 0.056290373 
640 163 9 13 0.056071464 
605 235 11 14 0.05578473 
32 198 9 12 0.055399112 
401 401 52 59 0.055334337 
960 217 8 10 0.05523761 
717 160 10 11 0.05502481 
606 260 11 13 0.052927848 
141 211 10 13 0.052536365 
529 212 11 14 0.05208968 
672 238 11 15 0.050312385 
649 216 7 9 0.04996384 
428 273 15 21 0.0494819 
466 199 9 12 0.04897673 
802 282 14 19 0.04873839 
794 191 8 11 0.048305124 
283 249 21 29 0.048144247 
479 208 9 13 0.04727524 
773 164 7 10 0.04674417 
712 160 9 12 0.046150405 
705 215 10 13 0.045807093 
470 245 9 13 0.045527317 
503 238 13 17 0.045416627 
79 238 10 12 0.04453271 
24 180 10 13 0.04446113 
435 271 14 22 0.04443525 
30 212 11 15 0.043849006 
686 268 12 14 0.04367118 
510 229 11 13 0.043495987 
520 229 9 12 0.043328695 
807 244 11 14 0.043203894 
421 97 9 11 0.043048862 
330 235 19 22 0.042473383 
677 275 23 31 0.04222188 
948 285 13 16 0.041579 
593 230 8 10 0.0413662 
585 239 9 12 0.04125937 
424 411 15 20 0.04117774 
439 389 14 19 0.040971965 
529 206 10 12 0.040590104 
271 245 26 35 0.03998939 
804 184 14 18 0.039940987 
37 199 10 13 0.0394372 
921 206 10 12 0.038926743 
653 214 8 10 0.038756885 
613 297 16 21 0.03863548 
469 203 11 13 0.038584813 
352 276 26 31 0.037716158 
33 205 10 13 0.03748786 
379 366 109 106 0.037372235 
362 168 9 11 0.037354693 
550 253 9 12 0.03730997 
412 231 10 12 0.037180904 
822 176 9 11 0.0370665 
46 191 10 12 0.037030637 
835 241 13 16 0.036883976 
397 301 10 13 0.036852088 
446 357 9 12 0.036259074 
214 279 22 26 0.036232445 
102 212 9 13 0.03622344 
738 141 8 10 0.03621548 
637 201 8 10 0.036205176 
512 209 9 11 0.03611474 
823 180 9 12 0.036096558 
52 253 18 29 0.03594988 
455 237 10 14 0.035845876 
264 257 25 32 0.03580433 
812 277 20 25 0.035513915 
517 208 9 12 0.035037212 
352 293 24 30 0.034885883 
559 215 8 12 0.034814943 
848 206 8 10 0.034710564 
965 259 10 14 0.033996385 
366 27 15 20 0.033962972 
598 230 10 13 0.033887237 
791 165 7 10 0.03384315 
444 267 13 18 0.033719715 
566 230 9 11 0.033651855 
294 217 12 15 0.033524733 
341 212 10 12 0.03332259 
127 423 9 12 0.033174634 
340 64 9 12 0.033161577 
706 191 8 10 0.033022523 
532 259 11 13 0.032907553 
315 227 12 17 0.032906923 
962 191 10 13 0.032817073 
950 269 9 12 0.032564092 
455 371 11 15 0.032486573 
211 245 13 15 0.03246596 
692 263 12 15 0.032412656 
109 220 10 13 0.032323115 
25 196 9 12 0.032294985 
589 237 9 12 0.03205525 
424 228 10 13 0.031516727 
946 209 9 10 0.031369966 
974 293 14 17 0.03133528 
795 237 13 17 0.031311195 
104 331 32 47 0.031093908 
305 226 12 16 0.031070592 
988 208 9 11 0.030505806 
607 212 8 10 0.030503655 
982 165 8 11 0.030420942 
546 479 53 67 0.030238029 
512 224 9 12 0.030096466 
855 244 9 12 0.030081652 
956 300 11 14 0.029798185 
457 242 11 14 0.029754985 
649 232 9 11 0.02969412 
766 196 9 11 0.02959636 
319 234 13 19 0.029569263 
528 502 56 50 0.029526578 
549 219 11 14 0.02948181 
257 242 42 54 0.029425433 
855 197 9 13 0.02934156 
775 238 9 13 0.029282885 
587 253 11 16 0.029241696 
449 180 8 10 0.029154476 
322 212 8 10 0.028857753 
228 297 14 18 0.028837597 
350 264 24 27 0.028816884 
77 243 12 15 0.028756361 
276 196 13 18 0.028631024 
325 239 14 17 0.028567342 
832 276 14 17 0.028536255 
149 268 17 20 0.028526507 
302 220 12 15 0.028371261 
229 286 12 16 0.028322145 
625 267 10 12 0.028304147 
956 284 10 13 0.028291296 
950 260 9 12 0.028166803 
982 285 12 16 0.027916953 
967 216 7 9 0.027856538 
277 154 11 14 0.027726332 
924 283 12 17 0.027673896 
873 168 8 10 0.027671983 
652 237 9 11 0.027626848 
70 243 11 14 0.027528204 
777 201 8 9 0.027489705 
22 212 11 15 0.02726936 
45 170 12 14 0.027157564 
325 209 9 11 0.027063005 
982 160 8 10 0.0269912 
526 244 11 14 0.026911328 
977 297 16 20 0.026904438 
94 219 9 13 0.026862668 
418 378 55 66 0.026806984 
505 207 8 10 0.026767904 
499 303 13 19 0.026757719 
260 270 27 34 0.026745358 
712 176 10 12 0.0266381 
77 219 10 12 0.026598936 
930 219 9 12 0.026533445 
782 539 13 12 0.026381148 
300 214 10 14 0.026359877 
288 158 8 12 0.026351003 
478 243 10 13 0.026189927 
40 189 11 13 0.025995336 
376 115 11 14 0.025958883 
410 236 8 11 0.025939986 
429 181 9 11 0.025858963 
141 243 11 16 0.025858387 
776 127 8 11 0.025845747 
355 311 26 35 0.025832769 
696 230 9 12 0.025743188 
524 230 10 12 0.0254077 
862 187 10 14 0.025344452 
791 285 13 20 0.02531346 
447 261 11 14 0.025291903 
544 316 47 57 0.0249861 
909 222 10 13 0.024969514 
954 173 10 12 0.024873236 
97 230 8 12 0.024780339 
534 220 9 11 0.024778934 
362 293 14 16 0.024727508 
789 233 11 14 0.02468653 
10 150 8 12 0.024663292 
822 189 11 15 0.024617426 
31 168 9 11 0.024528045 
69 130 11 14 0.024388066 
470 159 8 10 0.024382286 
647 219 8 12 0.024371054 
708 218 11 14 0.024368433 
766 223 9 11 0.02432499 
686 358 46 59 0.024323968 
862 239 10 13 0.024317686 
976 221 9 10 0.024251554 
831 215 10 12 0.02417161 
640 222 8 10 0.024103511 
629 236 11 15 0.02409973 
500 215 10 13 0.024051359 
119 212 10 11 0.023976335 
985 211 9 12 0.023948723 
629 263 9 12 0.023902142 
775 148 10 12 0.023873502 
885 230 11 13 0.023795824 
408 254 9 12 0.023761163 
949 296 13 17 0.02370756 
452 254 13 15 0.02369898 
422 388 27 38 0.023615375 
781 199 9 12 0.023603128 
927 261 10 12 0.023537766 
623 219 10 13 0.023498975 
814 246 9 13 0.023495063 
887 196 10 13 0.023446241 
884 216 10 12 0.023428671 
66 252 15 22 0.023417141 
581 250 20 27 0.023367256 
685 234 11 14 0.023330849 
454 202 10 14 0.023297641 
687 198 9 11 0.023227792 
944 269 9 12 0.023121199 
545 220 10 12 0.023062252 
894 262 11 13 0.023032228 
493 236 12 16 0.023019401 
276 259 14 22 0.023007903 
732 231 12 17 0.02299778 
956 336 15 23 0.022946283 
893 270 21 26 0.022873688 
854 203 9 13 0.022783577 
438 305 34 47 0.022767812 
473 180 8 11 0.022760356 
816 189 9 13 0.022692226 
878 227 12 15 0.022617191 
827 241 18 22 0.022607991 
841 199 8 9 0.022573385 
508 265 13 17 0.022565527 
628 182 9 12 0.022536138 
337 207 10 12 0.022446452 
941 221 9 11 0.022414196 
663 230 10 12 0.02240115 
309 231 13 18 0.022388503 
677 182 10 13 0.022353832 
398 239 9 13 0.022308223 
792 196 9 11 0.022210725 
439 238 9 11 0.022202555 
432 247 9 12 0.02219352 
75 342 46 50 0.02219151 
750 236 10 13 0.022147646 
570 208 9 11 0.022096448 
976 214 8 11 0.022050375 
449 237 10 12 0.02204661 
761 192 10 12 0.022012219 
792 212 10 13 0.021962224 
334 103 7 10 0.021942839 
261 172 10 12 0.021927895 
403 318 25 34 0.021873493 
454 180 8 11 0.021857643 
815 180 10 14 0.021852348 
68 308 41 50 0.021839155 
527 221 10 11 0.021753402 
965 195 9 12 0.021743167 
766 181 8 10 0.021683132 
653 232 9 11 0.021614749 
774 229 10 12 0.02156867 
862 165 10 12 0.021545209 
89 222 9 11 0.021491555 
364 269 13 16 0.021461003 
504 229 10 14 0.02143539 
86 231 9 12 0.021395756 
574 212 8 11 0.021305539 
644 285 11 14 0.0211807 
680 259 12 15 0.021176687 
285 246 14 19 0.02114962 
936 284 14 18 0.021103885 
545 245 10 13 0.021093464 
689 275 16 19 0.021036904 
287 93 9 11 0.02103398 
23 246 28 36 0.02101737 
153 268 24 28 0.02099187 
503 309 24 34 0.020988924 
629 244 11 13 0.020975722 
869 200 11 13 0.020973785 
628 215 7 10 0.020919444 
618 212 8 12 0.020888368 
890 278 16 21 0.020870794 
735 191 9 11 0.020820824 
821 353 55 51 0.020793617 
594 226 7 9 0.020710953 
805 228 12 14 0.020656154 
792 183 9 12 0.020591874 
720 221 8 10 0.02055539 
261 239 27 34 0.020487543 
969 275 10 13 0.020483732 
84 236 9 12 0.020483604 
213 278 14 18 0.020462437 
853 221 10 14 0.020446464 
955 328 26 36 0.02032198 
888 182 8 11 0.020306306 
783 221 10 13 0.02028291 
686 254 12 14 0.020264866 
728 191 9 12 0.02025416 
125 241 20 26 0.020199003 
807 221 10 12 0.020180142 
721 236 10 14 0.020146642 
80 232 9 13 0.02012995 
762 307 26 40 0.020111706 
117 262 12 17 0.020089192 
967 268 10 14 0.020062683 
742 230 11 14 0.020025963 
413 253 10 13 0.020000616 
