2_Demonstration_Demonstrators_2_181
91
75 530 58 77 0.99848026 
941 541 35 45 0.9969613 
847 500 25 31 0.9964239 
883 592 47 60 0.9964089 
662 522 36 47 0.99534285 
411 533 25 31 0.99479103 
718 513 22 28 0.9861951 
529 562 22 31 0.9328166 
260 530 13 17 0.92216825 
545 514 12 16 0.89815223 
231 542 21 28 0.8905968 
464 532 15 18 0.8626025 
760 564 27 33 0.8504432 
185 552 23 30 0.8180354 
280 530 17 21 0.7792289 
782 499 17 22 0.7158423 
338 535 12 15 0.6109311 
423 514 11 14 0.2523727 
463 688 348 397 0.17448114 
257 633 191 256 0.15921503 
438 509 9 12 0.13567254 
430 509 12 14 0.13384064 
378 517 11 15 0.11983976 
561 545 16 19 0.083967924 
312 510 11 15 0.08271967 
503 526 11 14 0.076150104 
545 468 10 12 0.07597119 
454 517 9 12 0.074479885 
665 494 10 13 0.066180125 
266 527 18 25 0.06359574 
152 557 19 31 0.06192393 
336 610 64 74 0.060834706 
190 515 14 17 0.057571564 
405 515 12 15 0.05743762 
908 316 12 13 0.057384543 
776 517 11 15 0.05578443 
524 525 11 13 0.047974 
808 457 14 18 0.046601478 
907 477 21 28 0.04435216 
158 526 12 15 0.04321758 
361 540 11 15 0.042773165 
218 458 14 19 0.041487932 
376 536 13 18 0.041240722 
542 541 10 13 0.040584136 
180 534 15 20 0.03971505 
462 516 10 13 0.039221555 
469 515 11 13 0.038084235 
480 502 10 12 0.036653377 
192 582 27 34 0.035481885 
532 558 16 21 0.033682067 
308 525 11 14 0.030870516 
197 411 16 18 0.030313646 
365 535 12 15 0.029691083 
228 524 13 16 0.029598702 
886 407 26 35 0.02952037 
414 516 11 13 0.02939195 
795 499 14 19 0.02930203 
303 499 11 14 0.02826467 
326 501 11 15 0.027901608 
368 516 9 12 0.02762297 
780 513 13 17 0.027028782 
230 532 14 19 0.027024437 
831 639 38 52 0.027018616 
496 518 10 12 0.026656354 
501 519 12 15 0.025815737 
327 518 10 12 0.025594322 
499 524 11 14 0.025481625 
484 524 11 13 0.025243154 
401 511 9 12 0.025146797 
801 525 10 13 0.024362527 
208 -32 283 222 0.024337232 
316 501 13 17 0.02416912 
311 502 11 14 0.02359743 
509 516 10 14 0.023162138 
758 516 38 49 0.022710644 
366 512 8 10 0.021885727 
294 516 12 14 0.021825736 
181 537 23 28 0.021552542 
376 512 11 14 0.021494841 
525 518 11 14 0.02148381 
234 535 17 21 0.021321483 
163 526 13 16 0.0212489 
631 507 9 12 0.021101063 
239 381 14 17 0.021028742 
494 540 11 15 0.020782035 
502 562 12 17 0.020673564 
344 518 8 10 0.020665415 
663 486 11 13 0.020630626 
184 564 30 44 0.020577032 
835 628 28 41 0.020256484 
658 480 7 9 0.020054163 
