2_Demonstration_Demonstrators_2_470
22
456 140 114 146 0.9994299 
486 299 177 232 0.9980951 
625 26 83 128 0.9944549 
15 136 288 429 0.99196327 
879 115 88 156 0.99129033 
399 47 86 121 0.9734678 
58 61 127 149 0.7392552 
555 63 45 59 0.39433402 
770 93 41 62 0.14978634 
429 82 114 153 0.0811948 
576 53 71 97 0.07890086 
332 13 41 49 0.06097559 
278 51 25 31 0.047518406 
567 53 37 47 0.040989306 
551 79 59 87 0.037747953 
568 68 20 27 0.029390724 
611 50 62 99 0.026160138 
114 82 73 85 0.0239806 
46 20 99 121 0.023377405 
39 21 57 78 0.022712307 
256 78 36 41 0.020553336 
956 -1 42 38 0.020264799 
