2_Demonstration_Protesters_2_293
123
291 432 55 74 0.9990471 
222 522 85 112 0.9986528 
455 434 53 77 0.9984993 
797 456 55 76 0.99556965 
88 344 41 67 0.99515176 
543 461 67 93 0.9949126 
862 450 77 99 0.9942713 
163 375 42 57 0.98978806 
566 410 49 63 0.98588866 
413 471 41 83 0.97687095 
349 361 38 53 0.9767845 
481 367 38 46 0.9653015 
834 593 74 87 0.96490633 
409 337 30 38 0.95027804 
731 513 47 98 0.9216089 
605 386 35 53 0.88619626 
47 329 33 45 0.75681645 
124 352 34 54 0.45157 
315 345 16 20 0.36487246 
244 459 40 54 0.3312072 
675 361 30 39 0.33087477 
3 430 28 63 0.24563251 
836 407 46 51 0.21511604 
638 461 37 40 0.20912236 
855 400 43 50 0.19649139 
0 370 25 60 0.1528458 
732 423 41 55 0.12856151 
586 332 14 18 0.12558904 
465 364 11 14 0.123676494 
605 513 46 64 0.11816446 
820 452 66 91 0.11677641 
59 304 22 21 0.10689983 
816 429 49 67 0.1012734 
439 334 16 22 0.100341134 
341 315 17 21 0.09868767 
841 332 11 14 0.09335845 
184 325 42 54 0.09312858 
436 446 49 80 0.092510365 
440 255 10 12 0.0878838 
262 466 33 45 0.08677782 
118 271 14 23 0.08494671 
837 404 32 33 0.0814066 
660 450 44 55 0.08131452 
176 345 44 56 0.08096624 
748 419 48 58 0.0726367 
52 671 14 14 0.07193729 
837 405 16 21 0.06905943 
299 355 12 14 0.068466686 
750 521 60 94 0.06781982 
599 323 12 15 0.06707417 
372 374 29 38 0.065702096 
101 290 20 27 0.05792722 
575 330 38 49 0.053572778 
150 360 42 56 0.051426455 
274 325 11 14 0.04885955 
382 344 28 36 0.04843797 
878 326 9 12 0.04829846 
679 437 49 62 0.0478342 
647 375 35 42 0.04641054 
52 309 28 36 0.045631047 
598 330 13 16 0.045301564 
598 282 27 32 0.044743296 
775 539 93 124 0.043745533 
345 305 22 29 0.04268991 
588 306 13 17 0.0410793 
396 338 30 35 0.040284153 
1 134 22 32 0.039321464 
803 334 13 15 0.03880122 
658 363 49 60 0.0378829 
780 331 14 19 0.03756925 
437 308 22 26 0.03664836 
454 320 13 18 0.034637854 
58 315 43 57 0.03424482 
804 340 13 16 0.033856172 
793 378 26 31 0.03356041 
396 347 15 20 0.0335181 
805 379 12 15 0.033374228 
438 261 16 22 0.033368528 
8 457 55 78 0.032947093 
356 295 17 20 0.032844916 
864 388 30 41 0.03267813 
874 323 10 14 0.03264943 
107 280 19 29 0.032405745 
340 503 59 74 0.032037504 
355 303 17 22 0.031762913 
113 276 12 18 0.031332273 
641 382 51 64 0.031319495 
550 356 31 37 0.031291038 
813 408 32 39 0.030825403 
174 331 31 40 0.030257093 
379 359 29 38 0.029732151 
203 330 37 53 0.029298885 
573 328 24 31 0.028975077 
633 319 11 13 0.028889026 
763 338 12 16 0.027992234 
766 328 22 32 0.027951198 
729 429 11 14 0.027318168 
871 317 10 14 0.0267567 
802 340 22 30 0.02584463 
798 380 13 16 0.025761785 
131 380 32 42 0.025513876 
658 364 32 36 0.025443455 
51 330 18 24 0.025214389 
827 404 23 30 0.024664415 
692 23 12 13 0.024212826 
716 434 37 48 0.024134394 
492 429 50 65 0.024053024 
423 329 24 33 0.0240242 
867 379 25 30 0.023317175 
835 478 31 50 0.022918861 
251 414 31 34 0.021831267 
756 490 93 113 0.021288853 
593 353 43 57 0.020958867 
163 335 26 35 0.020937497 
669 415 49 66 0.020880707 
462 358 22 25 0.020701708 
443 325 23 29 0.020638056 
674 565 65 63 0.020383457 
308 351 16 19 0.02024108 
697 172 9 12 0.02020492 
763 284 14 19 0.020195464 
643 479 20 21 0.020109829 
0 366 14 22 0.020078346 
