2_Demonstration_Protesters_2_508
95
951 177 31 36 0.997182 
956 110 24 31 0.99157083 
717 167 36 40 0.98657227 
312 179 33 38 0.9825363 
868 141 25 42 0.9732764 
240 182 24 33 0.8720398 
987 147 25 31 0.8490708 
935 157 21 28 0.8116259 
654 157 21 26 0.66561323 
789 141 23 26 0.66450465 
97 179 25 29 0.62894285 
437 209 34 43 0.55640775 
180 201 29 33 0.4844657 
543 165 28 39 0.37529826 
864 121 13 16 0.3025505 
664 155 21 25 0.2711389 
266 176 26 33 0.19178452 
107 231 28 37 0.179554 
250 178 24 36 0.15622796 
223 243 43 72 0.14952861 
202 297 14 18 0.14951666 
750 365 14 17 0.13015881 
668 135 16 19 0.113244146 
942 164 27 35 0.10757288 
703 198 23 30 0.09937882 
355 216 46 56 0.09683524 
590 143 13 16 0.095054425 
85 172 29 36 0.09168089 
637 149 11 15 0.08673823 
113 225 19 19 0.08285121 
610 200 33 45 0.08248612 
780 147 17 23 0.075612165 
982 121 15 20 0.07148246 
751 214 13 17 0.06502303 
461 196 13 20 0.06431872 
560 228 46 60 0.06323391 
261 204 16 23 0.060173977 
535 327 11 14 0.046096172 
638 162 13 20 0.044775996 
491 212 41 57 0.042535774 
497 201 15 20 0.042195305 
191 241 13 16 0.038951505 
696 188 14 18 0.03858809 
683 154 15 21 0.03728221 
260 190 22 32 0.03631717 
181 217 19 22 0.035974145 
372 83 13 16 0.035667345 
989 142 16 19 0.03518241 
702 180 11 17 0.03466065 
451 199 24 30 0.032351468 
830 254 10 14 0.030947825 
226 266 58 83 0.030845763 
631 149 22 29 0.030532068 
491 170 48 64 0.029992387 
699 182 26 35 0.029700927 
189 182 27 33 0.029178055 
549 180 29 37 0.02916082 
301 184 30 37 0.02828534 
98 150 23 26 0.02818998 
362 226 29 34 0.028004628 
645 161 15 20 0.02774677 
490 188 26 32 0.02742861 
782 143 36 44 0.027169107 
524 188 15 22 0.026997853 
451 290 33 42 0.026788611 
619 199 17 22 0.026279695 
175 87 11 13 0.026179671 
4 233 33 63 0.025431965 
986 127 17 21 0.025374187 
609 142 10 12 0.024795972 
704 174 10 14 0.024715524 
562 178 39 45 0.024671882 
490 207 22 25 0.0244546 
93 227 44 64 0.024389597 
911 147 20 29 0.024381796 
794 170 31 41 0.023084193 
370 228 17 21 0.022860626 
27 183 28 34 0.022349393 
795 135 14 19 0.022334294 
185 223 23 30 0.022113912 
501 188 25 30 0.021932768 
237 194 17 25 0.02180181 
443 203 19 19 0.021622293 
272 73 16 19 0.021354187 
657 149 37 42 0.021347558 
999 150 18 23 0.021104373 
587 149 16 22 0.020973658 
156 230 22 28 0.020885646 
564 311 33 41 0.020874975 
535 178 26 37 0.02086902 
691 155 14 19 0.020736054 
583 141 14 15 0.020189632 
489 215 27 30 0.020179221 
922 150 20 29 0.020143846 
565 209 46 54 0.020132702 
