2_Demonstration_Protesters_2_531
1506
740 331 15 18 0.9875613 
752 362 15 19 0.98608196 
696 322 13 18 0.9843332 
456 509 17 24 0.9842455 
156 472 16 22 0.98408806 
605 328 15 21 0.9838374 
979 435 17 23 0.98324203 
171 510 17 23 0.98273706 
115 508 20 25 0.98210907 
122 473 15 19 0.9810714 
124 539 19 24 0.98010135 
494 445 16 21 0.97915024 
466 480 17 22 0.97599787 
845 413 15 20 0.9759889 
571 550 18 22 0.9744912 
107 582 18 26 0.9736275 
989 389 17 21 0.9726209 
12 566 21 26 0.9719357 
644 478 17 22 0.97177446 
933 262 13 16 0.97061026 
1003 579 19 25 0.9702323 
295 651 20 27 0.96995914 
313 490 18 24 0.96924174 
246 473 16 21 0.96717626 
618 433 18 24 0.9668382 
847 197 11 15 0.966501 
786 486 16 22 0.9629299 
957 238 14 18 0.96076477 
453 320 14 17 0.95872074 
81 459 19 24 0.95780593 
161 642 22 26 0.95712376 
748 489 17 21 0.9559115 
666 542 15 25 0.9557367 
990 263 12 17 0.95486987 
627 389 16 19 0.95361656 
607 243 11 16 0.95334995 
795 391 14 19 0.95256495 
422 130 9 13 0.95075077 
24 517 18 22 0.9507261 
602 455 18 23 0.94891685 
904 364 14 18 0.9487123 
364 582 22 26 0.9468589 
928 541 19 24 0.9455023 
61 491 17 22 0.9452219 
278 326 15 20 0.9417854 
501 315 14 19 0.9411013 
233 490 17 21 0.94050133 
470 279 14 18 0.9404706 
767 537 21 27 0.94044924 
571 306 13 17 0.93870324 
895 406 16 21 0.938282 
678 196 14 17 0.93702066 
502 226 12 16 0.93424124 
21 435 15 19 0.9326601 
347 413 17 21 0.9319312 
516 462 19 22 0.93140024 
614 302 15 19 0.9312836 
282 499 18 22 0.9307934 
135 249 12 16 0.930022 
880 538 18 23 0.9296511 
91 278 14 18 0.926412 
410 158 10 13 0.9259538 
498 283 14 19 0.92330486 
663 355 13 16 0.92280376 
585 492 18 23 0.9223594 
22 361 16 20 0.92090696 
565 278 13 17 0.91735923 
786 437 16 21 0.9130388 
655 315 13 17 0.9130283 
70 314 14 18 0.911142 
356 300 15 19 0.9087895 
842 262 15 19 0.90776545 
140 621 18 24 0.9066357 
788 570 16 18 0.90616024 
348 450 14 18 0.9050648 
788 323 14 16 0.9049272 
407 477 17 21 0.90048367 
11 415 15 18 0.89974374 
797 267 12 16 0.8994681 
582 288 12 16 0.8987458 
22 243 13 16 0.8984796 
668 233 12 17 0.8975521 
655 263 16 20 0.89670664 
822 230 13 16 0.8958847 
205 187 12 15 0.8953297 
421 338 12 16 0.8941631 
867 461 17 23 0.89390516 
368 243 11 15 0.8923505 
151 323 12 17 0.8919158 
96 424 16 20 0.8889976 
680 387 18 22 0.88031787 
268 574 15 20 0.8776537 
247 372 14 18 0.8766289 
497 193 11 16 0.8764507 
94 238 12 17 0.87556016 
972 219 13 16 0.8751304 
39 285 13 17 0.87353325 
142 406 18 23 0.86859995 
454 204 12 15 0.8679663 
226 650 20 26 0.8660265 
678 141 8 11 0.86208564 
398 506 18 22 0.85694325 
917 480 19 26 0.85491306 
960 313 13 17 0.8542882 
996 318 14 18 0.8535667 
274 183 11 14 0.84832764 
773 122 10 13 0.8468027 
426 208 12 16 0.8427091 
476 313 13 16 0.8342824 
430 413 16 19 0.8314784 
135 302 13 17 0.82790595 
777 284 11 15 0.82732433 
863 179 12 15 0.8228897 
749 421 17 21 0.82166743 
37 353 16 19 0.8132613 
265 276 14 17 0.8059782 
793 119 10 12 0.8055963 
701 412 13 17 0.8044133 
127 217 11 15 0.803025 
412 230 12 16 0.8005965 
22 472 17 22 0.79944164 
452 235 12 16 0.7985902 
835 312 14 18 0.79666775 
962 423 15 18 0.7949869 
418 279 14 18 0.792622 
584 329 13 16 0.7908023 
345 285 11 13 0.790357 
191 431 15 21 0.78619426 
637 236 12 15 0.7851848 
336 511 17 21 0.7754723 
829 404 15 17 0.7543189 
469 370 13 17 0.7488609 
867 250 13 16 0.74602973 
33 162 11 15 0.74301493 
341 217 9 11 0.73982006 
749 173 11 14 0.7376077 
525 302 13 17 0.7364971 
49 372 15 19 0.734858 
958 179 11 15 0.73473877 
687 448 12 17 0.733739 
717 87 12 15 0.7315307 
732 230 13 17 0.73081046 
518 500 15 19 0.7300407 
809 357 15 19 0.7295651 
53 316 14 17 0.72761786 
201 298 13 18 0.7257444 
40 316 12 15 0.7210512 
908 183 13 17 0.7180787 
900 266 12 15 0.714227 
675 280 16 18 0.712571 
299 387 15 18 0.70978785 
760 150 9 12 0.709033 
413 521 20 26 0.69696504 
882 234 13 18 0.6873199 
888 192 13 16 0.6847515 
198 253 12 15 0.6822552 
1007 226 12 15 0.68186414 
399 251 13 17 0.6781884 
343 395 12 15 0.6743032 
245 119 8 11 0.6734011 
117 323 12 15 0.65563005 
70 205 12 15 0.6488427 
757 405 14 18 0.6403194 
416 446 17 20 0.63881755 
743 108 10 14 0.6347786 
891 382 14 18 0.6283506 
377 261 11 15 0.62671167 
517 564 22 26 0.6201124 
480 427 14 18 0.6185827 
899 311 13 17 0.617355 
229 244 11 15 0.61729896 
774 260 11 15 0.61683077 
800 289 13 16 0.6150302 
746 248 10 12 0.61047214 
810 257 12 16 0.60740983 
976 299 12 15 0.5984075 
734 25 8 11 0.59563494 
552 178 10 13 0.59428763 
242 229 11 14 0.58445686 
684 172 11 14 0.5843039 
355 477 15 18 0.5832549 
700 142 9 12 0.578518 
268 153 11 14 0.5769929 
897 76 9 13 0.5689737 
-1 605 13 23 0.55856556 
815 85 10 14 0.5554637 
843 330 13 15 0.5547364 
458 138 12 15 0.5518313 
584 207 11 14 0.53945816 
274 464 15 20 0.5366509 
830 187 10 14 0.5328838 
780 77 9 11 0.5265453 
483 145 11 16 0.5253642 
731 198 12 15 0.52201176 
942 92 11 14 0.5159165 
346 341 13 15 0.5132074 
991 165 12 14 0.51270723 
684 474 15 20 0.5117166 
239 288 11 15 0.5085911 
474 404 13 16 0.49548534 
0 325 10 16 0.48984957 
301 167 10 12 0.48881933 
423 301 13 15 0.48553377 
633 409 15 18 0.48192415 
967 278 12 15 0.4715402 
355 157 11 14 0.4676574 
873 141 12 15 0.46610028 
212 271 11 14 0.46500355 
393 134 11 15 0.4646307 
943 225 12 15 0.45745948 
433 118 9 12 0.4498995 
996 641 18 32 0.44921148 
897 171 11 14 0.4455117 
320 175 11 14 0.44480562 
183 167 10 12 0.43570608 
542 118 12 14 0.43472907 
287 163 10 13 0.43327457 
380 207 9 12 0.4323643 
822 133 10 12 0.43183473 
280 104 11 13 0.42974263 
815 106 9 12 0.418093 
175 238 10 14 0.4115548 
582 242 12 15 0.40547702 
387 117 10 13 0.40316147 
372 382 13 16 0.40304875 
681 246 13 16 0.38688573 
252 309 12 17 0.3857024 
925 330 11 14 0.3785133 
540 217 12 16 0.3747204 
418 574 15 23 0.37303996 
592 261 12 16 0.36561212 
990 180 10 14 0.36505377 
746 191 9 13 0.3595965 
155 285 13 17 0.35822698 
356 223 10 13 0.34839877 
212 496 11 16 0.34802088 
757 87 10 13 0.3476484 
63 259 13 15 0.34409687 
127 383 15 19 0.34299326 
226 126 10 13 0.3389748 
323 226 9 12 0.33638743 
757 332 12 14 0.33592632 
565 8 8 10 0.3351124 
975 84 10 12 0.33060047 
873 443 16 19 0.3290395 
636 215 10 13 0.32083675 
186 210 10 13 0.32010904 
618 358 14 17 0.3125911 
622 110 12 14 0.3043572 
378 427 13 15 0.30105576 
743 74 10 13 0.29878637 
357 137 8 11 0.2971214 
310 213 10 13 0.29645327 
894 166 11 14 0.29163375 
895 298 14 16 0.28808245 
666 380 13 17 0.2868484 
411 202 11 14 0.28222564 
800 187 10 14 0.28211644 
710 301 12 14 0.27749392 
294 117 9 12 0.2735448 
760 317 10 13 0.2701808 
407 332 9 12 0.26947534 
232 141 10 13 0.26256195 
678 12 12 14 0.25570455 
512 118 9 11 0.2525625 
784 204 11 14 0.24926794 
631 342 11 14 0.24461727 
766 220 12 15 0.24137948 
911 103 9 12 0.24061769 
279 140 9 13 0.24046281 
44 51 10 12 0.23779123 
103 262 11 15 0.2333325 
100 215 11 14 0.2308136 
48 190 12 15 0.22892655 
894 110 9 11 0.22869441 
813 78 13 17 0.2268048 
12 405 16 20 0.22223867 
209 92 9 11 0.22081664 
535 212 12 16 0.22052848 
717 301 12 14 0.21373487 
852 363 12 16 0.21209192 
319 110 9 12 0.20534055 
537 100 10 12 0.2015359 
448 491 11 15 0.2015355 
546 30 8 10 0.19916345 
724 249 12 16 0.19373307 
717 269 12 16 0.19314434 
872 224 11 14 0.19245681 
940 158 12 16 0.19163685 
319 255 11 15 0.18795735 
853 358 10 12 0.1879144 
18 619 19 23 0.18696463 
498 371 10 14 0.1862381 
496 354 13 16 0.18452252 
786 92 9 12 0.18398885 
962 96 10 13 0.1837629 
243 155 11 13 0.18077752 
711 40 10 12 0.1779135 
655 340 11 14 0.17768505 
757 120 9 11 0.17561893 
364 92 11 14 0.17237398 
437 28 8 11 0.17170268 
330 31 8 10 0.17128758 
294 144 9 11 0.17086588 
229 221 10 12 0.16689754 
645 316 13 15 0.16591479 
472 349 10 13 0.16472137 
164 191 10 14 0.16271469 
535 320 12 15 0.16260777 
281 436 15 19 0.16123603 
456 350 11 14 0.16059804 
417 382 17 22 0.16006854 
708 167 11 14 0.15828899 
641 316 11 13 0.15691319 
769 95 9 11 0.15574108 
1 525 10 15 0.15409024 
831 376 10 13 0.14915924 
129 198 8 11 0.14873809 
816 9 9 12 0.14564243 
12 205 11 14 0.14545786 
236 184 11 12 0.14541033 
995 4 8 11 0.1449729 
296 188 8 11 0.14247894 
514 21 8 11 0.14207458 
217 157 10 11 0.14179215 
848 240 11 12 0.14169247 
918 108 9 12 0.14088188 
176 3 10 12 0.140441 
848 87 8 11 0.1399955 
215 259 10 13 0.13760968 
333 124 10 12 0.1373839 
776 457 12 16 0.1368456 
196 126 8 12 0.13469878 
594 181 9 12 0.1346091 
59 298 11 14 0.1323775 
597 204 10 14 0.1323441 
768 119 11 14 0.12977639 
990 172 13 16 0.12964506 
1003 101 12 16 0.1277303 
373 293 11 13 0.1269172 
573 105 9 10 0.12665586 
534 523 16 20 0.12652712 
583 94 9 11 0.12644202 
198 276 8 11 0.12460718 
858 72 9 11 0.12441565 
661 119 9 11 0.12237069 
670 20 9 12 0.122221075 
339 78 7 9 0.11976868 
345 374 10 12 0.119678736 
645 183 9 11 0.119466715 
390 190 11 14 0.118075095 
767 215 11 13 0.11583302 
704 24 8 11 0.11469923 
868 449 21 24 0.11446014 
889 2 9 9 0.114303924 
713 119 9 11 0.11425489 
724 302 11 14 0.11297549 
528 207 10 13 0.11289906 
338 651 15 22 0.11146625 
622 190 9 11 0.10970173 
670 438 11 14 0.109682634 
205 317 10 12 0.10780939 
356 191 10 12 0.10733552 
790 357 13 17 0.105613306 
27 355 18 23 0.104990065 
350 109 11 14 0.10375618 
1014 420 9 14 0.103625335 
257 358 10 13 0.10361139 
489 125 10 12 0.10327622 
877 227 13 16 0.10279389 
354 245 8 11 0.10205367 
4 348 14 18 0.10165869 
375 126 9 11 0.10083337 
365 173 8 11 0.1003669 
634 95 11 12 0.09984565 
172 220 11 15 0.09910706 
657 116 10 12 0.09884325 
329 242 10 13 0.09817034 
716 187 12 16 0.096711874 
180 128 9 12 0.09662519 
271 563 23 32 0.09590734 
473 99 8 11 0.09582028 
678 120 10 12 0.0951461 
812 435 16 19 0.09382072 
883 100 8 10 0.0938042 
632 300 12 16 0.09184955 
936 1 9 10 0.09148026 
326 141 12 14 0.090942636 
834 111 9 12 0.090733394 
827 356 13 16 0.09059323 
720 183 10 13 0.090375155 
867 102 12 14 0.09023471 
822 205 10 13 0.08951343 
458 354 13 15 0.089511715 
607 494 17 21 0.088798024 
857 165 9 11 0.08835197 
73 225 9 11 0.08825582 
48 231 8 11 0.08786501 
160 142 9 11 0.08743862 
775 164 10 12 0.08642498 
728 287 11 13 0.085729025 
820 138 13 16 0.08562994 
655 111 9 12 0.08551655 
592 230 12 14 0.0852874 
476 466 16 18 0.0851069 
160 181 9 12 0.08471465 
896 261 13 16 0.08378013 
406 347 8 12 0.083756454 
689 30 9 11 0.08297465 
269 62 10 13 0.082853556 
765 247 10 12 0.0827691 
140 147 10 12 0.080806874 
693 119 7 11 0.08034799 
285 204 10 12 0.07966111 
498 412 10 14 0.07955581 
278 227 10 13 0.07914977 
261 119 9 11 0.077863775 
69 254 12 16 0.077204876 
848 105 9 10 0.07681852 
296 165 10 14 0.07657338 
391 252 11 14 0.07612574 
519 92 7 10 0.07570163 
244 347 11 14 0.07529127 
927 402 13 17 0.07527176 
469 73 10 11 0.074979514 
896 255 10 11 0.07462673 
516 135 10 12 0.07452794 
261 324 11 16 0.07434222 
182 301 10 14 0.07417637 
549 214 11 15 0.07417034 
794 150 10 14 0.0732544 
273 87 9 11 0.07252699 
223 327 9 12 0.072321124 
737 95 8 9 0.07183533 
210 121 7 9 0.07118418 
890 164 10 13 0.07113637 
87 307 11 15 0.07104989 
42 394 15 19 0.07098642 
58 312 18 23 0.07057672 
989 211 12 16 0.06997324 
868 120 9 12 0.06956921 
358 349 12 13 0.069391504 
980 313 12 15 0.06933715 
351 380 10 12 0.069336295 
235 245 11 14 0.06874802 
519 321 12 15 0.0687169 
759 0 9 10 0.068498425 
837 293 11 14 0.06747556 
203 305 13 17 0.06732999 
622 85 8 11 0.06718798 
513 3 9 9 0.06683879 
525 71 10 13 0.0665129 
1009 380 10 15 0.06549462 
284 107 10 13 0.065452375 
89 315 12 16 0.06519835 
319 160 8 10 0.065049954 
630 401 15 20 0.06481718 
308 218 12 15 0.06464734 
301 100 8 10 0.06420745 
27 310 8 11 0.063540176 
369 221 9 11 0.063362665 
785 318 14 17 0.06289078 
443 376 13 18 0.06284372 
76 244 11 13 0.06274581 
712 16 10 12 0.062482327 
390 102 8 11 0.062433183 
102 191 9 11 0.062206436 
135 455 14 19 0.062181395 
521 576 17 21 0.06175692 
358 163 11 14 0.06152669 
150 515 16 20 0.060656898 
294 384 14 17 0.060573764 
978 11 9 11 0.060279056 
456 221 11 14 0.060135778 
62 186 11 14 0.060051877 
216 23 9 12 0.05947658 
263 79 7 10 0.05946939 
158 277 12 14 0.05900006 
484 500 11 14 0.058974158 
576 181 9 11 0.05872631 
977 380 9 13 0.05862175 
132 199 9 11 0.05857722 
598 111 9 12 0.058501814 
461 88 8 10 0.05830768 
702 8 8 11 0.057936464 
914 642 46 35 0.05772946 
244 223 12 15 0.057272714 
488 71 7 10 0.05698893 
0 87 8 14 0.056659345 
996 68 9 11 0.05664383 
853 143 13 16 0.05649556 
568 118 9 11 0.05628506 
28 324 11 14 0.056244735 
423 113 8 10 0.056043662 
816 142 12 15 0.05597357 
280 429 12 18 0.05596016 
815 72 10 12 0.055916127 
616 110 12 15 0.055869 
111 318 13 17 0.055639748 
998 105 13 15 0.05544817 
303 95 9 12 0.055286683 
635 54 9 12 0.055060614 
665 20 9 12 0.054796968 
511 111 11 14 0.054645218 
673 15 10 14 0.054546453 
362 80 8 10 0.054537322 
304 47 9 10 0.054400675 
806 24 10 12 0.054292448 
96 166 10 13 0.053973515 
809 84 11 14 0.05386792 
318 164 12 15 0.053834524 
86 303 10 13 0.053642094 
80 300 9 13 0.05362513 
463 363 13 16 0.05360136 
173 228 11 13 0.05330163 
611 118 8 10 0.05271634 
182 279 8 11 0.052673157 
831 492 13 18 0.0526229 
613 115 11 14 0.0525397 
189 165 9 12 0.051931456 
357 111 8 12 0.05192863 
615 201 12 16 0.05175754 
926 110 9 11 0.0517145 
481 315 13 16 0.051642474 
76 227 9 12 0.051567707 
113 172 9 12 0.051309146 
552 89 8 10 0.051037706 
583 181 8 11 0.05081885 
198 160 8 11 0.050702278 
619 195 14 17 0.05041282 
458 445 9 12 0.050374594 
335 254 11 15 0.05032603 
870 330 11 14 0.05016474 
965 142 11 14 0.050029546 
382 386 11 14 0.049944427 
814 394 14 20 0.04992755 
945 365 11 13 0.049914096 
706 172 10 13 0.049806427 
983 116 9 12 0.049804173 
429 449 12 17 0.04969379 
684 490 13 18 0.049662877 
405 340 11 16 0.048547402 
988 568 12 17 0.048532825 
248 314 13 15 0.04818785 
447 100 8 11 0.047904618 
0 285 8 16 0.047826733 
487 366 10 15 0.04782609 
447 497 11 15 0.047787905 
794 190 8 12 0.04774967 
368 150 10 11 0.047744524 
176 300 11 15 0.047741484 
254 254 10 12 0.04770753 
781 245 9 12 0.047594488 
717 438 23 24 0.047158916 
637 60 10 12 0.047131784 
128 244 14 17 0.04711933 
504 171 10 13 0.04704208 
912 441 12 16 0.04666511 
325 165 11 13 0.046656232 
233 187 11 13 0.04650516 
670 422 14 16 0.04635028 
597 177 9 11 0.046344016 
805 185 9 12 0.04629245 
666 372 15 18 0.046247326 
973 149 11 13 0.046183374 
587 234 14 18 0.04616477 
368 71 8 10 0.046162803 
489 14 7 10 0.04599842 
728 3 9 9 0.045898587 
381 472 13 16 0.04581716 
2 500 12 17 0.045806445 
438 112 10 12 0.045765832 
952 173 12 16 0.045734707 
333 133 11 13 0.04563653 
915 16 7 9 0.045432247 
331 141 13 15 0.045333087 
54 259 10 13 0.045299437 
502 103 8 11 0.045010343 
309 197 9 11 0.04499848 
403 278 8 11 0.04496685 
639 274 13 17 0.04479899 
16 436 13 16 0.044789806 
710 206 10 13 0.044712227 
477 93 10 13 0.044323027 
287 141 10 12 0.044270538 
78 159 9 12 0.04420727 
130 23 8 11 0.044108555 
652 389 14 18 0.043896865 
678 383 14 18 0.043850664 
886 97 8 10 0.043661986 
750 410 20 25 0.043621764 
568 485 11 16 0.043561313 
376 298 11 15 0.04353396 
617 189 9 11 0.04341259 
406 124 9 11 0.04340732 
110 237 10 13 0.04329843 
2 187 9 17 0.04309788 
40 359 20 23 0.042998288 
792 518 12 16 0.042948935 
89 61 9 12 0.042887818 
334 372 10 13 0.042795517 
830 135 10 12 0.042625282 
567 475 11 13 0.042483207 
529 133 10 12 0.04247524 
518 513 13 17 0.042457692 
642 32 8 10 0.042266857 
244 43 11 14 0.04211394 
574 229 10 14 0.04210867 
899 72 13 16 0.042078655 
179 237 11 15 0.042046145 
511 501 11 15 0.0419845 
406 92 8 11 0.041962486 
383 253 11 15 0.04192184 
472 229 9 11 0.041914552 
260 262 10 12 0.04167199 
940 2 10 10 0.04165939 
726 46 9 12 0.04163648 
715 195 11 14 0.041397512 
964 5 9 11 0.041320097 
0 222 9 15 0.041304898 
89 180 10 13 0.041275688 
430 422 14 18 0.041249827 
649 340 11 14 0.0412323 
528 63 7 8 0.04119227 
7 436 10 14 0.041086316 
229 253 13 19 0.041031267 
169 23 9 11 0.040938385 
365 77 10 11 0.04086087 
641 188 8 11 0.04084635 
784 166 8 11 0.040830415 
836 589 14 16 0.040785234 
446 302 10 13 0.040728148 
393 88 8 10 0.04064818 
505 502 9 13 0.04063224 
346 33 8 11 0.04054307 
835 477 12 16 0.04050356 
422 638 28 35 0.04046863 
224 215 8 12 0.04042953 
833 399 14 16 0.0403739 
368 384 12 16 0.040310387 
22 610 23 26 0.040276393 
367 36 8 10 0.040270053 
949 308 10 13 0.040246334 
512 38 8 10 0.040240563 
365 351 10 12 0.040232826 
39 595 12 15 0.04021716 
736 124 8 11 0.040210094 
623 286 10 13 0.04007087 
660 50 12 16 0.04004899 
112 105 9 11 0.040023908 
541 334 11 14 0.040018514 
5 61 10 13 0.03993162 
229 102 8 11 0.039909095 
431 277 10 13 0.039882462 
255 321 12 16 0.039779607 
818 208 8 10 0.03972948 
784 565 14 20 0.03952275 
375 191 8 10 0.03948876 
495 181 11 14 0.03909611 
974 102 9 11 0.03896793 
567 92 8 10 0.03896714 
572 475 10 14 0.038811192 
592 110 9 12 0.038767524 
819 353 17 22 0.038699515 
998 426 14 18 0.03865664 
88 241 13 16 0.03856527 
584 98 9 12 0.038434163 
75 48 7 10 0.038411748 
767 234 11 13 0.03840372 
344 109 11 13 0.03838072 
143 365 11 13 0.038366828 
44 320 13 16 0.03836029 
177 131 8 12 0.03834506 
697 94 10 14 0.038263742 
301 254 10 13 0.038160753 
348 279 12 16 0.03809571 
974 91 11 13 0.03807603 
560 204 11 15 0.038000092 
313 113 8 10 0.03782853 
45 258 12 15 0.03781027 
642 124 9 10 0.03780809 
405 518 21 25 0.03774156 
354 343 14 15 0.037629373 
334 87 9 12 0.03754116 
286 387 11 14 0.03748541 
353 115 9 12 0.037451033 
709 378 12 15 0.037426144 
29 316 13 16 0.037329067 
526 190 8 12 0.037288714 
535 547 15 18 0.037262943 
545 470 10 13 0.03718618 
893 161 10 12 0.037176568 
647 79 10 13 0.037133444 
520 418 10 12 0.037106268 
1002 442 17 19 0.037084024 
806 194 11 15 0.03699975 
958 21 10 12 0.036983173 
561 28 8 11 0.03698076 
358 266 12 15 0.036933288 
842 87 9 11 0.03690071 
376 56 8 10 0.036830273 
544 135 11 13 0.0367925 
366 207 9 11 0.036791943 
279 387 10 13 0.03673151 
417 325 8 11 0.03662649 
166 260 9 12 0.03661365 
485 111 8 10 0.036563434 
852 108 9 13 0.03654644 
314 40 8 11 0.036518387 
703 182 10 13 0.036504064 
800 29 10 11 0.036418397 
257 185 8 10 0.03634689 
625 341 13 15 0.036290523 
405 567 19 28 0.036238197 
712 273 12 16 0.036097478 
615 68 8 10 0.036093395 
825 183 9 13 0.036067992 
706 112 6 9 0.036045354 
717 262 12 14 0.0360282 
906 101 8 11 0.035821807 
270 324 15 19 0.035782184 
340 254 11 14 0.035747577 
591 187 9 13 0.035586245 
549 6 8 10 0.03557657 
464 110 7 9 0.035497252 
568 55 8 10 0.03548809 
744 157 10 12 0.035456702 
777 15 10 13 0.035384744 
875 205 13 15 0.035365414 
344 70 9 12 0.035286985 
821 299 11 15 0.035264842 
168 350 10 14 0.035242543 
237 296 12 16 0.035170373 
824 374 9 13 0.035061494 
638 442 14 18 0.034929045 
2 76 8 14 0.034908354 
253 134 10 13 0.034655783 
454 117 9 10 0.03456877 
934 108 9 12 0.034463875 
783 86 10 12 0.03441005 
125 192 10 13 0.034361232 
240 342 12 16 0.034280244 
655 411 12 15 0.034235924 
730 362 17 21 0.03422436 
937 222 11 14 0.03421985 
846 91 9 12 0.034217533 
451 485 11 16 0.03403552 
8 607 19 29 0.03397914 
388 111 12 14 0.03397096 
205 259 11 13 0.033941217 
960 12 11 13 0.03393804 
526 108 9 11 0.03387528 
358 216 10 12 0.03377349 
254 88 8 11 0.033741873 
783 372 13 17 0.03343474 
498 102 8 10 0.033364195 
173 23 9 12 0.03328577 
221 171 10 13 0.033238795 
477 195 11 14 0.0331665 
886 587 12 13 0.033152394 
950 303 10 12 0.033135243 
401 78 7 8 0.03311506 
830 427 14 17 0.033108365 
342 174 11 13 0.03310472 
234 250 13 17 0.033048928 
978 116 9 12 0.03303686 
838 140 9 11 0.032883603 
629 196 10 14 0.032860357 
310 93 8 10 0.032824293 
603 96 7 10 0.03280308 
778 444 20 25 0.032709673 
768 164 11 14 0.032698166 
348 36 9 12 0.0326429 
57 29 8 10 0.032639444 
962 185 12 14 0.032628424 
230 226 10 13 0.03259642 
1008 412 14 17 0.03256051 
546 63 7 8 0.032545142 
295 321 12 17 0.032485772 
362 48 8 10 0.032485545 
688 440 11 15 0.03243862 
140 522 15 18 0.032411233 
933 271 13 16 0.0324025 
373 148 11 15 0.032376505 
864 255 13 17 0.032367572 
577 175 9 12 0.03229935 
520 219 12 17 0.03224923 
423 68 9 11 0.032209884 
438 197 9 12 0.032185327 
361 85 10 13 0.03209352 
126 284 14 17 0.032068487 
324 258 10 14 0.03203919 
997 84 9 11 0.032033905 
767 180 9 12 0.032026283 
328 405 11 14 0.03198548 
391 159 8 11 0.03186686 
398 222 10 14 0.03183138 
921 327 11 15 0.03181458 
521 190 9 11 0.03176659 
767 173 10 13 0.031752326 
493 131 10 12 0.031738862 
800 80 9 12 0.03173374 
884 276 12 15 0.03172608 
632 181 9 10 0.03168858 
118 174 9 11 0.03166635 
525 217 12 17 0.031650566 
315 78 7 9 0.03164994 
391 292 10 13 0.031623572 
609 215 10 13 0.03160269 
518 522 11 16 0.031601742 
367 374 12 16 0.03149553 
255 230 11 14 0.03146517 
780 142 12 15 0.03143077 
662 72 11 12 0.03140973 
112 308 11 14 0.03140436 
513 138 11 15 0.03135339 
54 40 9 10 0.031305566 
781 410 12 15 0.0312567 
310 7 9 11 0.03124166 
375 144 9 12 0.031206569 
399 391 10 14 0.031169523 
161 236 10 13 0.031158293 
173 39 9 12 0.031144733 
522 76 8 10 0.031115547 
188 515 14 17 0.031102462 
942 357 10 13 0.031062065 
838 115 9 12 0.030939827 
520 306 13 17 0.030893425 
231 318 9 12 0.030882332 
907 460 13 16 0.030855255 
703 286 9 12 0.030798154 
358 116 8 12 0.03075862 
1015 78 8 12 0.030757377 
653 253 14 17 0.03067491 
93 366 13 19 0.03066799 
761 227 11 15 0.030528905 
1000 226 13 16 0.030511038 
525 314 12 16 0.03050809 
585 166 8 10 0.030495161 
166 410 13 18 0.030484166 
414 333 11 14 0.03042641 
277 119 11 12 0.030413814 
709 111 8 10 0.030384118 
764 154 11 14 0.030368352 
286 135 9 11 0.030357378 
571 109 9 13 0.030233191 
247 274 11 14 0.03021224 
347 404 15 19 0.030188613 
65 41 5 8 0.030178394 
23 317 12 15 0.030150823 
402 92 8 11 0.030105984 
856 172 12 16 0.030073356 
528 13 8 11 0.030034283 
285 383 10 13 0.030022116 
630 133 13 16 0.029960465 
623 325 11 15 0.029933749 
442 86 8 10 0.029890992 
66 264 13 16 0.029867785 
147 520 21 27 0.029811177 
936 171 12 15 0.029788403 
512 564 16 20 0.029760133 
926 336 13 18 0.02965172 
776 180 9 12 0.029648937 
217 165 10 13 0.029642915 
333 500 17 20 0.029630655 
557 211 11 14 0.02962287 
674 270 16 20 0.02961504 
742 309 10 13 0.029605042 
389 388 10 13 0.029597474 
589 198 13 16 0.029592467 
528 7 9 11 0.029560374 
253 364 14 18 0.029513424 
965 110 10 13 0.029506814 
497 221 13 17 0.029499209 
4 69 11 14 0.029471831 
731 290 10 13 0.029436532 
349 104 11 13 0.029431695 
997 62 11 14 0.02939488 
0 157 9 16 0.029354779 
550 309 10 14 0.029354537 
503 133 10 13 0.029343031 
761 251 10 13 0.029317718 
627 113 11 14 0.029287156 
297 97 10 11 0.02928172 
175 306 13 17 0.029270474 
1013 345 10 16 0.029229848 
759 300 11 13 0.029208394 
910 276 9 12 0.029188532 
488 78 10 12 0.029168852 
140 462 14 20 0.029155986 
548 140 10 12 0.029085614 
660 262 19 24 0.029063383 
711 244 9 12 0.029025227 
302 230 11 14 0.029020028 
978 219 12 17 0.028983716 
418 100 7 10 0.028916404 
213 119 9 11 0.028870933 
644 435 13 17 0.028822236 
332 408 13 18 0.028799966 
518 227 13 16 0.028797 
911 397 12 17 0.028794385 
662 474 13 18 0.028779628 
21 150 10 13 0.028757408 
934 16 9 11 0.028749926 
184 259 11 14 0.028723676 
920 300 10 14 0.028704898 
17 293 9 12 0.02866071 
323 108 11 13 0.028633155 
318 78 8 10 0.028605316 
863 329 13 16 0.02859077 
718 212 11 13 0.028545946 
533 140 10 12 0.028500624 
243 101 7 10 0.028485972 
604 204 10 14 0.028462145 
122 219 12 14 0.02844054 
272 140 11 13 0.028431235 
632 21 8 11 0.028380966 
585 202 18 21 0.028334089 
784 430 14 17 0.028320746 
422 101 9 11 0.02830829 
997 157 12 15 0.028262498 
375 481 12 16 0.028195709 
505 317 16 20 0.028170241 
448 115 9 12 0.028144576 
808 521 13 16 0.028115725 
121 192 9 11 0.028110968 
264 134 9 12 0.028014103 
838 323 13 16 0.02801009 
253 305 11 13 0.02794116 
613 372 12 16 0.027931822 
299 539 17 22 0.027928755 
997 218 13 17 0.027911939 
221 259 11 14 0.027863422 
855 125 9 11 0.027779574 
331 121 8 10 0.027768802 
753 122 10 12 0.02776807 
958 31 9 12 0.027749473 
980 637 30 38 0.0277113 
770 228 11 15 0.027586946 
865 591 10 13 0.027585985 
717 373 11 15 0.027543316 
820 479 13 19 0.027524725 
430 190 9 11 0.027490698 
922 394 21 25 0.027482798 
831 481 13 21 0.027442299 
764 300 11 14 0.02741533 
472 460 12 14 0.027409248 
774 5 8 10 0.027397308 
87 56 9 11 0.027372269 
774 173 10 13 0.027335458 
962 380 14 21 0.027329553 
972 413 13 15 0.027311811 
163 275 11 13 0.02724639 
372 95 10 12 0.027243042 
479 88 7 9 0.027182685 
774 101 9 11 0.027181517 
503 140 10 14 0.027156595 
944 15 9 11 0.027142506 
842 93 8 10 0.027140746 
398 503 33 43 0.027110958 
561 470 10 13 0.027082277 
399 125 10 12 0.027080094 
742 207 9 12 0.027045853 
271 136 10 12 0.02704042 
783 300 11 14 0.027038818 
916 86 10 12 0.02702996 
1012 108 10 14 0.026978066 
512 189 9 12 0.026954833 
574 487 19 25 0.026941871 
337 397 12 16 0.026920198 
675 313 14 18 0.026911335 
18 157 9 13 0.026899843 
717 19 10 12 0.026816748 
63 56 7 9 0.026777837 
977 199 10 12 0.026772834 
573 115 9 12 0.026763188 
431 101 7 9 0.02676219 
616 183 10 12 0.02675572 
255 274 11 16 0.026639597 
485 506 12 15 0.026629928 
894 141 14 16 0.026626207 
164 180 10 13 0.02659938 
367 213 9 11 0.026568446 
838 514 11 16 0.026544716 
839 410 15 19 0.026498672 
820 396 15 19 0.026495978 
834 461 11 14 0.026472963 
91 309 13 15 0.026376775 
117 140 8 10 0.026346397 
224 252 12 15 0.026343254 
133 419 13 18 0.026332442 
463 301 11 14 0.02632467 
398 434 11 14 0.026319673 
783 98 11 14 0.026281415 
359 205 9 12 0.026267694 
342 88 8 10 0.026265068 
849 146 12 15 0.026245756 
305 221 10 13 0.026218712 
286 73 8 10 0.026210811 
780 159 10 12 0.02621011 
539 119 9 12 0.026204782 
314 159 8 10 0.026200783 
82 37 7 9 0.026174912 
820 8 9 12 0.026173478 
349 365 12 15 0.02616722 
29 258 10 15 0.026124021 
511 422 10 13 0.026114829 
887 212 10 15 0.026103787 
549 315 9 13 0.026101332 
460 467 11 15 0.026101243 
629 325 10 13 0.02607282 
613 125 10 13 0.026072187 
312 166 8 12 0.026068287 
790 209 11 14 0.02605616 
512 407 9 11 0.026055198 
987 334 13 15 0.026025573 
455 111 8 10 0.026003633 
188 173 10 11 0.025997933 
333 339 11 15 0.025991132 
452 414 11 15 0.02596885 
908 575 15 18 0.025946932 
383 229 10 12 0.025945617 
504 23 7 10 0.025920661 
854 157 12 15 0.025910381 
229 131 11 13 0.025853792 
29 304 10 12 0.025805049 
226 77 10 12 0.025794845 
253 312 19 25 0.025792662 
635 344 11 14 0.025774451 
482 71 7 9 0.02576713 
568 123 9 13 0.025757136 
228 326 10 12 0.025743028 
358 22 8 11 0.025700634 
226 525 14 18 0.02566911 
254 500 14 18 0.025646007 
261 619 10 12 0.025641862 
272 91 9 11 0.025612153 
496 309 12 19 0.025609966 
341 149 9 13 0.025602205 
789 168 9 11 0.025601897 
774 444 13 18 0.025588946 
249 214 9 12 0.025588773 
853 103 9 12 0.02558803 
789 112 17 23 0.025564719 
589 459 10 15 0.025563776 
107 351 11 14 0.025552614 
477 179 10 13 0.025535164 
402 342 9 13 0.025534768 
846 367 14 17 0.025531715 
993 103 9 12 0.025471017 
239 332 11 15 0.025470676 
764 222 18 24 0.025455486 
31 331 10 13 0.025441444 
430 357 11 14 0.025439164 
670 88 8 10 0.025438774 
87 260 11 13 0.025434967 
888 170 11 15 0.02543343 
998 292 9 11 0.025428241 
274 223 9 12 0.02539901 
757 174 10 13 0.025390891 
413 413 11 15 0.025388025 
1011 233 12 18 0.025379524 
751 292 9 13 0.025373846 
527 197 10 13 0.025356753 
750 302 10 12 0.02535349 
106 266 13 15 0.025333924 
624 174 8 10 0.02532925 
907 270 10 12 0.025313858 
663 140 9 12 0.025280017 
536 87 7 9 0.025269274 
263 341 11 14 0.025254736 
440 301 10 14 0.025254674 
933 152 12 15 0.02525291 
724 276 11 14 0.025237465 
486 212 12 14 0.025222206 
629 294 13 17 0.025221396 
1005 96 9 13 0.025209723 
797 143 11 15 0.025209116 
942 232 12 16 0.025180927 
585 55 9 11 0.0251791 
178 279 9 12 0.025142923 
682 451 12 17 0.025139483 
796 111 12 15 0.025125528 
127 203 12 14 0.0251251 
864 105 11 14 0.025074186 
597 185 10 14 0.025055787 
237 308 10 12 0.025003593 
633 242 11 14 0.024981871 
22 71 8 11 0.024981853 
150 25 9 11 0.024972068 
249 205 8 12 0.024965884 
168 129 9 10 0.024948627 
28 410 12 17 0.024947943 
645 118 10 13 0.024925612 
703 87 8 11 0.024920385 
357 382 9 13 0.024911484 
910 94 11 13 0.024910692 
832 139 9 12 0.024907464 
262 123 10 12 0.024901368 
359 390 10 12 0.024868969 
877 135 11 14 0.024863513 
113 152 7 10 0.024834527 
524 416 9 12 0.024830006 
958 158 11 14 0.024812281 
584 188 10 13 0.024789002 
358 355 11 13 0.024774462 
166 29 8 11 0.024759127 
183 296 10 13 0.0247542 
335 460 12 16 0.024721626 
948 458 25 32 0.024708627 
366 292 13 15 0.024702342 
567 541 16 20 0.02470055 
705 299 12 16 0.024645189 
646 3 13 16 0.024644949 
542 196 11 14 0.024633119 
511 123 10 12 0.024604116 
493 120 10 12 0.024590123 
574 132 9 11 0.024553683 
907 78 12 13 0.024547692 
777 148 11 14 0.024536604 
381 293 10 14 0.024535812 
785 229 8 11 0.024521083 
1 177 12 23 0.024469828 
701 463 10 13 0.024460735 
965 270 13 16 0.024452602 
118 104 8 11 0.024303006 
238 206 11 13 0.024296986 
620 291 12 16 0.024289457 
880 293 10 14 0.024284298 
725 389 11 15 0.024274573 
759 262 10 12 0.02426431 
760 238 8 10 0.02423785 
174 182 9 13 0.02421623 
680 443 11 16 0.024206402 
4 156 10 15 0.024193592 
320 104 10 13 0.024193263 
941 106 11 15 0.024178827 
418 128 10 13 0.02417169 
794 205 11 14 0.024169186 
334 8 8 11 0.024105363 
155 634 23 29 0.02410056 
169 109 9 13 0.024084205 
274 47 8 11 0.024048936 
191 223 8 11 0.024043716 
902 81 10 13 0.024043057 
969 85 10 12 0.024037888 
143 237 11 13 0.024036376 
303 134 8 10 0.02403187 
607 198 9 13 0.024015743 
591 307 11 14 0.024008729 
543 493 12 15 0.023999965 
229 332 10 13 0.023982052 
297 124 8 9 0.02393948 
925 385 16 20 0.023936354 
836 497 12 16 0.023916043 
571 283 13 17 0.02390991 
134 446 13 16 0.023892082 
438 221 9 12 0.023869641 
174 313 12 16 0.023855 
650 110 8 12 0.023852963 
783 221 10 12 0.023848334 
971 142 12 14 0.023836661 
814 410 13 18 0.02383607 
903 156 10 12 0.023814518 
57 182 11 13 0.023799451 
502 518 12 15 0.023794822 
544 311 9 12 0.023758199 
805 533 12 16 0.02372523 
656 219 10 13 0.023707123 
254 206 8 11 0.023696246 
484 470 14 19 0.023695141 
375 119 9 13 0.023656609 
262 188 9 12 0.02365479 
550 184 12 16 0.023620278 
239 271 10 12 0.023590025 
274 119 8 12 0.023587026 
702 137 10 12 0.02358464 
123 318 12 15 0.023583114 
399 271 10 12 0.023577858 
368 276 9 12 0.023559244 
744 303 8 11 0.023539802 
633 49 7 9 0.023520906 
270 490 12 16 0.0234742 
174 150 9 11 0.023468504 
763 332 11 15 0.023368262 
328 135 10 13 0.023356285 
795 354 18 23 0.023341784 
656 102 9 10 0.023335066 
893 3 9 11 0.023326619 
764 309 12 16 0.023324369 
984 0 8 9 0.02332073 
303 652 26 28 0.023306627 
469 344 12 14 0.023285775 
193 159 9 12 0.023281535 
721 246 10 13 0.023256743 
435 276 12 15 0.023234975 
751 150 10 12 0.023231361 
430 470 10 12 0.023228431 
639 196 9 13 0.023204055 
447 240 12 16 0.02320355 
505 309 15 19 0.02320303 
151 40 8 10 0.023170821 
750 308 10 14 0.023165269 
2 452 16 21 0.023136081 
702 363 13 15 0.023131518 
360 396 11 13 0.023107963 
826 202 13 16 0.023101667 
435 445 11 14 0.023093395 
12 538 14 17 0.023088397 
858 365 11 14 0.023081662 
878 270 13 15 0.02307074 
976 110 9 12 0.023051333 
784 173 8 10 0.023042507 
141 397 16 17 0.023018392 
622 90 10 13 0.023013666 
1013 257 10 17 0.023006175 
1000 26 11 14 0.022994054 
465 75 9 12 0.02298541 
0 350 20 30 0.022960775 
599 224 10 13 0.02295964 
454 158 9 12 0.022949435 
541 207 13 16 0.02294065 
717 281 12 15 0.022924313 
183 29 8 10 0.022916727 
555 175 11 14 0.022894587 
965 416 14 18 0.022854725 
400 458 11 15 0.022850327 
132 293 15 18 0.022847312 
829 258 11 15 0.022846432 
351 357 12 13 0.022844665 
445 462 9 12 0.022829406 
447 148 9 13 0.02278553 
425 189 9 10 0.02275002 
816 182 10 13 0.022743678 
500 180 11 14 0.022731576 
74 240 9 11 0.022724304 
71 404 12 16 0.022716867 
666 428 21 27 0.02271106 
368 288 11 12 0.02269929 
426 85 7 8 0.022669848 
398 197 9 12 0.022666119 
693 458 12 15 0.022665676 
390 277 10 12 0.022659624 
948 458 15 18 0.022651508 
813 418 14 17 0.022650355 
848 116 9 12 0.022640636 
48 334 11 14 0.022612385 
331 9 7 9 0.022580087 
425 184 9 10 0.022574145 
806 124 11 14 0.0225737 
903 93 11 13 0.022572441 
565 199 11 15 0.02256155 
408 111 7 9 0.02255026 
854 118 9 11 0.022518855 
824 269 10 13 0.022515403 
136 365 10 12 0.022512874 
375 347 9 13 0.022496855 
335 156 10 13 0.022476489 
422 15 10 12 0.022476478 
829 148 11 14 0.022470478 
134 204 10 13 0.022457818 
474 14 7 9 0.022439156 
40 254 12 15 0.02242376 
199 230 8 11 0.0224196 
322 445 21 29 0.022385702 
327 646 26 33 0.022384198 
662 123 10 12 0.022382118 
157 5 8 9 0.02238085 
880 165 11 14 0.022377018 
947 87 12 14 0.022374904 
935 102 12 15 0.022371022 
110 303 12 14 0.02236866 
13 88 9 12 0.022358159 
174 188 10 13 0.022353401 
1006 214 15 19 0.022351695 
608 112 9 12 0.022340205 
103 396 12 15 0.022317324 
725 370 13 17 0.022310741 
738 108 10 13 0.02229844 
1013 306 10 17 0.022278437 
836 466 14 17 0.022266135 
138 385 17 21 0.022253772 
849 331 14 17 0.022227135 
308 226 11 15 0.022223921 
541 301 9 13 0.022215411 
124 426 14 17 0.022212217 
103 254 12 15 0.022210745 
233 269 9 12 0.022203445 
953 242 12 15 0.022203112 
608 53 9 11 0.022169283 
970 426 20 26 0.022146894 
44 490 14 19 0.022131622 
448 220 10 13 0.022130847 
353 195 11 14 0.022116061 
303 374 11 13 0.022113249 
1012 372 12 20 0.022105804 
805 341 13 14 0.02209351 
510 302 11 13 0.0220904 
276 51 10 11 0.022071024 
588 252 14 16 0.022054283 
384 33 7 9 0.022052782 
612 218 10 15 0.02204763 
374 155 10 14 0.022031812 
159 147 11 14 0.022030776 
927 227 10 14 0.02201538 
772 387 12 16 0.022011697 
823 544 13 16 0.021990087 
536 124 9 13 0.021980941 
528 127 10 12 0.02197513 
729 77 9 13 0.02197024 
836 298 13 16 0.021969227 
12 333 13 16 0.021962252 
432 159 8 11 0.021937765 
669 461 11 14 0.021935545 
343 155 9 12 0.021935198 
181 354 14 17 0.02192907 
643 311 12 15 0.021926954 
239 277 12 14 0.021919131 
125 181 9 11 0.021903493 
669 154 11 14 0.021899886 
398 315 10 14 0.021889467 
782 348 12 16 0.021888213 
38 388 14 18 0.021887066 
646 213 9 12 0.021882644 
302 190 9 12 0.02186516 
10 341 14 16 0.021851372 
374 379 20 24 0.021847274 
35 602 16 18 0.021832002 
-1 414 8 14 0.02183102 
167 238 10 12 0.021828312 
385 190 9 13 0.02181037 
399 88 9 12 0.021808896 
807 351 13 17 0.021797495 
928 285 11 14 0.021791507 
743 287 9 11 0.02178615 
543 79 7 9 0.021781381 
790 350 11 16 0.021737492 
257 322 21 26 0.021713305 
894 176 12 16 0.021704162 
185 231 8 9 0.021696381 
824 197 11 15 0.021672906 
816 229 11 15 0.021665297 
933 245 11 14 0.021647312 
198 131 9 11 0.021645108 
758 207 9 10 0.021628559 
949 339 12 14 0.021613058 
636 295 13 16 0.021611037 
725 380 13 16 0.02161101 
753 91 10 13 0.021598898 
297 413 9 12 0.021598186 
185 222 9 11 0.021591175 
769 4 9 11 0.021585494 
197 517 14 18 0.021584759 
199 238 10 12 0.021566518 
282 72 8 10 0.021522658 
348 175 10 12 0.021510495 
745 293 8 11 0.021500465 
190 260 10 14 0.021448668 
927 245 11 14 0.021446878 
548 475 10 13 0.02144631 
255 329 11 15 0.021443682 
54 528 15 20 0.021438386 
1008 348 11 14 0.021435982 
169 214 10 14 0.02142889 
463 421 10 13 0.021423087 
403 333 9 13 0.021417854 
504 147 9 13 0.021407722 
885 325 13 15 0.021401396 
574 188 11 13 0.021390403 
269 427 13 21 0.021388302 
558 103 9 11 0.02136868 
63 275 10 14 0.0213499 
127 239 11 14 0.021334363 
776 239 8 11 0.021324022 
917 401 15 19 0.02132251 
948 370 12 15 0.021308633 
735 269 10 13 0.021308603 
694 468 12 16 0.021303812 
717 149 9 13 0.02129237 
556 300 12 16 0.021285292 
903 272 12 15 0.021282466 
331 89 7 10 0.02125107 
541 189 12 15 0.021249166 
966 259 12 15 0.021245297 
710 656 22 22 0.02124389 
622 46 8 10 0.02124066 
318 464 13 17 0.021228049 
17 163 9 12 0.021215355 
716 124 10 12 0.021203192 
402 119 9 12 0.021194909 
302 425 15 19 0.021161145 
664 28 9 12 0.021142669 
421 318 9 13 0.021128299 
529 564 15 19 0.02112254 
718 80 9 12 0.02110946 
667 475 14 19 0.021108506 
445 438 10 13 0.02110506 
793 573 17 18 0.021096246 
648 252 11 13 0.021077408 
826 186 18 22 0.021058835 
647 204 10 13 0.021048475 
623 237 9 14 0.021043226 
177 285 9 12 0.021042416 
367 427 11 16 0.02103461 
383 197 10 14 0.021030238 
314 261 11 14 0.021017302 
929 156 11 15 0.021003855 
7 86 10 14 0.020974942 
476 172 11 14 0.020973265 
853 134 11 13 0.020971343 
734 277 11 13 0.020965092 
33 285 12 15 0.020963853 
194 253 10 14 0.02094098 
310 45 8 10 0.020933531 
911 20 11 13 0.020929988 
653 214 12 14 0.020920744 
92 394 13 17 0.020920098 
984 206 10 12 0.02088505 
583 199 12 16 0.020866366 
261 579 16 20 0.020855103 
217 325 9 13 0.02085183 
871 1 8 9 0.0208497 
487 119 10 12 0.0208453 
917 92 9 12 0.020831134 
318 169 19 25 0.0208276 
741 52 9 12 0.020819599 
113 340 9 12 0.020819427 
1007 252 13 18 0.020814138 
496 248 10 12 0.020804595 
997 367 10 12 0.020794418 
653 434 11 16 0.020780984 
729 70 9 11 0.020764457 
517 234 13 16 0.02074992 
836 374 10 14 0.020739809 
207 223 9 11 0.020738773 
230 356 11 17 0.02073484 
831 103 9 11 0.020732217 
999 151 11 14 0.020691026 
116 302 11 15 0.020684147 
788 378 13 17 0.02066929 
733 76 11 14 0.020664621 
165 175 10 12 0.02066064 
965 3 9 8 0.020657634 
616 44 10 11 0.020640109 
291 434 12 17 0.020627491 
246 324 12 15 0.020621724 
433 24 9 11 0.020619147 
680 176 13 16 0.020566855 
350 182 11 14 0.020565512 
789 557 15 20 0.020559337 
436 284 11 14 0.020529179 
326 73 6 9 0.020527126 
255 350 11 15 0.020526428 
976 38 8 11 0.020523323 
470 455 11 12 0.020488784 
853 308 13 15 0.02045248 
734 86 10 13 0.020445881 
117 417 15 20 0.020444442 
726 40 9 11 0.02043857 
950 164 10 14 0.0204313 
503 419 10 13 0.02042176 
386 166 8 11 0.020391986 
478 202 10 14 0.020384714 
719 410 10 14 0.020375919 
449 77 8 10 0.020371549 
952 20 9 12 0.020365944 
74 250 12 15 0.02035088 
246 354 12 15 0.020338072 
371 126 9 12 0.020331837 
421 291 14 18 0.020324918 
569 233 11 15 0.020309836 
524 521 15 19 0.020269845 
848 212 9 13 0.020253995 
920 307 10 13 0.020242801 
396 291 10 14 0.02024157 
651 203 13 15 0.020226965 
962 284 10 14 0.020215668 
127 278 13 15 0.020188482 
789 88 10 12 0.02018592 
389 163 10 13 0.02018251 
652 401 15 20 0.020177275 
175 13 10 13 0.02017129 
994 80 8 11 0.020165285 
218 214 9 11 0.020147024 
23 278 11 13 0.020144457 
253 222 11 14 0.02014116 
38 377 13 18 0.020139279 
631 206 11 14 0.020134892 
634 59 9 11 0.020134512 
368 143 9 11 0.02013339 
931 326 11 14 0.020130927 
198 282 10 15 0.020129004 
399 285 9 13 0.020122865 
929 0 11 10 0.020120174 
56 370 15 21 0.02010839 
473 428 10 14 0.02010538 
103 307 11 14 0.020098606 
519 196 10 12 0.020091007 
701 100 11 12 0.020089889 
794 315 13 17 0.020086762 
189 103 9 11 0.020068312 
358 310 13 17 0.020057593 
645 300 11 13 0.020036226 
334 333 11 15 0.020019678 
143 13 9 11 0.020012867 
493 15 8 11 0.020004807 
