2_Demonstration_Political_Rally_2_286
33
809 662 85 108 0.9972133 
432 725 85 105 0.99497414 
128 353 218 262 0.88340026 
198 100 15 17 0.06237302 
422 1050 22 28 0.051609095 
205 134 12 14 0.047247097 
63 222 10 12 0.042734925 
18 659 148 246 0.04006777 
361 140 11 14 0.038495205 
180 134 12 15 0.03484761 
373 342 9 11 0.033101212 
12 211 10 14 0.031021615 
135 106 12 15 0.029638963 
7 422 8 11 0.028370593 
73 274 12 16 0.027994087 
173 269 11 14 0.027949087 
0 282 29 48 0.02595479 
478 80 9 11 0.025681574 
465 52 10 13 0.025564086 
398 136 9 11 0.025256485 
161 109 11 12 0.024667397 
25 314 9 13 0.023845315 
130 136 7 10 0.02356303 
758 70 10 15 0.02306184 
881 180 10 13 0.02250544 
390 150 9 13 0.022341872 
107 250 12 15 0.021745589 
126 216 7 9 0.020759232 
3 276 14 17 0.020723648 
224 204 8 10 0.020712605 
463 47 10 12 0.02060155 
378 107 9 12 0.020421866 
221 272 10 13 0.020417845 
