2_Demonstration_Protesters_2_148
28
702 245 105 142 0.9995415 
393 373 86 123 0.99947983 
329 135 67 92 0.9973693 
476 192 49 56 0.9963153 
670 220 57 82 0.99309146 
153 225 32 45 0.99201816 
607 239 57 68 0.9898689 
405 202 38 48 0.9824997 
970 182 55 97 0.9034653 
548 246 21 35 0.46565697 
642 232 50 70 0.3039164 
44 232 23 37 0.08202275 
552 240 38 50 0.053264707 
84 250 18 21 0.04691305 
10 215 55 76 0.045393042 
393 162 44 60 0.04261939 
587 258 15 21 0.037336927 
779 1 70 54 0.03450671 
852 332 10 11 0.0341963 
559 255 17 24 0.02854846 
450 227 10 15 0.027908433 
582 248 25 33 0.0270877 
580 236 47 59 0.025228983 
564 208 39 49 0.023142219 
-11 197 88 119 0.022613976 
424 212 27 35 0.021362731 
840 4 53 52 0.020957965 
138 231 33 41 0.02065683 
