2_Demonstration_Protesters_2_213
58
959 588 55 73 0.99681073 
363 307 74 99 0.99364835 
591 543 65 84 0.99156064 
754 544 36 47 0.9832304 
525 468 21 29 0.9795814 
845 702 67 69 0.7606185 
275 300 38 50 0.6062488 
48 398 12 16 0.5278241 
775 611 41 52 0.4191378 
115 459 21 28 0.41887146 
5 469 20 29 0.39237216 
18 401 14 16 0.30398604 
494 475 14 21 0.3011078 
0 421 10 15 0.24158129 
68 419 17 20 0.22653756 
68 393 9 10 0.19272695 
584 80 34 43 0.13723437 
415 97 225 272 0.12461432 
727 500 22 26 0.09535557 
63 468 28 32 0.07542622 
99 401 13 17 0.067022994 
22 419 12 14 0.061058685 
57 577 18 22 0.050257448 
301 45 263 249 0.04837817 
693 562 43 55 0.04616393 
21 412 13 17 0.04391717 
118 453 16 20 0.043050874 
68 402 14 17 0.04040311 
336 -13 363 424 0.038679115 
1 398 8 12 0.03718234 
845 723 42 39 0.034266133 
637 45 14 18 0.03387198 
30 438 9 12 0.03296294 
448 98 138 136 0.03283735 
250 292 43 48 0.032464445 
739 496 15 25 0.03201483 
809 114 225 297 0.031876333 
621 6 137 110 0.031758465 
765 629 30 42 0.030541554 
43 308 10 12 0.029513262 
508 109 56 60 0.028564343 
710 377 8 10 0.028408624 
0 425 18 32 0.027546918 
676 48 400 420 0.027124269 
20 423 15 20 0.02684254 
816 390 8 9 0.026168145 
116 472 26 32 0.025359716 
67 689 109 93 0.024790423 
748 316 25 32 0.024469113 
15 419 12 18 0.024308246 
53 391 11 14 0.023454323 
95 491 16 19 0.022761224 
488 707 67 66 0.021347327 
69 433 16 17 0.021239355 
793 723 52 36 0.021165714 
566 533 50 69 0.020723272 
477 324 38 44 0.020658897 
769 645 18 25 0.020312099 
