2_Demonstration_Protesters_2_163
173
50 176 19 23 0.9724939 
365 152 16 21 0.9689398 
221 120 31 41 0.9557514 
101 195 14 18 0.85735446 
688 149 12 14 0.7894654 
960 13 21 25 0.76232684 
591 124 9 12 0.7097701 
538 122 13 17 0.58447456 
866 69 9 11 0.5757656 
499 123 11 14 0.5454871 
82 207 19 23 0.50886697 
616 108 11 13 0.49639302 
528 185 13 17 0.4905085 
599 107 11 14 0.48718965 
555 331 31 44 0.48335356 
125 197 13 17 0.4610627 
158 186 14 20 0.38540944 
14 206 11 13 0.34814265 
429 133 9 12 0.32379618 
644 115 10 13 0.29264987 
902 127 10 13 0.28581974 
528 328 48 62 0.23919381 
524 116 12 15 0.21288681 
558 123 10 13 0.20881602 
508 267 18 20 0.18181255 
574 116 10 13 0.17804164 
90 200 20 24 0.16098869 
757 112 10 12 0.15447414 
129 201 14 18 0.11601034 
680 164 8 11 0.11562483 
808 117 9 13 0.10677511 
164 164 12 15 0.104772896 
639 316 64 55 0.0936777 
849 149 8 11 0.093172766 
457 141 10 14 0.08910666 
277 160 16 18 0.08836186 
455 133 11 14 0.083944224 
815 459 50 66 0.083477534 
773 94 8 10 0.08050691 
32 180 13 17 0.07940552 
418 170 12 14 0.07586289 
574 122 11 14 0.073048554 
158 176 26 35 0.070794135 
506 312 49 68 0.066979535 
519 109 10 13 0.06378897 
729 539 43 37 0.062627666 
766 125 8 10 0.059926536 
401 142 8 12 0.057584155 
125 191 11 14 0.057271544 
351 138 13 16 0.057109497 
896 131 12 14 0.055454195 
614 116 13 14 0.049913 
615 124 10 11 0.049351104 
79 217 15 19 0.048790593 
454 126 11 13 0.047909178 
309 163 10 12 0.046640035 
510 150 9 11 0.046521116 
769 120 8 11 0.046493102 
600 113 10 15 0.04630926 
517 143 10 13 0.04430033 
389 127 10 12 0.044289604 
589 131 11 14 0.0432798 
750 158 10 12 0.04262447 
257 169 18 22 0.04230979 
267 168 15 21 0.042280395 
406 144 8 12 0.04203052 
448 124 10 13 0.04193172 
962 28 17 21 0.040623847 
586 139 9 12 0.03867378 
322 189 35 50 0.03735387 
445 134 10 14 0.03716573 
670 148 10 13 0.035552915 
401 136 7 10 0.0354056 
929 100 9 11 0.035231344 
787 94 7 10 0.034951974 
512 258 24 30 0.032900754 
124 205 16 20 0.032385655 
349 148 12 14 0.032371636 
583 155 24 28 0.032368876 
241 135 15 22 0.032305755 
748 127 9 10 0.032130152 
643 369 38 40 0.031471223 
774 436 88 111 0.031328507 
564 193 14 16 0.031123752 
460 146 11 14 0.031050948 
487 136 9 12 0.031040726 
512 144 9 12 0.030957215 
88 216 18 22 0.030592006 
864 64 11 13 0.030474482 
695 133 8 11 0.030350957 
775 117 8 10 0.03030312 
433 716 16 20 0.030301083 
540 296 30 38 0.029622143 
415 142 10 13 0.029435102 
499 247 45 53 0.029300783 
422 149 9 12 0.029145673 
666 180 14 18 0.029015217 
608 135 9 11 0.028881026 
720 140 9 12 0.028701708 
713 343 10 13 0.028628366 
818 452 36 44 0.028461227 
92 224 16 19 0.02840826 
441 135 9 12 0.02781987 
803 95 7 8 0.027506996 
680 148 11 14 0.026767367 
629 357 34 46 0.026745468 
654 132 10 13 0.02673272 
462 111 8 10 0.02634248 
454 161 8 11 0.026105009 
754 164 9 10 0.026085436 
450 160 7 10 0.02561903 
571 111 7 10 0.025555309 
139 167 12 15 0.025463432 
608 94 7 9 0.025124114 
746 156 9 12 0.024839053 
79 205 15 18 0.024819145 
415 135 8 10 0.02464476 
783 112 7 9 0.02454856 
345 151 9 11 0.024385268 
386 133 9 12 0.024262285 
542 112 10 11 0.024229687 
513 109 9 11 0.024177466 
273 166 15 20 0.024104303 
785 148 10 13 0.024071101 
514 250 51 59 0.024026329 
583 119 10 12 0.023927344 
750 151 11 14 0.023901332 
684 163 11 14 0.023710545 
586 124 9 13 0.023543412 
777 113 8 10 0.02346186 
574 133 9 11 0.023340864 
349 156 9 11 0.023319466 
417 148 9 12 0.023173027 
20 167 11 14 0.023163723 
46 254 13 19 0.022903036 
709 124 9 11 0.022711968 
493 140 10 14 0.022626543 
152 180 14 18 0.022508007 
305 159 11 14 0.022428893 
361 216 28 31 0.022325508 
774 89 8 10 0.02217034 
540 151 14 19 0.022051137 
328 159 8 10 0.022017507 
849 76 8 10 0.021940833 
999 25 14 19 0.021808479 
44 299 13 14 0.021791862 
805 113 10 12 0.021765918 
544 311 31 48 0.021756092 
446 120 9 11 0.021701878 
758 143 9 11 0.021670582 
454 187 12 14 0.021626031 
558 129 11 14 0.021623895 
1002 22 20 31 0.0214317 
438 159 10 13 0.021421563 
568 104 7 8 0.021361278 
648 532 26 35 0.021261552 
426 129 9 11 0.021227548 
294 165 10 13 0.021171393 
160 160 23 29 0.02110636 
477 195 11 13 0.021046981 
134 189 10 14 0.020907426 
800 404 60 78 0.02084428 
154 158 41 56 0.020712448 
326 148 41 57 0.020700026 
615 302 104 86 0.020657767 
606 204 24 29 0.020566871 
895 84 9 12 0.020552127 
151 140 9 13 0.02048144 
163 140 15 17 0.020435166 
553 123 11 15 0.020380031 
737 166 9 13 0.02037529 
641 149 8 11 0.020299481 
559 182 21 24 0.020203846 
