2_Demonstration_Demonstrators_2_268
107
77 286 34 39 0.9965629 
362 262 23 29 0.9886509 
268 256 26 31 0.98843145 
972 257 43 50 0.9815854 
31 266 15 20 0.9714148 
573 281 25 30 0.9693359 
682 245 20 25 0.9456233 
839 276 23 28 0.93301666 
946 262 17 21 0.8973598 
722 360 20 27 0.86016273 
877 254 18 20 0.824773 
539 248 12 17 0.7847728 
239 261 14 18 0.77389246 
452 261 12 15 0.749632 
166 283 19 25 0.7259931 
220 253 10 13 0.45646363 
134 272 11 13 0.4301824 
408 246 11 12 0.41447756 
911 245 11 14 0.382792 
601 259 11 13 0.34047273 
615 276 12 15 0.29907855 
76 250 13 16 0.26568398 
614 281 15 20 0.21425813 
78 258 13 18 0.20937574 
155 263 18 21 0.18428394 
338 255 9 12 0.16675389 
70 254 23 30 0.14317985 
505 266 10 15 0.14227197 
903 246 11 13 0.07630555 
928 252 8 11 0.07003501 
445 266 12 17 0.06662599 
626 253 8 10 0.060397036 
1 281 11 19 0.0588305 
442 273 11 15 0.057799224 
233 260 13 17 0.054492604 
525 252 10 12 0.048861794 
69 264 32 41 0.048677236 
644 244 9 12 0.04421957 
152 263 10 14 0.04247257 
341 258 10 12 0.041644085 
760 256 8 9 0.0414285 
73 248 11 14 0.03970969 
15 276 12 15 0.03907327 
202 271 9 13 0.03860173 
54 246 13 16 0.037839998 
411 236 15 19 0.036870625 
754 256 7 9 0.036822274 
606 292 13 14 0.036663268 
439 301 13 16 0.03335693 
47 250 14 18 0.033265404 
103 267 9 11 0.03261819 
216 270 10 12 0.032184046 
769 262 8 10 0.03181743 
446 257 13 15 0.03153679 
824 277 10 14 0.031415176 
150 272 15 19 0.031310216 
53 259 13 16 0.03121203 
13 330 9 12 0.031154046 
654 261 9 11 0.028511062 
583 246 9 11 0.028042598 
862 249 12 15 0.027858224 
517 260 13 17 0.026411636 
766 256 8 10 0.02640069 
177 285 14 19 0.026304854 
459 283 23 26 0.025795389 
60 245 12 14 0.025546677 
836 255 10 12 0.025509099 
156 269 23 28 0.025489619 
932 251 11 13 0.025265701 
783 256 7 9 0.024927063 
62 293 16 19 0.0249107 
478 259 9 12 0.02461557 
341 278 11 14 0.024505218 
727 261 12 15 0.024104651 
663 252 10 12 0.023589453 
230 253 12 16 0.023190906 
391 269 11 16 0.023165215 
559 255 9 11 0.023130605 
215 258 11 14 0.023011677 
567 254 9 11 0.022890123 
388 253 12 13 0.02272921 
138 274 11 14 0.02255156 
45 259 14 19 0.022397405 
760 260 9 11 0.021975202 
873 252 11 18 0.021956513 
158 288 20 21 0.021811245 
801 264 8 11 0.021562112 
891 259 11 15 0.021440089 
129 276 10 12 0.021199351 
58 249 24 34 0.021191517 
196 287 10 12 0.021090856 
424 304 9 11 0.021015154 
398 285 8 12 0.020793729 
404 240 19 22 0.02078297 
309 259 12 13 0.020765299 
550 253 10 13 0.020716872 
216 249 12 14 0.020706732 
805 263 8 11 0.020659048 
898 245 10 14 0.020563789 
216 275 11 13 0.020423505 
25 267 13 17 0.020415211 
302 294 11 14 0.020379467 
536 230 11 13 0.02037609 
208 254 8 10 0.02013829 
495 262 13 18 0.02010325 
642 241 8 11 0.020098848 
955 259 25 33 0.020052914 
