2_Demonstration_Political_Rally_2_301
108
677 322 15 18 0.6029631 
254 242 13 16 0.22644916 
520 259 12 15 0.2008659 
643 269 12 15 0.1329388 
344 252 10 13 0.12869635 
551 323 12 16 0.12195965 
342 245 12 14 0.11113019 
793 492 11 13 0.10654639 
336 238 11 14 0.1034673 
318 252 11 13 0.07803932 
47 230 12 14 0.07692924 
461 260 9 13 0.07642499 
608 266 10 12 0.07538917 
469 244 9 13 0.07145022 
552 267 10 12 0.0710584 
569 276 9 12 0.067469455 
592 276 11 14 0.06682326 
182 239 8 11 0.06519671 
503 271 10 12 0.058821 
177 239 8 11 0.057000406 
418 311 9 12 0.055532265 
547 277 13 16 0.053782016 
301 253 9 12 0.05182679 
213 277 9 12 0.051732976 
181 295 9 12 0.05012327 
313 255 8 11 0.048119556 
685 258 13 16 0.046208195 
652 292 14 18 0.045249898 
182 272 8 10 0.043989543 
131 292 12 15 0.04119257 
671 238 8 10 0.040405028 
198 286 8 10 0.039579734 
624 270 10 13 0.03826076 
335 282 11 13 0.037863854 
489 268 8 10 0.03763328 
556 264 10 12 0.03662271 
424 278 10 12 0.036569506 
591 270 11 14 0.03649586 
193 287 8 11 0.035978153 
694 277 13 16 0.035313033 
497 253 9 11 0.035023745 
664 280 10 12 0.034962818 
239 246 9 12 0.03480793 
107 266 11 14 0.03301036 
478 325 8 11 0.03255399 
646 285 11 13 0.032367174 
353 231 9 11 0.030225975 
653 286 12 16 0.029189633 
573 272 9 12 0.028843015 
329 262 9 11 0.028571999 
97 255 9 11 0.028553054 
239 263 12 15 0.028442513 
641 287 9 11 0.028302636 
161 276 9 11 0.02816652 
232 247 8 11 0.027401615 
247 244 11 14 0.027240038 
500 254 11 11 0.026679961 
790 496 15 18 0.026226595 
613 267 11 13 0.02621284 
311 260 8 11 0.0262056 
554 317 14 19 0.026041329 
487 245 8 11 0.025866639 
410 292 9 12 0.025716485 
683 331 12 15 0.025546664 
519 287 9 11 0.025425961 
104 261 11 14 0.025353394 
691 282 16 21 0.02529108 
627 275 11 14 0.024915276 
149 220 8 11 0.024203286 
326 253 9 12 0.024203017 
350 236 11 13 0.024056487 
508 270 10 12 0.023795396 
391 245 8 10 0.02375346 
166 276 8 11 0.023727192 
238 252 11 13 0.023609065 
568 283 10 14 0.023550756 
125 270 10 12 0.023391182 
335 269 10 12 0.023264019 
680 286 11 14 0.022803666 
98 261 8 9 0.02276657 
494 268 8 12 0.022605542 
324 248 10 12 0.022520063 
652 276 10 14 0.02243848 
199 255 7 10 0.02226864 
200 281 7 9 0.022115083 
358 255 9 12 0.02192516 
694 270 12 14 0.021796549 
143 216 11 12 0.021662708 
24 264 9 11 0.021614496 
431 260 9 13 0.021592746 
335 239 20 23 0.02154024 
591 263 9 11 0.021331342 
480 321 8 10 0.021208452 
601 263 9 12 0.021088189 
296 247 12 14 0.020883927 
271 238 10 12 0.020814052 
493 263 8 12 0.020803785 
502 262 11 13 0.020792145 
198 262 8 12 0.020587435 
126 233 12 17 0.020502744 
240 240 10 12 0.020494593 
183 254 7 10 0.020467842 
463 254 10 15 0.020445248 
162 221 9 11 0.020409172 
545 270 9 13 0.020379376 
94 245 10 12 0.020360952 
657 317 10 13 0.020360705 
687 287 13 18 0.02024906 
