2_Demonstration_Demonstrators_2_378
176
103 456 65 82 0.998531 
941 398 57 67 0.99852043 
199 400 61 68 0.9985055 
673 329 49 58 0.99746454 
809 482 61 79 0.99688584 
215 496 69 80 0.99682707 
483 207 31 41 0.99673516 
606 321 53 68 0.99624735 
262 357 56 61 0.99614394 
192 189 26 34 0.9958364 
154 266 41 47 0.9955865 
397 238 33 36 0.9953815 
596 416 48 55 0.993789 
649 262 35 39 0.9925315 
306 275 40 46 0.9884403 
429 302 44 56 0.98744047 
88 294 48 52 0.9870588 
766 317 37 39 0.9862248 
154 205 31 35 0.9856608 
602 269 30 34 0.98487234 
326 464 47 57 0.98485696 
360 224 32 38 0.98426247 
99 206 33 36 0.9817638 
102 137 26 30 0.9812811 
645 438 50 57 0.9791021 
505 299 46 51 0.9729955 
209 136 23 26 0.9725229 
414 190 35 39 0.96997976 
501 518 71 70 0.96929675 
534 257 35 44 0.9670807 
13 206 35 38 0.9669612 
642 494 65 76 0.9543381 
265 222 34 41 0.9506039 
219 243 38 47 0.94958586 
497 416 49 59 0.94935393 
509 360 43 52 0.94905853 
551 375 39 51 0.94845486 
440 462 59 64 0.94655246 
868 338 29 32 0.9441628 
331 221 24 32 0.9432444 
959 152 19 27 0.921805 
757 420 42 51 0.9206426 
750 361 48 54 0.9189453 
570 237 30 35 0.9059204 
905 356 35 39 0.9037608 
346 192 21 29 0.9037557 
280 289 29 43 0.8929426 
737 285 25 33 0.8869528 
949 227 24 31 0.87415326 
713 405 35 46 0.87213373 
159 169 23 28 0.8455494 
904 404 36 54 0.8455287 
892 209 18 23 0.83988917 
369 289 39 47 0.8395655 
136 197 21 29 0.8254416 
95 249 32 36 0.80701566 
137 300 32 51 0.7903266 
311 169 22 26 0.75839037 
532 366 41 54 0.70053345 
0 305 28 60 0.69361424 
927 174 18 22 0.64603746 
390 330 40 51 0.6344508 
1010 129 14 26 0.5076804 
184 377 36 47 0.47306398 
726 456 40 46 0.40334314 
41 178 31 38 0.37463263 
292 197 21 26 0.369301 
843 281 16 20 0.353393 
927 208 25 28 0.28793257 
688 0 30 25 0.2726802 
686 494 58 70 0.25643596 
11 277 33 51 0.20983501 
757 331 47 50 0.14859551 
573 475 28 37 0.1466241 
880 540 32 40 0.13935746 
291 284 31 40 0.09365461 
285 282 18 23 0.092114374 
932 216 25 31 0.090956755 
648 299 30 37 0.085616246 
339 201 24 29 0.08357175 
850 452 50 65 0.07764968 
1001 212 22 30 0.07441797 
869 399 32 41 0.07026338 
713 420 45 53 0.068240166 
947 344 17 19 0.06588167 
215 174 15 21 0.06438112 
485 330 16 21 0.063005514 
630 248 14 17 0.062468268 
884 339 40 51 0.0517069 
740 407 43 53 0.050964296 
227 173 14 18 0.050460577 
904 139 23 33 0.049428854 
846 393 39 46 0.04874824 
125 197 22 31 0.047494467 
864 316 45 55 0.043942887 
870 446 38 51 0.043942675 
282 204 27 36 0.04224235 
599 276 46 54 0.041414484 
918 177 16 19 0.040505968 
139 156 22 26 0.04034786 
497 440 31 43 0.04019004 
10 130 25 36 0.03989726 
744 291 31 39 0.03833469 
585 246 17 21 0.0375967 
21 186 39 48 0.03725273 
485 316 26 35 0.037026368 
935 114 13 17 0.03595606 
399 322 29 39 0.035934977 
925 99 11 15 0.035621796 
17 138 16 20 0.035330385 
654 2 67 62 0.03468378 
741 436 39 44 0.03401729 
752 511 41 56 0.032885298 
919 103 10 12 0.032564543 
363 242 19 25 0.032490186 
791 400 28 38 0.031510424 
157 321 26 36 0.031470396 
261 426 41 54 0.031287413 
569 4 20 20 0.030189518 
753 298 44 51 0.030186985 
337 223 29 41 0.029829973 
994 113 24 33 0.029462395 
302 174 16 22 0.029283915 
693 464 57 68 0.029165437 
942 338 18 19 0.02898857 
111 213 20 24 0.02818932 
288 289 19 25 0.027855823 
267 219 19 21 0.027486175 
297 188 16 19 0.02723346 
710 512 35 45 0.027228054 
193 367 38 43 0.027085543 
253 227 32 40 0.026972037 
279 235 21 26 0.026649378 
94 216 40 48 0.026597984 
1 119 26 42 0.025628243 
636 275 46 52 0.02561548 
155 328 16 23 0.025606193 
625 246 24 29 0.025535611 
910 133 14 15 0.025259627 
149 163 24 28 0.024829775 
886 403 30 43 0.024447003 
280 434 28 41 0.024416134 
997 193 25 32 0.024337124 
932 166 14 19 0.024006145 
209 180 23 31 0.023886167 
988 212 14 20 0.023321904 
177 195 24 32 0.023189247 
-1 110 20 31 0.022993734 
376 224 27 35 0.022958059 
270 508 51 63 0.022798764 
289 430 39 55 0.022686029 
630 2 25 31 0.022612069 
380 242 43 52 0.022534736 
939 343 27 32 0.022518672 
637 295 47 61 0.022360455 
495 310 30 41 0.022203317 
196 337 23 29 0.021928908 
145 324 19 26 0.021919213 
387 234 27 35 0.021853874 
825 283 14 20 0.021660719 
911 84 11 14 0.02159818 
506 460 18 24 0.021523667 
870 247 10 13 0.021351913 
222 179 22 29 0.02103974 
-2 202 12 23 0.020659689 
836 400 34 46 0.020650351 
1009 553 16 21 0.020490775 
795 383 26 35 0.020469422 
980 208 16 21 0.020393515 
906 366 20 23 0.02036327 
960 136 23 27 0.020356046 
929 102 22 27 0.020331698 
913 104 9 11 0.020159282 
914 139 14 19 0.020128885 
905 383 41 54 0.020120975 
328 285 28 37 0.020001628 
