2_Demonstration_Demonstrators_2_414
138
399 33 20 24 0.9776674 
202 42 18 21 0.9562022 
135 42 21 25 0.89369786 
764 48 17 20 0.87812734 
599 38 22 26 0.8403559 
486 28 21 26 0.82413846 
251 52 18 20 0.70297927 
689 56 18 23 0.66600007 
90 62 18 20 0.4495231 
98 60 17 22 0.3054965 
18 35 25 30 0.23491418 
819 51 18 22 0.21124512 
313 39 23 27 0.19208187 
392 201 19 22 0.16514587 
296 2 26 25 0.15331186 
226 41 16 22 0.13730808 
867 23 12 15 0.13424687 
365 38 13 16 0.12961943 
399 77 29 38 0.124551155 
406 93 31 32 0.11164799 
611 2 18 20 0.10821421 
812 54 15 21 0.09772606 
933 40 26 31 0.09387486 
276 44 17 25 0.091774665 
421 29 14 19 0.09161914 
172 47 21 32 0.08068314 
680 56 20 26 0.080183685 
697 50 25 35 0.07966255 
796 53 13 17 0.079310894 
9 40 25 32 0.07557177 
268 50 13 20 0.07543273 
807 64 12 17 0.0667212 
912 53 12 17 0.06550276 
296 10 14 18 0.064673476 
739 15 17 23 0.06276424 
718 47 10 13 0.05875971 
108 63 15 21 0.057819165 
15 36 14 17 0.055489443 
223 36 15 20 0.05316268 
6 52 13 18 0.049549375 
658 274 12 15 0.04865475 
916 26 59 76 0.048215054 
542 67 11 15 0.047949485 
740 50 12 17 0.047304012 
827 47 16 20 0.046771046 
862 64 14 18 0.04595883 
319 5 13 16 0.045068037 
106 24 14 18 0.04474861 
116 68 14 18 0.044686645 
576 61 13 16 0.044229098 
259 236 12 16 0.040193364 
299 205 15 18 0.040166613 
6 93 12 16 0.039407045 
413 99 17 19 0.038195297 
528 223 11 13 0.03805064 
927 50 15 20 0.03786085 
449 50 17 19 0.036089547 
257 46 17 22 0.03586147 
175 257 27 33 0.03574403 
477 30 20 23 0.03515085 
321 203 13 15 0.03469379 
688 35 47 57 0.033649772 
372 226 12 16 0.032810647 
685 108 13 17 0.03239999 
804 54 12 17 0.03231931 
505 -7 103 102 0.032261293 
534 43 12 16 0.032062788 
778 42 15 22 0.03192871 
568 200 27 34 0.03162678 
530 1 15 17 0.031104332 
911 1 93 132 0.031057548 
821 85 11 14 0.030785045 
180 57 21 30 0.030724118 
712 46 12 15 0.03058825 
21 32 14 16 0.030021923 
35 35 15 20 0.029378118 
521 52 10 12 0.028257208 
496 25 17 26 0.028179783 
80 5 25 33 0.027852675 
356 53 13 18 0.027806435 
351 11 14 18 0.02776164 
412 3 10 13 0.027185306 
945 42 18 23 0.02670394 
402 226 17 20 0.026557472 
384 50 12 15 0.026546985 
670 58 15 22 0.026340295 
501 -2 17 16 0.02587172 
591 29 39 51 0.025648903 
253 273 33 38 0.025531732 
358 34 12 18 0.02542114 
315 52 17 22 0.025353646 
857 66 11 15 0.02535145 
394 67 26 35 0.025171278 
286 42 23 32 0.02516944 
13 246 35 46 0.025117582 
771 38 15 20 0.02492248 
476 63 17 22 0.024601744 
236 56 13 19 0.024544187 
68 125 11 12 0.024223357 
351 57 12 16 0.024219992 
237 195 13 15 0.024166409 
300 42 28 33 0.024113502 
532 254 14 17 0.023847045 
778 102 13 16 0.0238238 
293 41 13 19 0.023646494 
813 202 13 17 0.02352371 
592 97 24 29 0.023466209 
846 110 12 15 0.022927787 
454 33 14 18 0.022842562 
602 224 17 20 0.022812212 
166 55 17 24 0.022727204 
495 101 12 15 0.022606643 
617 0 14 13 0.02240811 
437 255 22 29 0.022329127 
423 36 20 27 0.022323186 
914 48 20 26 0.02231728 
580 45 24 29 0.022264475 
791 100 11 14 0.022098562 
125 99 14 19 0.021917272 
398 68 15 19 0.021733139 
2 14 40 63 0.021647422 
5 43 16 20 0.021542206 
708 49 27 33 0.021169838 
709 50 14 20 0.02101848 
530 227 14 17 0.020968147 
170 63 24 34 0.02095547 
669 42 13 16 0.020907288 
174 255 43 56 0.020903327 
226 47 21 29 0.020893754 
589 40 20 24 0.020688469 
451 42 16 20 0.020625569 
813 76 12 15 0.020558666 
316 138 41 49 0.02042878 
575 54 21 27 0.02041845 
748 48 13 19 0.020254396 
780 20 13 16 0.020224696 
632 20 11 14 0.020102734 
856 102 9 11 0.020018052 
