2_Demonstration_Protesters_2_881
25
44 297 25 30 0.9939756 
332 286 33 48 0.9918704 
264 91 541 445 0.15622157 
438 242 53 91 0.085227884 
491 288 56 92 0.08436501 
20 317 14 16 0.06803314 
439 336 207 195 0.06413531 
610 139 516 384 0.056119908 
661 284 434 486 0.04821203 
456 252 75 113 0.046303038 
471 282 100 131 0.04542663 
814 127 139 116 0.039029937 
775 257 249 239 0.037136547 
315 304 457 415 0.035069205 
-28 294 395 517 0.032254424 
794 222 139 111 0.03214762 
800 162 120 119 0.029659392 
502 238 492 391 0.02534773 
829 226 76 65 0.025278382 
466 -2 136 122 0.024527738 
724 189 260 195 0.023574267 
527 331 218 239 0.023355817 
354 357 35 38 0.021732436 
378 77 315 274 0.021402908 
419 181 265 290 0.020661624 
