2_Demonstration_Demonstrators_2_309
41
815 287 44 58 0.99548763 
991 381 32 51 0.9887194 
135 264 23 29 0.84853077 
445 152 118 145 0.66062826 
83 232 18 22 0.60550964 
152 235 18 20 0.51096135 
249 297 45 66 0.39901793 
119 266 15 19 0.37243295 
602 189 44 56 0.15263258 
87 264 30 36 0.13311738 
125 263 24 27 0.118471034 
437 500 13 16 0.07508929 
733 269 9 11 0.06268188 
105 264 22 28 0.053321406 
224 301 53 59 0.046934396 
32 223 13 16 0.044689603 
509 495 14 16 0.0433174 
0 265 11 24 0.04258343 
347 181 43 68 0.03898096 
931 364 12 15 0.03837402 
615 428 9 11 0.037390392 
148 240 23 31 0.035189033 
497 451 9 11 0.0344313 
722 289 19 27 0.034070082 
485 471 14 17 0.031592447 
12 300 13 17 0.031409457 
7 251 12 15 0.030813975 
572 433 18 27 0.028938325 
0 297 10 17 0.027457356 
202 266 44 59 0.025708256 
80 251 31 40 0.024569297 
510 203 42 51 0.023851804 
711 337 8 10 0.022707587 
187 259 14 20 0.022202747 
183 253 25 36 0.021351563 
433 502 19 24 0.021195736 
429 285 21 32 0.020982454 
194 257 33 51 0.02086058 
458 493 8 11 0.02060693 
80 239 28 33 0.020278959 
280 274 42 55 0.020171553 
