2_Demonstration_Demonstration_Or_Protest_2_430
66
108 238 53 70 0.9977943 
286 205 53 74 0.9961903 
489 130 61 96 0.99422246 
349 179 45 63 0.9915074 
857 218 50 63 0.98897344 
609 129 46 63 0.9871142 
680 116 56 89 0.98105824 
757 145 52 64 0.8980867 
859 168 42 53 0.8535801 
653 104 45 64 0.83106333 
236 219 35 39 0.49549955 
506 97 28 31 0.4335894 
22 368 47 68 0.2765327 
628 112 44 66 0.27419683 
811 123 24 39 0.2618235 
967 520 38 47 0.19334833 
397 179 45 59 0.18369645 
379 501 50 70 0.16868767 
230 428 39 49 0.113836825 
61 218 14 15 0.10986525 
400 479 46 80 0.1045874 
442 256 30 36 0.102217376 
484 443 50 88 0.09875633 
811 141 15 22 0.08282357 
533 32 24 31 0.07204714 
482 109 51 74 0.07134476 
134 373 50 51 0.06624766 
948 558 15 16 0.060297374 
353 522 57 54 0.057908412 
59 304 28 42 0.05449427 
181 194 16 22 0.050389126 
35 293 46 59 0.042023215 
0 144 23 55 0.041622832 
725 71 10 13 0.038716532 
180 163 10 14 0.036971565 
657 97 32 40 0.035274025 
768 127 35 48 0.034709558 
34 255 48 59 0.034364097 
56 220 22 25 0.03421334 
416 470 46 75 0.03346561 
719 121 69 96 0.033036515 
489 95 41 50 0.032735012 
181 199 23 33 0.03182405 
161 178 27 38 0.030312566 
963 510 27 46 0.028346851 
444 279 15 19 0.026180614 
780 127 43 61 0.025601916 
860 168 17 23 0.025046006 
264 211 44 62 0.024963167 
994 351 16 22 0.023609966 
727 45 12 17 0.023118721 
450 269 18 22 0.023027014 
431 226 44 57 0.02296596 
420 184 50 64 0.0227553 
772 118 28 35 0.02215279 
446 505 70 53 0.022141477 
807 526 56 49 0.021939687 
32 332 46 77 0.021303382 
483 70 25 32 0.021207707 
518 98 19 22 0.021145888 
814 121 16 22 0.020850653 
5 388 49 47 0.02077937 
939 560 18 17 0.020560391 
61 316 16 25 0.020458411 
-3 360 80 107 0.020228004 
194 212 16 21 0.020162724 
