2_Demonstration_Demonstration_Or_Protest_2_120
341
660 445 27 28 0.9969073 
822 513 27 36 0.9964367 
2 485 80 82 0.99635625 
994 480 29 37 0.9884448 
716 429 21 26 0.98509175 
482 293 23 27 0.9821485 
900 505 40 50 0.98186666 
818 393 15 19 0.9792796 
966 580 49 54 0.97798836 
470 255 18 22 0.97316414 
980 416 27 29 0.97122294 
837 384 14 18 0.9648936 
748 377 14 18 0.9423815 
980 368 16 19 0.93467677 
890 391 21 26 0.93319726 
723 395 16 19 0.931169 
934 426 24 25 0.91499937 
933 471 29 36 0.90360296 
958 397 16 19 0.89602584 
504 265 18 23 0.89360654 
28 283 17 20 0.8913405 
395 259 13 19 0.86912704 
361 283 14 18 0.8640186 
859 417 24 27 0.8580376 
775 363 11 14 0.8288153 
916 391 18 21 0.8250225 
856 350 11 14 0.810269 
289 297 16 19 0.7936325 
962 347 14 18 0.7418911 
120 294 13 17 0.7389159 
203 416 21 31 0.7371239 
771 406 16 20 0.7283025 
882 356 13 16 0.6837463 
909 372 17 20 0.63878345 
759 323 11 15 0.54971045 
723 338 11 13 0.42049354 
988 342 14 16 0.40805033 
837 301 9 13 0.40298367 
893 464 22 34 0.38189593 
779 337 13 17 0.37823 
338 360 15 20 0.37545612 
806 323 10 13 0.35714447 
175 299 12 15 0.3440457 
919 342 12 14 0.3176288 
275 288 12 14 0.31327698 
868 390 13 16 0.29259813 
578 356 30 35 0.28276557 
248 406 34 42 0.27968943 
721 563 34 37 0.25684714 
799 379 13 16 0.25090688 
1002 370 13 17 0.24140283 
842 470 16 23 0.24005446 
796 469 35 47 0.23726265 
895 328 10 12 0.2130447 
853 305 11 15 0.19119857 
709 320 10 12 0.18692368 
560 328 10 13 0.18143658 
816 310 7 9 0.16776589 
189 409 38 47 0.16737232 
566 123 11 14 0.16710651 
199 348 13 19 0.15884915 
524 276 13 15 0.15082225 
711 371 13 16 0.14704464 
797 318 8 10 0.14667204 
623 527 22 35 0.13484424 
693 361 10 15 0.1339257 
792 303 8 10 0.13173902 
853 418 18 20 0.12720414 
582 332 13 17 0.12455857 
0 298 13 18 0.12290914 
695 330 11 13 0.11767805 
528 282 10 13 0.110599004 
733 374 10 13 0.10858409 
302 322 15 17 0.107109725 
318 292 9 12 0.105572894 
748 359 11 14 0.10438178 
716 356 12 14 0.10274969 
207 282 13 15 0.09170682 
296 274 11 14 0.089542985 
560 309 10 12 0.084766366 
37 203 12 17 0.084658064 
259 277 9 12 0.083039016 
870 355 9 12 0.08156951 
33 184 11 13 0.081168205 
421 293 12 15 0.07924916 
731 11 419 559 0.078105934 
522 270 12 16 0.0744341 
252 260 10 13 0.072690494 
764 355 10 13 0.07133393 
243 349 23 26 0.071032315 
133 285 10 12 0.07007523 
900 467 27 36 0.06976763 
847 341 9 12 0.06915353 
842 321 8 11 0.06682255 
790 573 54 63 0.065543406 
839 365 9 11 0.06475331 
706 319 9 11 0.06463774 
829 317 7 10 0.063995846 
139 301 12 15 0.06380599 
869 311 8 10 0.06367137 
691 411 14 18 0.063658975 
869 381 12 14 0.061843768 
905 355 11 14 0.061156504 
582 308 8 10 0.059618518 
743 309 7 9 0.057764098 
894 317 10 12 0.05747609 
459 241 12 18 0.057078607 
749 318 8 10 0.056838796 
759 309 8 10 0.05592965 
736 326 9 11 0.05551493 
514 268 15 17 0.05458673 
917 479 39 48 0.054393895 
915 333 21 25 0.053346872 
198 278 10 13 0.052852094 
903 349 10 13 0.05250374 
211 278 12 15 0.052458663 
790 340 9 12 0.051853847 
943 335 10 13 0.05157162 
136 307 12 16 0.05028153 
824 373 9 13 0.050046433 
874 388 13 19 0.049881995 
715 363 14 17 0.049776766 
846 367 9 11 0.04961458 
849 302 10 14 0.04913139 
322 277 8 10 0.04813245 
639 350 11 13 0.047483798 
900 342 10 13 0.047207646 
565 316 10 13 0.04692297 
301 272 10 12 0.046682477 
222 268 12 15 0.046029937 
971 347 12 16 0.045981597 
567 288 8 10 0.045500275 
346 358 16 22 0.04503213 
349 332 14 16 0.044718925 
923 331 14 16 0.044711795 
563 325 11 14 0.044637717 
422 267 9 13 0.04363857 
815 366 10 12 0.043239944 
908 469 34 41 0.04300052 
782 311 9 12 0.042898957 
927 326 12 15 0.042714283 
934 451 29 41 0.041808955 
149 278 9 12 0.041368496 
468 232 14 19 0.041111674 
322 272 7 10 0.041031156 
833 366 8 11 0.040497877 
846 324 8 12 0.040418863 
824 312 8 9 0.039725896 
765 398 16 21 0.039604258 
462 237 12 17 0.039565265 
959 453 15 20 0.039331365 
239 271 9 11 0.039165102 
240 276 10 12 0.03892092 
336 309 11 14 0.038733587 
319 367 36 49 0.038521912 
327 287 8 11 0.038130168 
809 351 10 13 0.03803472 
262 298 11 14 0.037519336 
707 554 52 65 0.037425373 
863 375 12 14 0.036758855 
329 363 22 25 0.036138568 
537 267 10 13 0.035980165 
713 351 10 12 0.03541039 
211 420 24 34 0.03517278 
822 366 9 12 0.034863498 
883 468 36 46 0.034529485 
815 304 9 12 0.033842497 
830 456 24 30 0.033822168 
981 335 13 15 0.03358774 
792 380 10 13 0.03347404 
580 362 18 22 0.0333087 
416 265 12 16 0.033087436 
632 536 17 24 0.033016533 
124 317 13 17 0.032785524 
847 371 11 13 0.032494754 
936 341 10 12 0.032269135 
344 294 9 12 0.032163005 
759 350 11 13 0.03214459 
692 301 9 12 0.032132786 
32 277 18 21 0.031801883 
13 278 9 12 0.03158401 
135 429 30 40 0.031509113 
298 301 12 14 0.03137316 
169 325 10 12 0.03134433 
145 284 8 12 0.031243537 
594 310 9 12 0.031180806 
752 311 10 11 0.03082741 
823 444 25 28 0.0307736 
167 272 7 10 0.030702796 
15 284 9 13 0.030687237 
910 327 11 13 0.030483382 
709 555 36 34 0.030277887 
821 377 13 17 0.029951476 
831 312 8 10 0.029874163 
783 302 9 11 0.02984059 
777 304 8 9 0.029696476 
265 415 17 22 0.029504472 
517 271 22 25 0.029465843 
810 309 8 10 0.029389786 
759 403 16 19 0.029326854 
753 343 9 11 0.029089741 
701 364 11 15 0.028816331 
100 294 13 14 0.028757418 
645 350 11 13 0.028713873 
171 301 8 12 0.028676799 
133 313 15 20 0.028636541 
707 369 22 26 0.028517356 
777 310 9 12 0.028465899 
143 322 11 15 0.028008118 
141 295 11 14 0.027588902 
800 357 8 11 0.027530044 
894 357 11 13 0.027480666 
142 339 10 14 0.027414696 
126 270 9 11 0.027356295 
158 308 9 12 0.027264232 
117 424 38 47 0.027118929 
0 257 11 15 0.027085962 
182 277 8 11 0.027018525 
849 347 11 13 0.02687255 
760 304 8 11 0.0267549 
853 372 10 14 0.026741182 
962 451 23 28 0.02667524 
577 332 12 15 0.02662826 
178 294 14 18 0.026507216 
753 324 11 13 0.026483806 
692 413 21 28 0.025939558 
173 324 11 13 0.025857594 
952 293 10 13 0.025656952 
861 336 9 10 0.025591295 
789 471 26 36 0.025583044 
559 315 12 15 0.02556272 
900 327 11 12 0.025363158 
798 312 8 11 0.02520431 
104 269 9 11 0.02519787 
550 287 8 11 0.02507431 
833 333 8 11 0.025022583 
782 387 10 14 0.024723722 
792 307 9 12 0.024669439 
517 459 15 17 0.024653198 
594 362 16 22 0.024498474 
938 287 9 12 0.024470631 
334 284 9 11 0.024470411 
941 440 23 30 0.024406865 
342 267 9 11 0.024382107 
940 291 9 12 0.024367636 
702 325 10 12 0.024196113 
94 247 8 10 0.02415523 
933 332 11 14 0.024123117 
206 289 13 16 0.02411458 
824 357 8 10 0.024098536 
306 377 15 20 0.023874316 
812 323 11 14 0.02386894 
698 432 17 23 0.023861509 
777 316 8 11 0.023832988 
411 250 13 16 0.023825336 
574 325 9 11 0.023785565 
805 330 10 13 0.023783458 
865 309 8 11 0.02371815 
888 315 8 12 0.023702003 
950 334 12 16 0.02369533 
987 351 15 18 0.023678033 
765 319 10 13 0.023614824 
913 282 10 13 0.023585547 
737 302 7 10 0.023468953 
127 285 12 14 0.023411123 
840 334 8 11 0.02338281 
802 375 13 15 0.023269441 
229 273 12 15 0.023179265 
813 355 10 13 0.023080243 
741 326 9 11 0.023047829 
708 416 32 44 0.023023091 
15 292 10 14 0.02301439 
813 318 9 12 0.023013756 
162 272 8 9 0.022991313 
830 350 8 10 0.022973549 
784 381 10 13 0.022920128 
446 276 13 16 0.02265744 
22 268 11 14 0.022632848 
712 301 7 9 0.022590086 
135 292 11 14 0.022500442 
475 233 15 19 0.022451663 
955 333 16 19 0.022397622 
929 573 13 14 0.022357916 
832 380 13 17 0.022356953 
233 410 33 38 0.022335008 
906 466 16 23 0.022324733 
903 362 11 15 0.022322692 
127 278 10 12 0.0223125 
821 462 37 45 0.02226663 
337 295 10 12 0.02220362 
814 294 8 10 0.022151217 
143 269 8 11 0.022111138 
617 528 38 51 0.02209791 
816 370 12 15 0.022058552 
175 270 9 11 0.022052845 
815 344 7 9 0.021943469 
37 269 14 16 0.021942975 
731 573 20 23 0.021889126 
1004 389 12 14 0.02181324 
93 253 10 13 0.021772925 
21 103 9 12 0.021713005 
75 317 21 29 0.021608602 
236 480 38 53 0.021518897 
585 294 7 8 0.021404255 
47 159 25 30 0.02129116 
28 268 16 18 0.02126089 
920 324 23 28 0.021257918 
63 264 8 10 0.021218952 
180 324 12 14 0.0212109 
854 378 11 16 0.021139244 
636 405 9 12 0.021020116 
191 347 16 19 0.021015346 
401 262 15 20 0.020952255 
325 272 8 9 0.020885961 
796 302 9 11 0.020864861 
926 371 11 15 0.020802604 
901 333 10 12 0.020727985 
719 319 8 10 0.020715045 
866 318 8 11 0.020691913 
975 341 11 15 0.020668413 
700 361 21 26 0.020607399 
911 386 16 21 0.020575998 
909 351 10 14 0.020549065 
341 300 11 14 0.020517915 
704 372 12 16 0.020507023 
856 334 10 11 0.020489167 
654 350 9 12 0.020475153 
862 355 10 12 0.020452395 
324 290 10 13 0.020441324 
854 344 18 23 0.020440375 
230 235 7 11 0.020428618 
216 271 11 13 0.020391487 
94 408 23 28 0.020385534 
118 321 14 18 0.0203714 
946 528 37 50 0.020345379 
873 333 9 11 0.020305565 
262 283 9 12 0.020291988 
269 320 13 17 0.020175058 
17 259 29 33 0.02012353 
468 306 13 20 0.020055935 
829 565 52 64 0.020029157 
