2_Demonstration_Demonstrators_2_488
27
511 2 141 139 0.99942243 
229 36 120 158 0.99902654 
-2 70 39 56 0.96515113 
381 1 52 33 0.68278813 
159 38 45 60 0.641148 
434 5 55 54 0.5299715 
462 83 81 129 0.25013033 
980 127 43 93 0.20720743 
945 167 30 40 0.17751461 
995 167 29 54 0.10920889 
-3 295 110 215 0.09040312 
155 170 27 31 0.06957498 
476 52 114 131 0.06037672 
265 1 56 55 0.054563146 
394 1 55 53 0.036887955 
428 -3 83 100 0.035684623 
140 418 14 16 0.033735514 
126 9 63 66 0.032076392 
176 30 51 66 0.031245008 
82 128 35 45 0.029111315 
127 28 81 96 0.027645335 
88 113 30 40 0.024464974 
461 -7 102 124 0.023295451 
940 160 47 77 0.022619398 
430 101 81 121 0.021815408 
984 120 36 45 0.021435536 
144 175 45 57 0.021213533 
