2_Demonstration_Demonstration_Or_Protest_2_795
49
448 439 136 156 0.9991425 
620 145 13 16 0.58273906 
407 143 11 13 0.5347247 
615 140 14 17 0.16446342 
464 131 11 14 0.16324723 
134 141 8 11 0.1403666 
260 133 11 14 0.13039322 
73 141 9 10 0.1300558 
445 140 11 14 0.09885197 
750 141 13 15 0.096236356 
573 134 11 13 0.081620775 
673 148 11 13 0.07355792 
553 135 9 13 0.07064409 
656 126 9 12 0.06531791 
152 141 10 12 0.06511391 
589 139 11 13 0.0647904 
515 180 23 27 0.061696593 
605 139 12 16 0.059784032 
93 144 9 11 0.056990158 
694 140 10 13 0.05041412 
678 133 9 11 0.04519061 
105 144 8 10 0.044043258 
607 133 12 15 0.043076813 
639 124 9 12 0.042916622 
676 142 12 15 0.042106975 
613 133 13 15 0.04207385 
184 140 12 15 0.04167757 
720 139 10 13 0.039991852 
725 134 11 15 0.036855765 
626 139 12 15 0.03295099 
630 134 10 14 0.030627651 
756 135 12 15 0.030283734 
745 140 12 15 0.028105902 
639 134 10 14 0.027724717 
383 140 11 14 0.027347606 
621 136 12 16 0.027275579 
646 134 10 14 0.024695268 
86 166 11 15 0.024571648 
575 128 9 12 0.024532074 
661 141 9 12 0.024356624 
368 141 9 12 0.023586465 
329 142 9 12 0.02237851 
613 127 11 13 0.022367029 
654 131 11 14 0.022123529 
556 138 10 13 0.021588977 
345 133 9 12 0.021283329 
382 134 12 14 0.021174423 
568 139 11 14 0.021002453 
600 141 10 13 0.02072963 
