2_Demonstration_Demonstrators_2_231
38
39 460 56 71 0.99868304 
491 412 114 172 0.998588 
924 422 46 62 0.9971692 
227 457 47 67 0.9965628 
265 472 43 55 0.9078305 
980 419 16 19 0.8839531 
138 466 20 22 0.7590434 
875 324 10 13 0.28176412 
94 466 15 18 0.21484336 
818 182 15 19 0.19773991 
872 291 13 17 0.11238506 
903 437 10 13 0.08803276 
665 436 11 14 0.07851006 
744 228 12 15 0.074769124 
1 329 378 473 0.071439035 
780 237 20 26 0.068491556 
747 258 11 13 0.05860172 
871 392 14 16 0.04623601 
975 205 40 54 0.044588704 
85 463 24 30 0.042708248 
336 442 39 55 0.0387468 
745 291 13 16 0.036686216 
1012 428 12 21 0.035856884 
148 174 18 22 0.035693083 
748 321 10 13 0.03429515 
0 655 27 60 0.0342031 
781 467 12 15 0.031443715 
41 17 205 203 0.031222442 
565 191 46 54 0.030915977 
358 460 12 17 0.029993413 
403 236 75 86 0.027020218 
886 187 11 13 0.025582302 
207 471 30 35 0.024281288 
759 173 12 16 0.021814752 
320 425 24 30 0.020998556 
971 259 11 12 0.020965643 
771 421 15 20 0.02048093 
138 477 18 21 0.020293789 
