2_Demonstration_Protesters_2_714
24
193 422 58 67 0.99724066 
397 479 56 66 0.9962888 
628 392 56 66 0.94682026 
422 292 12 15 0.14827493 
22 297 36 37 0.062056605 
813 93 11 13 0.056803007 
425 728 23 31 0.055868935 
536 142 10 14 0.045809153 
650 351 33 42 0.044156015 
549 151 12 15 0.04111019 
646 359 50 70 0.03728042 
702 444 23 26 0.036935493 
619 288 65 72 0.035070032 
779 750 14 16 0.03321432 
355 672 23 39 0.0297443 
658 387 49 63 0.02851579 
380 351 15 20 0.02805908 
458 769 36 36 0.026978802 
512 222 9 11 0.025642196 
583 565 13 15 0.023706792 
458 330 17 20 0.022206198 
418 758 13 15 0.02196421 
494 556 22 29 0.021096446 
46 364 26 29 0.02070968 
