2_Demonstration_Demonstration_Or_Protest_2_304
52
193 277 49 68 0.998432 
373 362 35 46 0.99766684 
761 287 108 125 0.9966091 
525 343 46 67 0.99435353 
431 376 43 56 0.99362385 
302 386 37 45 0.9896355 
683 403 42 53 0.97919476 
78 383 36 47 0.9466965 
915 376 34 52 0.93389344 
548 347 45 61 0.91614217 
260 381 43 59 0.9090981 
32 394 32 42 0.79627484 
723 393 41 52 0.61999035 
52 380 39 54 0.29991752 
611 373 24 30 0.14517051 
173 297 27 35 0.1359301 
34 354 23 28 0.13539428 
24 409 13 17 0.10930338 
0 560 10 15 0.09657165 
768 560 85 87 0.09217744 
667 356 12 16 0.077316426 
41 413 20 24 0.07563095 
275 640 8 11 0.065611005 
288 329 24 33 0.05552458 
929 388 30 46 0.049978334 
738 392 52 64 0.04820017 
4 400 23 30 0.04694541 
859 648 63 71 0.042739835 
160 614 33 41 0.040671308 
288 730 15 19 0.04051234 
145 262 22 32 0.03394181 
511 254 10 12 0.033635553 
17 399 26 30 0.031531148 
516 355 36 47 0.029397385 
328 279 30 42 0.029019065 
470 317 10 12 0.027921105 
923 372 15 17 0.02711454 
944 429 11 16 0.024240663 
653 287 56 67 0.023713365 
43 356 25 37 0.023589505 
942 409 24 32 0.023173133 
525 420 41 55 0.023012023 
45 286 11 15 0.022662105 
644 292 32 40 0.022577759 
44 396 14 19 0.022461785 
661 359 15 18 0.021709194 
940 415 14 22 0.021615177 
716 354 88 108 0.02154902 
844 607 100 121 0.020953713 
976 434 47 73 0.020894783 
290 644 10 11 0.02066832 
122 662 46 57 0.02022645 
