2_Demonstration_Demonstration_Or_Protest_2_604
81
404 137 57 70 0.9992606 
281 26 83 133 0.99351454 
96 163 45 64 0.98538023 
655 120 61 106 0.9835422 
825 388 152 188 0.94940907 
537 136 23 27 0.9128436 
13 176 26 33 0.87864816 
517 94 14 16 0.77882385 
169 169 29 34 0.77600944 
780 -2 51 86 0.7038678 
467 148 16 24 0.6822903 
14 133 11 14 0.5322184 
39 128 16 19 0.36700365 
0 223 29 45 0.29216823 
37 207 16 24 0.27021345 
459 307 82 80 0.14690901 
86 119 11 13 0.14662988 
20 171 17 24 0.1303409 
72 135 13 17 0.07703994 
253 286 57 71 0.056325383 
783 -7 189 200 0.055509962 
72 120 48 47 0.054800842 
76 167 28 35 0.053077426 
110 87 17 20 0.049923815 
794 218 47 69 0.048061535 
157 164 22 33 0.048033062 
793 165 45 63 0.04734623 
478 122 14 16 0.045627892 
28 194 22 34 0.044143174 
4 167 28 35 0.042064875 
104 132 12 14 0.041641764 
513 239 26 31 0.04132353 
675 106 53 87 0.03897028 
434 315 128 112 0.0389472 
768 92 31 36 0.037701037 
73 133 25 27 0.037406873 
7 524 101 142 0.036686726 
779 0 116 122 0.033613406 
84 166 37 45 0.033164345 
39 207 28 32 0.03285989 
686 85 42 61 0.03172261 
774 214 218 279 0.031198975 
552 167 47 74 0.031144649 
428 462 40 64 0.03065852 
564 94 10 14 0.02998491 
545 123 28 35 0.029967053 
376 427 61 81 0.029900156 
10 224 36 47 0.028392183 
265 218 156 263 0.028017549 
461 153 39 52 0.02792508 
756 171 32 39 0.027484845 
444 149 31 43 0.026771756 
89 139 17 19 0.025462627 
575 175 53 76 0.025256945 
475 192 17 22 0.025225928 
516 102 15 19 0.024900418 
702 93 29 38 0.024743073 
91 119 12 12 0.02461783 
500 178 48 62 0.024448885 
475 107 14 18 0.023683218 
411 362 48 65 0.023601905 
507 247 36 41 0.023309195 
30 124 14 18 0.02309034 
726 6 59 80 0.023028519 
704 78 29 34 0.02282697 
9 137 12 16 0.022761554 
507 116 16 19 0.022719253 
493 10 14 15 0.022698473 
404 445 54 79 0.022320753 
516 196 17 22 0.02211625 
260 265 87 153 0.022112709 
554 137 17 22 0.021992056 
402 381 28 38 0.021566458 
8 237 19 26 0.021545656 
134 145 43 58 0.021153422 
736 161 51 64 0.020445656 
784 175 34 40 0.020330055 
271 223 358 418 0.020065907 
347 419 57 74 0.020059712 
12 149 41 51 0.020046676 
786 38 218 291 0.02003001 
