2_Demonstration_Demonstrators_2_567
21
535 53 66 81 0.99799395 
432 123 43 54 0.9974437 
699 58 59 82 0.9971186 
901 38 49 107 0.9533366 
73 94 43 53 0.47263944 
239 92 56 68 0.35513446 
249 105 66 88 0.08921531 
645 111 45 67 0.079734385 
218 87 52 70 0.06681252 
46 78 32 43 0.064432964 
65 99 31 39 0.057239775 
95 92 16 20 0.051161494 
951 81 59 78 0.042358577 
214 112 46 67 0.040077645 
92 94 24 32 0.03452826 
52 91 84 109 0.031536024 
201 76 41 65 0.030697936 
77 120 32 38 0.024823375 
813 49 17 23 0.023343017 
747 702 25 26 0.022161769 
62 106 15 21 0.021633258 
