2_Demonstration_Political_Rally_2_18
212
42 448 17 23 0.9807057 
166 331 21 28 0.9756619 
27 311 16 22 0.97382283 
380 436 18 23 0.96981937 
442 458 19 29 0.9695025 
242 421 20 25 0.9658743 
67 339 16 20 0.9635916 
486 361 16 22 0.9634892 
316 437 20 25 0.9600376 
529 394 19 26 0.9556519 
864 447 18 24 0.9517167 
25 258 16 20 0.9444861 
223 273 19 26 0.93966866 
363 429 16 21 0.9359576 
147 385 20 23 0.93426204 
502 448 17 23 0.93105084 
272 394 19 27 0.93029 
480 403 17 21 0.9274214 
423 427 16 21 0.92630565 
767 418 19 23 0.92189944 
12 353 19 24 0.9167439 
171 449 20 27 0.9138731 
624 456 17 21 0.9132673 
133 295 18 22 0.91254514 
313 261 19 25 0.9123578 
88 265 17 21 0.9089224 
97 446 20 25 0.89877367 
170 259 17 23 0.895385 
453 296 14 18 0.88479257 
238 310 17 22 0.8735701 
158 409 17 22 0.87144864 
914 435 17 21 0.8589295 
354 343 19 24 0.8587654 
102 240 16 20 0.85610986 
21 460 19 24 0.84398913 
187 307 15 19 0.7971948 
57 260 11 15 0.7934352 
300 333 18 24 0.78515655 
264 205 18 24 0.7785558 
154 302 18 22 0.73564535 
342 275 12 16 0.64893 
42 240 15 20 0.5931942 
42 425 18 20 0.5736118 
368 302 16 22 0.54948205 
462 489 17 22 0.50498646 
895 553 15 20 0.46192643 
355 456 15 18 0.46103993 
229 251 15 20 0.38220894 
132 429 13 18 0.35369098 
186 225 16 21 0.32960218 
546 434 14 18 0.3146324 
79 287 19 24 0.3074881 
78 322 13 16 0.30115265 
368 345 16 21 0.2832048 
300 319 17 22 0.26413584 
229 364 16 20 0.2613088 
373 377 11 15 0.24234255 
299 448 12 16 0.21254095 
305 241 12 17 0.17753522 
333 474 14 17 0.16427076 
38 330 15 19 0.14899334 
438 415 14 20 0.13228811 
476 564 12 16 0.13052526 
125 248 11 15 0.12918137 
100 312 11 14 0.124511145 
3 258 8 14 0.12420858 
186 379 14 17 0.11486272 
288 477 29 42 0.11317662 
0 206 11 20 0.10863848 
396 427 10 14 0.104988344 
233 384 16 22 0.09825629 
428 364 13 17 0.095983565 
413 276 10 14 0.09470239 
33 232 22 26 0.09345515 
91 388 12 16 0.09093928 
373 281 11 13 0.08557791 
35 336 14 18 0.085386015 
340 395 13 18 0.07087419 
389 363 11 14 0.07065949 
26 300 16 21 0.07005095 
332 201 15 21 0.06735373 
466 389 15 21 0.06688704 
301 434 14 18 0.066428825 
281 265 14 20 0.06582968 
424 370 13 16 0.06329876 
185 277 15 19 0.06282866 
633 484 11 14 0.06058112 
510 487 19 28 0.05973998 
22 435 13 16 0.058443803 
441 315 11 12 0.053123977 
398 391 11 15 0.05113229 
275 454 14 20 0.050800882 
441 370 10 13 0.04989036 
382 395 16 18 0.048858553 
326 473 14 19 0.04842281 
402 469 19 22 0.048289984 
528 558 39 55 0.04743449 
10 199 20 25 0.04730768 
489 461 10 13 0.045939554 
384 363 11 14 0.04422575 
382 290 15 18 0.041241657 
184 214 22 27 0.040490832 
120 245 12 17 0.040265244 
363 480 26 35 0.040085606 
116 460 14 18 0.03929397 
395 305 18 23 0.039003085 
137 426 13 18 0.038790762 
461 477 15 20 0.038668014 
104 292 10 14 0.038588997 
351 369 12 16 0.03820396 
258 191 34 44 0.037630055 
330 478 23 27 0.036857046 
912 431 14 18 0.035604753 
285 440 12 16 0.034851808 
417 413 10 14 0.034627352 
344 280 15 19 0.034449555 
950 548 11 15 0.0343959 
493 458 11 16 0.03380636 
389 292 12 14 0.033384085 
433 557 31 39 0.03321112 
328 354 11 15 0.033169154 
280 240 12 19 0.032661077 
31 437 34 43 0.032593235 
32 318 20 24 0.032344125 
38 275 11 16 0.032181446 
150 310 15 20 0.03213326 
62 445 14 20 0.032091465 
679 437 23 27 0.03176179 
344 364 11 15 0.031560346 
254 356 10 13 0.030318048 
370 370 19 23 0.029010355 
493 388 15 19 0.028800853 
248 363 10 14 0.028692804 
4 202 15 23 0.028571574 
393 424 10 12 0.028198011 
373 434 16 20 0.028144797 
523 439 17 22 0.027824167 
475 388 14 18 0.027458975 
173 298 13 19 0.027083052 
462 316 10 14 0.026018986 
171 377 15 22 0.025952414 
414 363 12 16 0.025779976 
203 308 16 22 0.025676418 
198 366 12 17 0.02561838 
337 280 13 18 0.025234971 
199 244 13 16 0.025212022 
444 437 12 14 0.025034174 
43 277 13 15 0.024956448 
0 473 9 18 0.024953354 
341 455 14 19 0.02482933 
305 429 16 18 0.024616728 
444 309 12 15 0.024583718 
249 358 11 14 0.024564976 
430 389 12 16 0.024446597 
319 191 28 38 0.024345635 
124 243 22 27 0.02422036 
70 315 16 19 0.024125809 
110 397 13 14 0.024116635 
132 437 14 19 0.023935786 
116 452 13 18 0.023922281 
839 404 12 16 0.023785248 
49 242 13 18 0.02373155 
336 403 11 14 0.023707008 
453 498 14 19 0.02368345 
378 371 14 17 0.023641236 
240 502 10 11 0.023574706 
4 342 33 48 0.023564337 
364 452 13 17 0.023539025 
230 432 12 18 0.023531431 
173 402 13 18 0.023497678 
383 410 11 15 0.0234661 
575 556 37 53 0.023437347 
57 493 14 17 0.023284113 
110 277 13 16 0.02319525 
75 426 17 18 0.023110146 
117 400 13 16 0.02271257 
470 366 11 15 0.022390785 
30 343 15 20 0.021839282 
182 392 16 21 0.021836245 
388 391 15 19 0.021773584 
286 379 13 16 0.021662395 
436 387 12 16 0.02156135 
316 355 13 17 0.021474604 
406 428 11 14 0.021425752 
546 554 41 55 0.021404402 
457 316 10 13 0.021390047 
3 264 13 19 0.021312343 
425 394 11 15 0.021201227 
423 574 51 57 0.021197284 
327 207 16 22 0.021173226 
174 368 22 29 0.02102286 
17 427 22 29 0.020929018 
75 328 15 20 0.020914173 
265 434 16 19 0.020765299 
270 363 15 19 0.020701952 
290 233 20 25 0.020661345 
204 370 10 15 0.020618057 
188 366 21 27 0.020576188 
86 333 11 14 0.02056655 
119 433 14 17 0.020559285 
233 358 13 16 0.020549392 
92 434 15 19 0.020513857 
470 559 14 18 0.020503124 
65 431 23 26 0.020386547 
776 488 9 10 0.020349007 
440 299 38 50 0.020308858 
748 476 30 28 0.02028441 
194 233 14 18 0.02026466 
109 283 12 16 0.020205818 
149 372 23 30 0.020165524 
404 448 16 19 0.020068299 
105 453 17 20 0.020046715 
