2_Demonstration_Political_Rally_2_659
45
37 239 100 121 0.99962986 
494 188 141 155 0.99703836 
959 245 60 79 0.99646723 
731 240 49 59 0.99596536 
162 288 27 32 0.9945945 
193 276 33 45 0.98826784 
-1 323 30 41 0.98380095 
367 272 21 28 0.98052716 
232 283 28 47 0.871558 
406 278 15 20 0.47164375 
2 292 19 24 0.44573453 
270 253 32 34 0.32491514 
838 255 54 68 0.14250067 
456 269 51 57 0.12974876 
769 213 37 55 0.102366515 
864 240 40 63 0.05738248 
298 308 34 44 0.056687117 
876 220 40 57 0.046700265 
859 260 29 46 0.044387218 
273 248 21 24 0.043844152 
883 182 17 22 0.039278835 
898 213 29 41 0.036172114 
343 280 22 27 0.031807065 
396 280 16 21 0.029016562 
7 294 25 31 0.027624233 
758 232 48 68 0.026888153 
193 302 27 34 0.02653876 
283 306 36 39 0.026492951 
128 695 77 71 0.026056955 
455 264 32 37 0.025954384 
0 654 22 50 0.024933223 
992 193 29 36 0.024660818 
918 183 11 14 0.024195978 
471 251 63 72 0.024010664 
878 246 46 62 0.023947919 
890 187 19 28 0.023516 
796 264 62 69 0.022842344 
235 284 18 26 0.022774274 
902 195 15 19 0.022286959 
436 276 10 12 0.022249864 
197 318 16 22 0.021617182 
256 252 13 16 0.021197258 
1 659 10 19 0.02098997 
202 310 27 33 0.020814741 
343 294 23 31 0.020217072 
