2_Demonstration_Demonstrators_2_41
35
204 188 50 60 0.99887973 
823 495 45 56 0.9970362 
392 361 99 182 0.9923429 
956 502 40 57 0.9884609 
256 92 32 36 0.9855117 
634 442 42 53 0.98072284 
404 184 44 51 0.9600395 
562 546 14 18 0.56003946 
889 514 11 14 0.38245925 
538 484 22 26 0.25610515 
723 498 20 31 0.082898214 
826 339 13 16 0.052038487 
688 257 14 17 0.051420875 
881 510 22 29 0.050728355 
873 543 36 44 0.04856883 
902 449 16 20 0.04771418 
760 500 17 19 0.045797214 
758 508 22 31 0.04246013 
844 506 32 45 0.03498395 
862 505 28 36 0.033415213 
664 284 11 13 0.026628299 
882 475 16 19 0.026340807 
759 493 28 37 0.025539624 
736 359 19 21 0.024107624 
874 517 30 41 0.023191389 
728 491 25 34 0.022516489 
831 332 26 30 0.021918885 
891 518 14 19 0.021775888 
699 447 37 49 0.021595184 
623 316 15 16 0.021120057 
998 543 25 32 0.02091833 
523 512 21 26 0.020848472 
714 266 32 40 0.020380542 
869 509 15 20 0.020249546 
937 450 26 31 0.020065956 
