2_Demonstration_Demonstrators_2_196
466
181 723 11 15 0.8561314 
86 715 12 15 0.626763 
637 670 8 11 0.4238198 
598 322 14 17 0.39616805 
414 613 7 10 0.32117578 
642 630 9 11 0.27100638 
91 497 13 16 0.24019964 
739 621 9 12 0.22367471 
36 735 12 15 0.22199011 
302 299 11 14 0.21821484 
373 711 11 13 0.20530894 
676 694 15 19 0.20203501 
504 688 10 12 0.1956879 
363 648 8 11 0.18686275 
71 443 9 13 0.17973106 
41 609 27 35 0.16889821 
57 500 10 13 0.16734715 
619 653 9 11 0.16061378 
676 444 9 11 0.15386097 
686 711 10 14 0.14630918 
32 571 9 11 0.14586225 
297 461 9 13 0.14421624 
134 511 9 12 0.14228271 
217 472 10 12 0.14126004 
337 340 10 14 0.13969809 
174 470 11 13 0.13568443 
479 641 8 10 0.13455924 
111 373 11 15 0.13392034 
343 326 9 10 0.13357984 
209 695 10 13 0.13238873 
831 679 9 11 0.1300033 
486 573 11 13 0.12943017 
325 344 8 11 0.12417011 
278 580 9 13 0.12303379 
367 718 9 11 0.12175748 
63 360 9 12 0.118853 
27 486 9 12 0.11669366 
57 665 9 11 0.11368308 
248 340 11 16 0.1111597 
294 312 9 12 0.1068601 
989 602 31 36 0.10504658 
374 279 9 13 0.104735695 
110 350 9 12 0.103339784 
511 722 38 40 0.09903187 
124 711 9 12 0.09894399 
274 254 7 9 0.09782883 
583 555 10 12 0.0970405 
759 734 12 14 0.09641218 
437 533 8 9 0.09442572 
387 489 7 10 0.089921534 
1 503 8 13 0.08713941 
751 632 9 12 0.0807698 
241 493 8 10 0.07667188 
941 655 13 16 0.07550842 
190 373 8 10 0.075237274 
319 310 11 14 0.07512765 
151 719 11 12 0.0742764 
805 652 15 19 0.074173324 
235 509 10 13 0.073805325 
91 447 8 10 0.07268429 
719 499 11 15 0.07242564 
107 667 13 16 0.072182074 
88 374 10 13 0.07113142 
341 333 11 14 0.07053644 
260 476 9 11 0.06972226 
631 612 9 12 0.06939887 
959 713 42 53 0.06886088 
149 637 9 12 0.06867927 
646 635 9 11 0.06829181 
159 443 10 13 0.06809503 
193 464 6 9 0.067218244 
182 359 9 12 0.066493854 
63 484 11 14 0.06573137 
295 348 10 13 0.06556379 
308 682 12 15 0.06477451 
24 661 9 12 0.06413155 
444 611 9 11 0.063548945 
192 696 9 12 0.063482404 
928 629 9 10 0.06347425 
944 649 9 11 0.06334242 
401 643 10 14 0.062345393 
363 720 8 10 0.06053476 
487 578 12 17 0.058338385 
101 711 12 18 0.05808636 
421 664 9 12 0.057814077 
175 365 9 11 0.05754852 
416 636 11 15 0.057239294 
479 605 8 10 0.055800073 
62 480 10 11 0.05506972 
622 647 9 12 0.054882098 
508 580 10 12 0.05486337 
249 717 10 13 0.054843448 
255 496 7 10 0.05481785 
592 659 10 13 0.054700606 
584 588 12 15 0.052590642 
231 729 32 34 0.05211467 
247 647 9 11 0.051661476 
164 458 10 13 0.050957054 
920 499 58 38 0.049610976 
350 633 12 15 0.049421754 
93 359 8 9 0.049179442 
721 663 10 13 0.049109083 
80 547 10 13 0.048845317 
342 426 13 17 0.048363455 
759 621 10 12 0.04830389 
318 304 8 10 0.048278414 
413 700 11 13 0.048181396 
476 79 11 13 0.04708791 
304 476 9 10 0.04593691 
268 376 9 12 0.045595136 
278 431 8 11 0.04512161 
408 318 10 13 0.04409914 
149 344 10 12 0.043881107 
711 632 11 13 0.04372529 
488 586 10 15 0.043506663 
281 299 10 13 0.0434497 
239 605 10 12 0.043376066 
446 87 9 12 0.043296434 
657 638 8 10 0.043056272 
405 263 9 11 0.042640284 
534 341 10 13 0.04258524 
235 317 9 11 0.042150263 
300 350 9 11 0.042009026 
222 702 11 13 0.041894488 
23 566 9 12 0.041467275 
605 663 10 12 0.041428883 
124 338 13 16 0.04139764 
16 588 11 15 0.04128846 
200 671 9 12 0.041263543 
412 558 6 9 0.04100916 
325 701 10 13 0.04089884 
349 725 9 12 0.040766656 
948 710 12 14 0.040743746 
250 286 9 10 0.040502507 
325 359 9 12 0.040445615 
63 373 9 11 0.040406566 
216 718 10 14 0.03984459 
262 472 8 11 0.039608486 
630 566 10 13 0.03946685 
147 476 13 15 0.039426893 
434 479 9 11 0.039381996 
295 466 10 13 0.03922199 
249 269 9 11 0.03913762 
234 692 9 12 0.038329575 
632 663 8 11 0.03807096 
621 440 8 11 0.03806318 
70 480 10 11 0.037872974 
271 463 9 11 0.037869193 
77 676 11 15 0.037868895 
584 389 7 10 0.03786102 
358 304 7 10 0.03778485 
413 575 8 10 0.037681017 
408 622 8 11 0.036774117 
277 254 8 10 0.036764774 
90 720 14 17 0.0366546 
271 428 10 14 0.036503237 
688 578 9 14 0.036303125 
456 605 7 10 0.0362263 
181 349 9 10 0.03620009 
486 569 9 11 0.03618128 
583 563 10 13 0.03610136 
78 396 7 10 0.03597745 
16 565 10 13 0.035756443 
523 607 8 11 0.03559033 
326 398 9 12 0.035560142 
478 587 10 12 0.035418663 
296 285 8 11 0.035411373 
161 489 9 12 0.03533374 
104 661 13 16 0.03509378 
757 612 12 15 0.035070766 
758 629 10 12 0.03499214 
287 469 8 11 0.03491222 
241 652 9 12 0.034838084 
753 741 11 15 0.03474598 
114 214 7 10 0.034670096 
303 471 9 11 0.034627847 
133 645 10 15 0.034529414 
295 430 8 11 0.034406025 
749 724 10 11 0.034299586 
598 663 10 12 0.0341645 
694 577 12 16 0.034090556 
451 348 11 14 0.034047097 
777 749 10 13 0.03397335 
301 640 8 11 0.033947017 
-1 544 24 38 0.03390679 
273 455 8 9 0.03378531 
255 612 11 14 0.033672784 
295 456 9 12 0.033664223 
670 329 426 523 0.033491526 
459 81 13 15 0.033309452 
419 668 9 12 0.03310003 
618 525 31 47 0.033061568 
353 679 8 11 0.033053655 
679 704 14 18 0.033039086 
518 591 8 10 0.03300302 
357 537 8 10 0.032909863 
145 219 9 11 0.032870073 
312 328 8 10 0.03285847 
365 724 11 13 0.03276677 
825 699 15 19 0.032545183 
258 473 8 11 0.032486998 
345 666 10 14 0.032306675 
358 236 8 11 0.03228912 
91 710 15 20 0.031945515 
142 360 8 11 0.0316936 
324 314 10 13 0.031580113 
80 501 9 13 0.031426404 
884 658 10 14 0.031383142 
198 695 9 12 0.031203916 
278 454 9 11 0.031054836 
422 635 9 13 0.031042557 
460 373 10 13 0.03088718 
784 736 9 11 0.030679129 
751 526 10 12 0.030667506 
45 550 10 14 0.03062945 
173 669 22 25 0.030561483 
622 658 10 13 0.030516637 
895 551 10 13 0.030512674 
598 636 8 11 0.030288028 
517 37 12 15 0.030195352 
245 652 10 11 0.030148946 
257 301 7 10 0.030055001 
13 491 11 14 0.030047983 
182 344 8 10 0.030018408 
637 673 12 14 0.029877832 
343 709 7 10 0.0298318 
234 187 10 14 0.029744664 
729 631 8 11 0.029733513 
904 671 10 12 0.02960763 
187 375 8 10 0.029336348 
101 693 9 12 0.029318161 
695 697 11 14 0.029122997 
370 440 8 10 0.029084912 
175 637 13 16 0.02904324 
445 316 9 13 0.02896918 
121 652 10 14 0.028953006 
62 492 11 15 0.028881282 
114 237 8 10 0.028779317 
1 562 10 14 0.028755967 
47 703 9 13 0.028694091 
756 596 13 15 0.02867696 
751 704 8 11 0.028651807 
80 495 8 10 0.028610231 
750 609 13 17 0.028608676 
349 383 9 12 0.02857084 
341 556 8 12 0.028561544 
767 647 11 14 0.02836604 
202 364 8 10 0.02836464 
177 360 9 12 0.028355751 
345 224 9 12 0.028351635 
475 584 7 11 0.028149337 
404 639 11 14 0.028031766 
153 438 9 13 0.027979515 
912 639 8 10 0.027947955 
503 602 9 10 0.027945034 
361 606 8 11 0.027877796 
282 471 7 8 0.027833428 
319 708 9 12 0.027767176 
396 559 9 12 0.027690016 
247 493 9 12 0.027688045 
39 525 9 13 0.027654182 
464 741 10 14 0.027644848 
349 607 9 12 0.027597092 
129 184 8 11 0.027521437 
757 568 8 11 0.027490564 
295 412 9 12 0.02746994 
758 691 11 14 0.027428493 
580 638 10 11 0.027341085 
336 493 10 12 0.027109053 
164 236 12 13 0.027071865 
695 623 11 13 0.027056882 
392 563 10 12 0.027046714 
637 542 11 16 0.027021458 
147 482 11 16 0.026923338 
441 596 8 11 0.02690234 
108 709 11 16 0.026854597 
34 393 8 10 0.0268537 
286 453 10 12 0.026701258 
608 710 8 11 0.02654606 
178 222 8 11 0.026528073 
446 596 8 10 0.026459437 
490 575 12 15 0.02644289 
415 643 10 13 0.026422877 
14 707 10 12 0.026372576 
79 470 8 10 0.02631051 
956 743 15 17 0.026243601 
189 581 11 14 0.026174268 
58 479 7 10 0.02614985 
150 643 11 14 0.026140831 
480 351 8 10 0.02613836 
463 643 10 12 0.026077446 
736 627 9 12 0.02603481 
903 637 8 10 0.026015515 
391 675 11 14 0.026008833 
224 438 10 13 0.0259464 
199 502 11 15 0.02592849 
310 300 9 13 0.02592349 
79 478 10 13 0.025854478 
398 480 9 11 0.025839567 
223 312 7 9 0.025794629 
422 630 10 12 0.025747398 
335 685 10 12 0.025726318 
185 700 10 12 0.025701974 
230 429 8 10 0.025627522 
559 644 9 11 0.02561992 
125 650 11 16 0.025602967 
214 698 10 13 0.025543593 
65 527 10 12 0.025531752 
513 588 9 12 0.025513247 
469 738 14 16 0.025508152 
88 451 9 12 0.02544413 
446 584 8 10 0.0254054 
588 653 12 15 0.025353314 
922 661 10 12 0.025286132 
824 654 10 15 0.025279824 
505 575 10 14 0.025218936 
271 468 8 11 0.025180621 
93 396 9 11 0.02516335 
881 387 14 16 0.02515816 
67 532 11 12 0.025137153 
7 245 9 13 0.024967201 
878 536 8 11 0.02494888 
265 426 10 13 0.024924709 
24 571 11 14 0.024882467 
133 684 14 16 0.024854556 
287 382 13 15 0.024730578 
145 470 10 14 0.024680104 
734 637 9 11 0.024610685 
131 733 12 14 0.024514226 
1012 331 10 17 0.024509255 
294 422 9 12 0.024409153 
680 715 13 15 0.024399968 
377 502 9 12 0.024277125 
532 78 11 14 0.024159033 
462 369 8 10 0.024082346 
270 687 9 11 0.024060395 
306 270 9 11 0.024049878 
70 422 8 11 0.023955628 
430 580 8 11 0.023953415 
205 361 9 11 0.023894291 
733 534 8 11 0.023893666 
455 379 12 15 0.023890663 
441 87 9 11 0.023886506 
320 346 10 13 0.023844115 
310 471 8 11 0.023829073 
145 413 10 14 0.023729753 
272 658 13 16 0.02371876 
230 470 7 9 0.023693485 
516 674 11 15 0.023687568 
407 627 9 14 0.02368214 
386 536 9 11 0.023659525 
261 296 8 10 0.02363591 
430 293 9 11 0.023578562 
342 510 8 10 0.023571983 
239 445 8 9 0.023562217 
206 253 8 11 0.023543084 
191 369 8 10 0.0234843 
49 668 11 13 0.02348309 
156 743 12 14 0.02343235 
114 668 12 16 0.02340491 
232 687 9 13 0.023395529 
838 670 11 14 0.02329568 
431 312 7 9 0.023248073 
502 613 9 12 0.02320965 
445 590 9 12 0.02319836 
341 493 9 12 0.023153977 
105 512 8 11 0.02315009 
241 720 24 32 0.02313814 
368 668 11 14 0.023103563 
106 373 9 12 0.023066035 
296 514 11 14 0.023047457 
30 710 8 12 0.02301994 
832 509 9 12 0.022990016 
29 659 10 15 0.022871865 
287 462 10 14 0.022869725 
416 631 9 13 0.022844452 
199 682 10 16 0.022842903 
477 613 10 12 0.02282695 
349 222 10 12 0.022803336 
313 513 9 11 0.022792475 
437 267 11 14 0.022778308 
161 383 8 10 0.022742044 
605 589 10 12 0.022718119 
808 751 10 11 0.022700444 
521 520 11 13 0.022619773 
767 713 11 15 0.022585494 
275 486 7 10 0.022571962 
616 659 11 13 0.022491215 
66 421 8 11 0.022437692 
389 373 10 12 0.022417141 
183 215 7 9 0.022398738 
701 621 9 12 0.02236176 
466 471 8 9 0.022297183 
726 648 8 10 0.022239447 
84 747 11 14 0.022218533 
231 444 8 11 0.022181114 
230 486 8 10 0.022164105 
648 590 11 14 0.02213061 
742 627 9 12 0.022113929 
34 652 12 16 0.022089299 
281 367 9 12 0.022079391 
528 449 8 10 0.02200605 
226 486 8 11 0.021992221 
135 670 10 13 0.021935515 
430 318 9 11 0.02188635 
591 694 11 14 0.021861417 
295 408 9 10 0.02183863 
11 701 12 15 0.021815896 
576 575 9 12 0.021717003 
751 620 12 13 0.021621132 
334 612 10 13 0.021591557 
487 617 8 10 0.021588253 
583 573 9 11 0.021587275 
597 688 14 18 0.021560434 
514 375 10 13 0.021544756 
373 722 12 16 0.021517508 
114 476 9 12 0.021486735 
895 638 9 11 0.021444859 
857 718 8 11 0.021437377 
104 368 9 10 0.021375734 
344 541 9 11 0.021293093 
336 430 11 13 0.021260168 
172 398 11 14 0.021210406 
425 607 8 10 0.021200782 
142 653 11 14 0.021157805 
48 724 9 12 0.021032691 
585 446 9 12 0.02101795 
170 366 8 11 0.020933358 
216 711 10 14 0.02092069 
302 678 21 25 0.02090811 
529 342 10 12 0.020901242 
647 669 9 12 0.020802615 
544 581 9 11 0.0207983 
36 572 9 12 0.02077549 
345 613 8 10 0.020763604 
441 583 9 11 0.020708071 
432 596 7 11 0.020700408 
230 522 12 16 0.020694815 
409 607 8 11 0.020662012 
917 638 10 12 0.020614509 
201 308 10 13 0.020546533 
406 312 11 14 0.020539373 
208 627 9 12 0.02053757 
630 423 9 12 0.020498127 
312 444 8 11 0.0204858 
285 286 10 13 0.020458762 
255 703 8 10 0.020449804 
184 324 8 11 0.020447256 
70 493 8 11 0.02043471 
166 215 7 10 0.020406246 
264 462 8 10 0.02040087 
389 252 10 13 0.020398669 
400 336 11 15 0.020383403 
474 616 8 11 0.02037154 
686 741 15 20 0.020343019 
30 621 10 13 0.020335335 
457 368 8 11 0.020328289 
848 717 9 11 0.020247897 
280 386 11 14 0.020228842 
866 651 12 16 0.020190582 
367 351 8 11 0.020173775 
458 678 10 14 0.020170005 
272 311 8 10 0.020143898 
742 615 11 14 0.020117834 
721 646 9 11 0.020058127 
537 645 11 16 0.020030892 
