2_Demonstration_Political_Rally_2_690
31
522 369 105 161 0.9850572 
813 400 69 87 0.98493016 
644 392 25 39 0.9697316 
949 370 10 15 0.29092282 
752 368 11 15 0.22887523 
1001 413 11 13 0.16243109 
66 343 11 14 0.073781885 
11 443 10 12 0.058486078 
78 357 10 12 0.055973783 
53 356 11 14 0.041998465 
73 358 9 12 0.03490565 
708 403 10 13 0.034592 
179 350 10 13 0.034170464 
692 557 195 258 0.03244086 
736 345 45 56 0.03195024 
575 424 58 94 0.02892395 
749 360 23 26 0.02717232 
81 351 10 14 0.027081838 
62 366 9 11 0.026095212 
93 411 7 11 0.025603974 
77 364 10 12 0.025094712 
941 376 14 17 0.024576306 
62 358 10 13 0.02193544 
935 378 12 15 0.021482049 
564 356 90 140 0.021298012 
696 365 11 14 0.021285025 
53 341 9 12 0.021053025 
904 358 12 15 0.020909395 
767 398 48 65 0.020883853 
527 461 59 88 0.02039182 
925 352 14 19 0.02016894 
