2_Demonstration_Protesters_2_456
31
311 470 113 176 0.99834335 
853 443 90 127 0.9975617 
659 477 55 73 0.9970674 
763 515 44 51 0.95757383 
856 337 31 35 0.73894876 
0 490 67 70 0.4049783 
331 435 43 50 0.14945011 
243 412 17 20 0.10196686 
269 390 11 15 0.09137437 
233 395 14 17 0.09044142 
405 389 14 16 0.07582367 
490 340 53 74 0.06086958 
637 471 31 50 0.051762577 
1001 332 24 45 0.04213792 
311 451 13 16 0.040975746 
983 478 42 80 0.040949184 
447 515 55 65 0.03938868 
735 235 28 30 0.037485506 
49 460 28 50 0.03547606 
647 464 48 67 0.02909446 
228 555 40 49 0.028175818 
62 433 33 37 0.02525189 
31 472 49 73 0.025192643 
693 473 36 52 0.02454107 
-1 491 27 55 0.021423584 
428 366 15 17 0.021250386 
374 487 96 121 0.021067604 
619 452 40 59 0.020927366 
748 488 35 46 0.02063784 
350 380 24 33 0.020460721 
854 344 17 23 0.020043308 
