2_Demonstration_Demonstration_Or_Protest_2_644
88
101 236 29 41 0.99925596 
877 310 29 36 0.9986859 
145 182 26 31 0.9974413 
231 64 26 35 0.9973769 
767 287 26 36 0.9972709 
821 278 23 29 0.98732287 
331 91 19 29 0.96228653 
21 33 18 21 0.96012837 
835 141 18 24 0.9445064 
173 174 21 28 0.92557865 
932 276 21 26 0.91618806 
715 245 20 34 0.91614664 
364 246 22 28 0.8945031 
644 238 19 22 0.88590634 
404 245 19 21 0.86742544 
561 276 28 36 0.8382583 
852 270 20 25 0.8020851 
430 231 20 29 0.6299994 
211 48 14 16 0.5270778 
657 272 24 30 0.44508973 
656 302 22 28 0.30715752 
387 243 14 19 0.25707006 
490 316 17 22 0.15522079 
17 84 41 47 0.15043837 
294 237 14 17 0.1392221 
203 53 26 36 0.12427267 
552 244 17 22 0.107990734 
540 193 18 22 0.10462808 
968 263 29 36 0.10224665 
377 242 19 24 0.09991231 
865 348 29 38 0.09385337 
351 249 25 29 0.07929997 
446 287 18 20 0.077653445 
568 123 13 16 0.06662527 
511 249 16 20 0.0645064 
713 251 36 49 0.05514371 
472 162 14 18 0.05512865 
474 296 15 18 0.045710083 
948 233 11 15 0.044092752 
544 272 16 21 0.0431206 
395 604 33 32 0.04121642 
295 637 15 17 0.039829906 
696 242 20 29 0.037969515 
784 258 13 17 0.036237117 
576 263 24 33 0.03604298 
315 91 18 23 0.035495 
398 243 15 19 0.033986446 
664 318 19 24 0.033343993 
516 274 23 29 0.032782264 
651 274 35 49 0.031935103 
828 164 14 20 0.031916004 
159 292 25 37 0.0317983 
23 102 46 51 0.030507341 
585 255 20 29 0.030156 
270 289 13 19 0.029912919 
660 286 17 23 0.02974107 
436 731 27 32 0.028958503 
441 233 13 22 0.02786737 
96 174 17 22 0.027735215 
372 647 15 24 0.027168412 
502 268 11 15 0.02694689 
392 627 10 13 0.026837585 
700 261 41 57 0.026807794 
239 220 14 18 0.02566423 
503 196 12 15 0.025625702 
378 151 24 26 0.025522202 
248 621 26 30 0.02551002 
387 162 16 18 0.02524607 
470 210 11 14 0.025012376 
529 270 20 27 0.024354829 
664 298 18 25 0.023599211 
95 420 494 436 0.022640392 
523 268 15 19 0.022363566 
481 300 14 16 0.022274615 
955 264 30 37 0.022140795 
834 161 15 18 0.0218232 
284 647 10 12 0.021399323 
317 666 17 19 0.021376226 
267 280 22 34 0.021372214 
385 160 26 31 0.021135893 
710 243 15 26 0.020792576 
533 260 11 14 0.020698186 
433 279 22 29 0.020653788 
474 280 18 21 0.020650107 
568 292 19 23 0.02029193 
36 81 40 53 0.020135937 
493 247 13 17 0.02012765 
525 151 18 21 0.020078147 
