2_Demonstration_Demonstrators_2_499
47
758 341 26 29 0.9917058 
259 357 23 28 0.9839829 
634 365 18 23 0.9727755 
813 347 20 29 0.95315903 
601 364 21 25 0.937966 
453 361 22 27 0.91966254 
978 322 37 53 0.90855587 
830 325 23 31 0.9074943 
361 365 20 24 0.902353 
426 360 15 24 0.71748537 
961 346 17 24 0.6818791 
551 359 16 22 0.655168 
699 380 13 18 0.53436595 
486 383 14 18 0.40786624 
515 387 20 25 0.325916 
804 328 37 50 0.17595743 
864 306 11 14 0.13769418 
656 370 12 17 0.12633474 
196 376 174 191 0.08619089 
700 376 11 13 0.06723304 
905 345 39 55 0.06474699 
997 320 25 46 0.059725773 
526 370 11 14 0.04941779 
973 333 27 35 0.04478644 
854 324 13 18 0.04439655 
711 380 11 15 0.04416437 
842 331 17 24 0.04362357 
988 362 12 15 0.034061622 
947 347 25 31 0.034038283 
831 318 13 18 0.033339623 
670 306 15 17 0.03303646 
859 313 15 20 0.028609008 
824 322 38 49 0.028031113 
417 370 13 19 0.027488777 
931 360 27 33 0.02584503 
969 345 16 23 0.02573575 
621 328 9 11 0.025189642 
981 352 16 21 0.024920467 
878 315 12 16 0.024831774 
-49 254 423 603 0.02428627 
847 329 26 32 0.023915706 
895 399 42 53 0.02377133 
702 285 11 14 0.023730412 
717 377 9 11 0.02197682 
689 399 9 11 0.021360215 
664 284 11 15 0.020835567 
858 301 20 25 0.02069504 
