2_Demonstration_Protesters_2_486
18
814 108 115 128 0.9991026 
44 387 129 172 0.9986804 
442 110 162 192 0.9986506 
231 424 59 62 0.991185 
28 537 37 45 0.97479033 
623 242 48 64 0.949466 
813 311 24 43 0.27074575 
601 320 155 147 0.053386528 
813 314 16 23 0.039806996 
83 274 33 43 0.03154935 
817 311 10 14 0.029795622 
878 503 151 128 0.028900309 
388 0 11 12 0.025365356 
400 12 11 14 0.024962168 
32 231 65 65 0.02470787 
744 5 62 77 0.021563943 
969 5 39 46 0.02083199 
-2 255 21 36 0.020355897 
