2_Demonstration_Protesters_2_54
104
21 211 22 28 0.9861101 
333 65 15 19 0.9812135 
149 205 23 29 0.9780929 
417 99 19 24 0.9706471 
295 85 14 19 0.96262556 
316 143 17 21 0.9554793 
520 67 15 21 0.9440612 
171 162 18 22 0.9323908 
392 75 14 18 0.9234141 
15 162 20 23 0.8668861 
600 141 17 22 0.8202952 
440 135 18 22 0.7951406 
226 163 18 21 0.7823763 
810 105 16 20 0.7771065 
547 59 14 18 0.7696691 
680 127 17 20 0.75679266 
332 105 13 16 0.6843046 
525 146 16 21 0.66939294 
868 137 17 20 0.64615583 
408 264 26 32 0.57262963 
364 79 11 15 0.5197015 
525 137 17 20 0.480094 
687 162 15 18 0.43608788 
86 57 9 11 0.3849772 
659 109 17 19 0.21000963 
460 162 15 18 0.2065079 
142 168 16 19 0.20628972 
75 99 11 14 0.17090641 
32 133 10 13 0.11930306 
204 102 19 24 0.11481081 
501 109 11 14 0.11401469 
603 178 24 31 0.07017545 
340 105 13 16 0.061899737 
173 49 8 10 0.061275188 
666 113 16 19 0.056810524 
651 140 14 19 0.05562721 
874 124 15 18 0.05495846 
279 52 9 12 0.05441445 
372 149 10 13 0.05300903 
402 270 21 24 0.052585647 
355 233 16 18 0.052327756 
170 52 9 10 0.050307628 
348 105 11 14 0.049859434 
278 76 14 16 0.048144966 
83 56 8 11 0.04608775 
816 102 15 19 0.04395654 
544 90 11 15 0.042782836 
422 251 12 14 0.041572116 
555 96 16 21 0.039894663 
185 188 19 24 0.039593853 
157 159 21 28 0.03874668 
548 89 14 17 0.03555112 
667 211 23 31 0.03530276 
213 102 21 29 0.033820055 
318 90 14 17 0.032071613 
414 173 21 26 0.031733178 
394 124 29 40 0.03144752 
670 121 16 20 0.03117899 
517 131 18 23 0.030731842 
588 107 10 13 0.030725613 
81 59 12 14 0.030515818 
430 138 17 20 0.029744448 
429 227 14 16 0.02925663 
370 78 13 15 0.028609984 
820 138 15 20 0.028493831 
382 59 12 13 0.02640992 
463 322 12 14 0.025620047 
189 265 14 15 0.024571866 
333 146 13 18 0.024104247 
517 174 13 16 0.02404626 
852 106 15 18 0.023762198 
973 49 14 18 0.023374043 
273 74 22 27 0.023321882 
83 64 14 17 0.023205305 
412 73 16 18 0.02287459 
543 146 14 20 0.022829864 
288 122 16 20 0.02278666 
5 396 10 15 0.022418192 
420 386 10 12 0.022357874 
685 257 25 31 0.02235343 
863 134 15 20 0.022278318 
287 83 14 18 0.02217126 
463 155 16 20 0.022005137 
489 172 11 15 0.02174279 
351 77 10 13 0.021633912 
64 181 33 39 0.021546751 
131 120 13 18 0.021401955 
419 276 16 22 0.021304596 
872 129 22 29 0.021285385 
215 162 15 21 0.021257807 
472 333 12 16 0.021235 
447 317 25 28 0.02123284 
268 85 10 13 0.021083906 
855 234 25 33 0.021017307 
171 85 17 20 0.020745743 
413 82 15 18 0.020733673 
475 337 12 16 0.020611193 
236 122 15 20 0.020555982 
991 54 10 12 0.0204523 
460 176 15 17 0.02043762 
307 132 19 24 0.02034669 
263 24 10 11 0.020306751 
518 125 15 18 0.02014461 
368 151 14 20 0.020139057 
