2_Demonstration_Protesters_2_542
18
604 172 64 89 0.9978556 
17 103 61 79 0.99661475 
919 98 19 22 0.86749357 
854 86 18 23 0.8072547 
482 491 19 25 0.09141612 
281 195 269 264 0.082216956 
304 159 40 71 0.07977571 
207 49 32 40 0.059318673 
303 174 25 43 0.033163972 
621 434 72 56 0.026577985 
257 290 25 31 0.026370587 
365 4 11 13 0.02562082 
847 81 33 49 0.02475067 
951 735 52 37 0.023451282 
765 86 23 32 0.02318001 
245 70 458 435 0.021453042 
865 87 15 21 0.02039507 
388 20 10 13 0.020238174 
