2_Demonstration_Demonstration_Or_Protest_2_242
34
18 488 26 35 0.9644372 
174 516 48 95 0.9325951 
263 506 29 39 0.87193006 
805 338 51 80 0.7965945 
195 506 77 123 0.38149157 
465 76 10 13 0.0885956 
5 496 13 19 0.086148806 
277 508 26 35 0.08087395 
232 527 68 106 0.078746386 
259 512 22 26 0.04058886 
425 327 135 109 0.037855815 
712 527 20 26 0.033862 
989 205 31 41 0.033002734 
264 598 27 32 0.03143394 
289 513 15 21 0.031192886 
774 296 26 34 0.030537695 
13 497 15 21 0.024865134 
311 565 100 99 0.024605552 
779 418 11 14 0.024591448 
209 461 34 36 0.024138328 
127 508 100 121 0.023836916 
356 548 84 105 0.02340262 
322 508 39 38 0.022724755 
418 551 43 54 0.022604601 
457 344 85 66 0.022469891 
745 525 13 15 0.022114888 
757 449 24 30 0.022106646 
828 344 63 71 0.021982634 
428 556 23 36 0.021951796 
15 475 41 58 0.021919647 
761 451 15 17 0.021591306 
219 431 177 242 0.021552438 
751 462 27 31 0.021279052 
254 529 26 35 0.02091424 
