2_Demonstration_Protesters_2_131
404
212 618 17 22 0.97094256 
90 585 16 20 0.9558951 
126 617 18 24 0.9517127 
479 560 14 19 0.9314358 
265 582 15 19 0.9057765 
955 557 17 19 0.891146 
37 598 16 19 0.8900342 
316 594 15 20 0.8824348 
978 572 16 24 0.8455285 
409 540 11 14 0.83568263 
184 589 16 18 0.82560164 
190 562 12 15 0.7997261 
307 555 12 16 0.799156 
460 615 21 26 0.75779516 
551 550 13 16 0.72761047 
360 559 11 13 0.7052021 
45 570 17 19 0.70232475 
866 569 17 22 0.6781265 
131 585 13 17 0.6426166 
823 513 12 16 0.6194764 
265 662 27 27 0.57762504 
378 611 16 25 0.51919353 
296 598 11 14 0.49943143 
219 554 11 14 0.4810142 
405 520 8 11 0.46185425 
27 643 15 23 0.44641894 
668 581 12 17 0.4167294 
465 535 8 10 0.33999288 
937 526 9 11 0.33513233 
320 541 9 12 0.33251405 
285 523 9 12 0.31528905 
513 542 9 11 0.28753552 
622 525 10 12 0.285128 
220 514 9 13 0.2801863 
886 612 14 22 0.27323496 
830 565 14 18 0.2604323 
629 603 16 21 0.24587356 
514 512 8 11 0.22284454 
692 547 11 16 0.21848947 
606 555 11 14 0.21759248 
581 567 10 14 0.20375703 
717 623 30 37 0.1854526 
503 559 11 14 0.183723 
345 560 9 12 0.17934486 
414 580 13 19 0.17400219 
653 553 13 18 0.17334561 
257 524 8 11 0.16818489 
620 530 13 18 0.16668876 
789 533 10 14 0.16473332 
145 538 10 12 0.16113836 
149 535 9 12 0.15386769 
687 541 10 14 0.1528479 
719 567 14 19 0.1518823 
252 614 11 16 0.1473547 
302 521 9 10 0.1471656 
379 533 7 10 0.14438035 
711 542 11 14 0.13848308 
118 524 8 11 0.13771209 
166 549 10 14 0.13655242 
92 491 10 13 0.13356234 
697 582 12 15 0.12914108 
864 514 11 13 0.12891486 
530 548 15 19 0.11881953 
166 556 9 13 0.118242145 
897 560 10 12 0.11123481 
237 550 9 12 0.10781449 
713 582 10 14 0.106419444 
169 540 10 14 0.10636589 
905 519 8 11 0.10546673 
689 557 10 13 0.10526293 
752 523 8 11 0.09980451 
652 573 13 17 0.09154264 
478 584 9 12 0.08981955 
959 527 10 12 0.08839807 
445 533 10 12 0.08782294 
209 528 8 10 0.08445754 
664 515 10 12 0.08427426 
709 503 13 17 0.08371813 
910 517 8 11 0.08157865 
741 504 9 12 0.080916286 
700 572 13 18 0.080433115 
426 516 8 10 0.07928151 
127 503 12 15 0.07849822 
135 526 9 11 0.076979265 
658 548 12 17 0.07609891 
389 518 9 11 0.074573696 
722 618 21 23 0.07421075 
362 664 28 23 0.07318005 
108 509 11 14 0.07312188 
286 637 10 14 0.07275177 
421 558 11 13 0.07134818 
168 535 9 12 0.07033923 
161 556 9 12 0.07029574 
735 533 9 11 0.06712182 
912 512 8 10 0.06461901 
300 631 12 17 0.06452464 
41 493 9 12 0.06431664 
671 42 48 75 0.06389509 
80 549 12 15 0.0638354 
964 526 12 13 0.063563675 
500 524 9 12 0.061948963 
459 548 12 14 0.061341994 
685 502 9 12 0.06119087 
25 496 10 12 0.060991105 
901 493 9 11 0.058360253 
716 585 12 15 0.05835627 
29 500 9 11 0.05814426 
153 526 9 12 0.05794002 
606 523 9 11 0.057769444 
893 540 11 14 0.05669612 
882 519 8 10 0.0566652 
299 601 13 16 0.05657521 
802 536 21 27 0.055812165 
366 526 9 12 0.05528691 
376 527 10 13 0.054435585 
463 539 10 11 0.050066 
208 564 11 14 0.04964675 
445 550 9 13 0.049400385 
725 503 10 12 0.04851819 
192 662 23 23 0.047045834 
941 499 9 12 0.046530835 
112 542 11 13 0.046459973 
397 579 10 12 0.046448328 
381 528 9 11 0.046255153 
789 510 9 13 0.046060693 
349 559 9 13 0.044979915 
442 29 12 15 0.044893377 
733 452 9 12 0.04485326 
498 521 8 9 0.044465147 
246 520 7 10 0.044044387 
102 518 9 12 0.04398995 
462 573 13 17 0.043972142 
139 558 11 13 0.04362378 
568 525 7 11 0.04276602 
847 492 7 10 0.04275544 
328 527 8 10 0.042442534 
815 470 9 12 0.042285305 
256 564 10 13 0.042135376 
5 533 11 16 0.042075973 
805 502 10 13 0.041838102 
322 525 7 9 0.041526694 
116 602 12 16 0.041010596 
468 609 22 30 0.040373772 
207 512 8 10 0.040179342 
98 519 9 12 0.040145066 
384 613 22 25 0.039904434 
590 509 9 11 0.03976864 
83 553 12 18 0.039694093 
182 524 9 11 0.0396381 
470 579 12 17 0.039576333 
350 544 9 10 0.039530378 
288 549 10 13 0.03942729 
674 579 15 18 0.038746 
15 531 11 14 0.038685396 
889 505 8 10 0.037980307 
133 531 10 13 0.03773263 
927 502 7 10 0.03729019 
61 531 10 13 0.03720246 
715 546 10 14 0.036980994 
688 563 10 12 0.03638218 
832 562 23 28 0.036329918 
742 548 10 14 0.036056656 
364 589 10 12 0.035941992 
888 508 8 11 0.03587778 
461 606 16 21 0.035247356 
516 515 9 12 0.034965955 
238 501 8 10 0.034282614 
77 503 10 12 0.03411925 
222 496 8 10 0.03408902 
573 595 12 15 0.034015857 
642 42 56 71 0.033895873 
69 539 11 14 0.033801854 
665 536 9 11 0.033781443 
841 493 8 10 0.03330695 
0 507 9 15 0.03329412 
551 527 9 11 0.033196583 
745 521 8 10 0.033102248 
69 534 11 13 0.0330771 
333 607 11 14 0.03303572 
418 564 9 13 0.032869533 
39 539 10 14 0.032745946 
616 524 11 14 0.032574937 
598 575 9 12 0.032549746 
32 533 11 13 0.032414056 
207 556 13 16 0.03236023 
796 537 16 22 0.032348093 
530 543 9 13 0.032332655 
317 572 12 15 0.032198768 
743 524 9 12 0.032122765 
247 524 8 11 0.031907983 
64 663 12 15 0.03188527 
441 492 8 10 0.03181516 
727 495 8 10 0.03179882 
717 502 11 14 0.031481553 
604 539 14 21 0.03131472 
661 573 11 17 0.031144194 
430 512 8 11 0.03090268 
239 535 9 12 0.030274544 
197 606 12 15 0.030232498 
602 546 19 23 0.030098354 
238 554 11 14 0.03007963 
518 535 10 13 0.02999314 
885 617 21 29 0.029864607 
260 518 9 12 0.029851263 
590 494 7 9 0.029787464 
539 546 18 23 0.029754318 
172 546 11 14 0.029727807 
170 496 8 10 0.029417314 
214 493 10 13 0.029328343 
404 609 13 21 0.029308608 
267 488 8 10 0.029228406 
736 528 10 12 0.029165223 
326 549 9 11 0.029154193 
253 496 8 10 0.029119214 
238 541 10 13 0.029012114 
207 550 10 13 0.028966738 
469 464 9 11 0.028957305 
670 541 8 11 0.028948015 
567 564 12 14 0.02884 
785 354 10 13 0.028608866 
585 493 8 10 0.028459255 
215 572 10 13 0.028397672 
277 606 11 13 0.028347231 
30 581 11 14 0.02829153 
838 468 10 12 0.02825737 
817 637 11 14 0.028133702 
255 558 10 13 0.028095761 
455 496 8 11 0.028047303 
303 511 8 9 0.027885009 
20 533 9 12 0.027782844 
271 605 10 12 0.027763154 
701 118 29 34 0.027741631 
738 507 9 12 0.027686786 
612 556 10 13 0.027648987 
976 496 6 8 0.027631288 
200 511 7 9 0.027450368 
64 517 10 11 0.027383713 
775 495 8 9 0.02721157 
111 517 11 13 0.02718607 
366 582 11 14 0.027080625 
669 548 10 14 0.02701299 
630 510 10 13 0.026991082 
775 515 9 11 0.026908815 
373 574 10 13 0.026796019 
422 551 11 14 0.026791379 
837 551 24 28 0.026496261 
878 549 13 16 0.026443312 
471 549 10 13 0.026418932 
487 603 12 16 0.026396656 
167 519 8 10 0.026388772 
756 523 10 12 0.026320774 
325 557 9 12 0.026256196 
456 519 8 11 0.026242929 
300 644 11 14 0.026214829 
785 479 7 9 0.026137723 
256 334 43 63 0.026064621 
7 526 11 16 0.026012992 
390 562 11 15 0.025927264 
184 550 9 12 0.025896711 
295 557 10 13 0.025794089 
282 520 9 12 0.02578372 
519 557 10 13 0.02577356 
705 540 10 15 0.025773218 
476 549 11 14 0.025770906 
16 483 10 12 0.025765609 
25 511 9 12 0.025739178 
485 612 17 23 0.025560142 
110 548 13 16 0.025497118 
136 520 9 12 0.025290715 
710 566 11 15 0.025221106 
392 574 11 14 0.025151545 
701 546 11 15 0.02509256 
663 542 10 12 0.025052385 
104 503 12 14 0.024978004 
818 509 11 14 0.024907295 
958 536 13 18 0.024885744 
327 532 9 12 0.02482805 
95 564 11 14 0.024816705 
448 494 7 10 0.024701046 
686 536 9 12 0.024689985 
129 533 9 12 0.02467745 
246 565 10 13 0.024604516 
241 566 9 13 0.024601636 
970 563 20 28 0.024464963 
922 611 18 20 0.02446177 
486 534 9 12 0.024385445 
906 548 11 15 0.024361413 
38 548 12 14 0.02434185 
111 598 12 15 0.024324248 
684 579 11 16 0.024270337 
-31 10 425 486 0.024226163 
494 543 10 12 0.024176104 
656 516 10 13 0.024058737 
288 555 10 13 0.024057144 
895 619 16 19 0.023909142 
956 566 16 19 0.023892064 
622 606 14 22 0.02387078 
368 544 9 11 0.02381235 
140 581 13 18 0.023771165 
247 557 11 13 0.023662675 
707 576 18 25 0.023641177 
719 559 12 16 0.023619607 
125 549 9 12 0.023617717 
125 573 14 18 0.023569636 
858 540 15 19 0.023516461 
672 557 8 12 0.023484766 
55 505 8 10 0.02347033 
674 588 13 14 0.02342359 
408 578 14 18 0.023391236 
157 614 12 18 0.02332951 
390 550 9 12 0.02331002 
674 633 20 23 0.023302618 
615 536 13 18 0.023234209 
246 535 10 13 0.023224091 
625 574 10 13 0.023182549 
954 526 8 11 0.023085695 
286 577 13 18 0.02307304 
589 517 9 13 0.023030257 
247 651 22 28 0.022887979 
599 547 14 17 0.022830607 
372 517 9 12 0.022726577 
425 526 7 10 0.022722738 
376 590 11 13 0.022649786 
45 534 10 12 0.02263659 
31 539 12 14 0.022485942 
22 541 10 14 0.022485465 
845 546 12 16 0.022351759 
930 525 9 11 0.022340996 
248 485 8 11 0.02228364 
501 471 9 12 0.022241626 
935 521 10 13 0.022182966 
320 521 7 9 0.02217674 
38 626 11 14 0.022145834 
879 524 10 11 0.022097817 
723 559 15 18 0.022092266 
684 571 12 17 0.021994026 
984 575 16 21 0.021922361 
247 479 9 11 0.0218818 
399 565 10 13 0.021864517 
255 551 9 11 0.021831755 
488 539 9 13 0.021826103 
263 511 7 9 0.02174 
888 564 12 16 0.021731067 
302 610 12 16 0.02167277 
614 455 7 10 0.021605896 
63 541 11 13 0.0215993 
940 497 7 10 0.021597855 
722 578 15 18 0.021556435 
496 532 10 13 0.021528518 
79 559 13 16 0.021474775 
516 637 14 16 0.02147304 
894 503 8 11 0.02146117 
20 586 11 13 0.021444283 
529 517 8 10 0.021424036 
455 543 9 12 0.021388171 
395 611 17 22 0.021379141 
994 580 13 17 0.021333069 
92 558 11 15 0.021315772 
127 541 9 12 0.021288343 
414 511 8 10 0.021220723 
39 566 14 18 0.021190083 
299 519 7 10 0.021147229 
314 541 10 12 0.021111473 
358 550 11 14 0.021053862 
463 502 8 11 0.021035226 
616 519 10 11 0.021022907 
208 571 11 13 0.021021374 
356 554 19 23 0.020951144 
823 504 10 13 0.020948585 
263 548 10 12 0.02094402 
63 511 9 11 0.0209401 
657 512 8 11 0.02091537 
38 517 8 10 0.020897921 
887 603 18 21 0.020801205 
150 547 10 13 0.020772167 
389 522 10 14 0.02076945 
358 543 9 11 0.020767715 
377 596 10 13 0.020767406 
184 543 10 13 0.020761462 
953 633 21 31 0.020657767 
923 502 7 9 0.020617299 
455 553 10 14 0.020580558 
708 537 18 23 0.020560412 
413 605 11 17 0.020536909 
59 592 14 19 0.02051833 
310 600 15 17 0.020473747 
891 567 15 18 0.020466551 
254 501 9 11 0.020445393 
472 520 7 10 0.02044419 
185 557 10 13 0.020421738 
639 582 10 12 0.02042157 
375 542 9 11 0.020381754 
56 548 10 12 0.020380383 
869 619 26 37 0.020365002 
373 548 9 12 0.02031997 
909 542 14 17 0.020261008 
177 524 9 11 0.020235805 
473 406 42 54 0.020191552 
214 533 9 11 0.020094976 
720 593 13 16 0.020092802 
652 594 12 14 0.020065261 
615 510 8 11 0.020039128 
160 533 8 11 0.020031173 
522 528 8 10 0.020009167 
