2_Demonstration_Political_Rally_2_641
42
428 179 51 67 0.9990909 
116 126 50 68 0.99893194 
570 157 54 73 0.99830365 
8 147 47 57 0.9959485 
644 156 42 65 0.99457234 
201 134 45 55 0.990373 
513 159 47 62 0.98790735 
721 160 42 71 0.9844642 
944 179 30 42 0.95286566 
294 140 40 54 0.78889 
908 147 30 48 0.74863374 
991 217 29 53 0.64726526 
820 158 37 46 0.5062659 
849 136 25 45 0.4849116 
833 141 42 61 0.28295738 
165 141 25 36 0.13160537 
603 143 36 46 0.1185255 
-1 183 34 54 0.09197192 
809 135 85 97 0.06685117 
477 206 26 36 0.058078907 
550 156 44 66 0.043355472 
407 170 43 60 0.04196924 
924 163 38 55 0.040055208 
853 135 51 66 0.039475884 
535 104 26 39 0.03892501 
620 152 44 63 0.03587723 
203 419 23 30 0.03561399 
804 161 37 51 0.035511024 
341 226 36 48 0.032388087 
712 80 29 37 0.03217423 
570 24 414 499 0.030040326 
245 160 11 17 0.027239705 
846 147 17 31 0.023865623 
145 140 34 52 0.023843754 
427 28 31 36 0.023721885 
879 146 55 71 0.023214387 
287 133 36 43 0.023174174 
178 141 32 39 0.022745628 
430 49 30 36 0.02259196 
957 190 27 32 0.021917064 
391 166 41 51 0.021499192 
912 153 20 28 0.020109873 
