2_Demonstration_Protesters_2_345
33
441 68 58 78 0.99838316 
679 87 66 75 0.9981882 
249 42 66 80 0.9932181 
825 117 41 60 0.36839175 
233 7 41 51 0.32860717 
778 385 31 34 0.25741193 
549 171 30 47 0.15036972 
825 146 48 64 0.07755599 
617 134 26 32 0.07520559 
609 125 41 51 0.06093678 
417 510 10 12 0.05891729 
499 520 9 11 0.05859071 
540 165 26 40 0.04572703 
608 165 25 47 0.04464733 
479 518 9 12 0.043165557 
334 485 13 19 0.04035434 
890 114 40 59 0.03789519 
541 163 15 22 0.034689017 
969 73 11 15 0.03330618 
607 146 30 48 0.027270922 
775 116 52 66 0.027198922 
528 170 42 60 0.027041368 
624 115 40 55 0.026986517 
390 508 10 14 0.02512947 
436 515 10 12 0.024595436 
520 520 8 10 0.023724657 
73 1 19 19 0.021841146 
544 -19 389 457 0.021712273 
142 -63 400 483 0.021482997 
449 511 9 11 0.021283686 
636 129 14 21 0.020855704 
268 358 34 50 0.020234399 
627 131 17 23 0.020044448 
