2_Demonstration_Protesters_2_56
72
391 397 66 92 0.9983656 
882 280 62 80 0.99784493 
625 331 68 84 0.99715424 
815 195 58 79 0.99662197 
488 465 76 86 0.9949033 
744 433 76 91 0.994719 
237 393 55 65 0.99431545 
683 236 17 22 0.97663534 
287 549 49 65 0.8410558 
63 396 56 75 0.75776535 
707 250 39 52 0.7324821 
77 409 36 46 0.3567814 
343 361 23 29 0.2608922 
880 191 30 43 0.17030276 
26 356 91 128 0.13048387 
694 219 16 18 0.120058 
259 371 45 58 0.118927084 
349 371 30 35 0.103941895 
987 297 28 36 0.08121345 
847 158 29 33 0.075461335 
979 259 40 70 0.06871488 
668 161 12 16 0.06609568 
872 171 35 46 0.06002415 
338 373 15 20 0.047687244 
277 365 27 35 0.045349076 
589 198 18 21 0.04166261 
653 225 22 27 0.041227672 
354 391 21 22 0.041061025 
104 411 32 47 0.04026401 
469 319 36 52 0.039708693 
892 192 16 21 0.03772598 
813 176 35 45 0.03524358 
518 293 53 59 0.035088297 
743 705 27 34 0.03163298 
654 257 22 30 0.031114522 
603 254 17 22 0.031039387 
845 16 57 68 0.030879324 
603 241 36 52 0.029393079 
296 103 11 13 0.029138824 
658 218 21 26 0.028826525 
773 195 11 14 0.02878028 
277 79 24 31 0.028527748 
438 300 44 54 0.028110517 
968 227 47 76 0.027912036 
612 250 13 20 0.027557312 
669 211 13 17 0.027429523 
690 223 20 24 0.027320437 
665 511 49 64 0.027305895 
351 357 27 33 0.027076555 
273 84 39 46 0.026953451 
713 701 52 60 0.026889693 
356 381 31 39 0.026844187 
334 362 37 47 0.026638199 
863 573 26 30 0.026610008 
886 170 41 54 0.02649267 
189 343 19 23 0.026253205 
81 371 57 77 0.026027458 
91 250 26 33 0.02552317 
858 160 41 44 0.025338529 
895 712 57 55 0.025171429 
263 160 16 19 0.024669336 
388 302 43 48 0.024024084 
628 206 12 13 0.023710921 
171 712 58 49 0.022305487 
687 219 15 18 0.021746797 
806 142 47 56 0.021622937 
878 160 26 31 0.021484701 
576 137 15 19 0.021412969 
501 282 88 98 0.021188231 
867 52 27 34 0.020938188 
278 301 18 21 0.020567508 
483 310 44 62 0.020101156 
