2_Demonstration_Protesters_2_351
29
226 111 32 41 0.9897439 
383 -2 42 44 0.89067036 
422 53 25 44 0.4527766 
107 19 56 58 0.40304968 
614 49 25 38 0.32347703 
3 58 25 42 0.14531246 
620 51 36 43 0.12479091 
382 268 12 15 0.10360027 
639 99 39 47 0.070933044 
400 2 54 45 0.057626702 
384 262 11 15 0.048508525 
440 55 35 47 0.04832932 
516 150 24 32 0.03484269 
488 295 427 547 0.03444368 
350 1 43 37 0.034049366 
897 6 54 58 0.031528033 
798 261 12 14 0.02809234 
632 58 38 42 0.027420053 
587 487 89 58 0.02637353 
604 103 15 20 0.025650905 
795 268 16 22 0.023400994 
360 80 88 137 0.02289833 
685 68 44 51 0.022561707 
507 131 40 57 0.02212264 
98 214 57 72 0.021799464 
513 324 30 36 0.021777235 
602 489 42 35 0.021525826 
16 -2 35 39 0.020904811 
603 60 25 39 0.020348718 
