2_Demonstration_Demonstration_Or_Protest_2_453
64
473 227 86 116 0.9962554 
62 308 31 43 0.99276453 
400 260 41 60 0.9822005 
608 293 24 34 0.9805416 
192 276 59 72 0.9797529 
575 324 28 36 0.9750666 
755 327 22 27 0.97371113 
10 293 40 56 0.96827817 
648 279 21 30 0.9442533 
692 311 20 27 0.91090304 
804 312 17 22 0.89238316 
738 311 15 19 0.8180962 
661 306 21 27 0.77214015 
719 338 16 21 0.6759635 
910 318 22 27 0.63029677 
722 318 14 18 0.29339042 
289 322 18 20 0.28668776 
568 518 19 22 0.2707208 
779 308 11 14 0.2414212 
271 337 16 19 0.23505388 
32 299 38 54 0.18843998 
831 333 12 16 0.10431297 
636 286 16 20 0.09392598 
798 318 14 18 0.08360915 
807 344 15 19 0.0689563 
669 277 10 16 0.06671236 
903 297 46 57 0.060076628 
331 620 43 41 0.058422334 
173 429 72 75 0.057185356 
751 308 11 14 0.05632714 
651 390 12 16 0.048424672 
285 319 14 19 0.04647329 
239 316 13 18 0.045493245 
657 384 26 30 0.041487526 
663 386 15 16 0.0403488 
167 284 37 45 0.033421405 
675 254 13 18 0.031157915 
700 314 21 27 0.03089225 
572 511 31 32 0.03049086 
565 331 16 21 0.029913113 
5 355 13 17 0.029314578 
132 -1 37 31 0.028325498 
803 459 13 16 0.028129881 
824 332 14 18 0.02634552 
275 332 22 26 0.023902047 
223 290 34 48 0.023805175 
745 312 14 19 0.02313999 
281 324 13 17 0.023042645 
812 313 21 26 0.022978788 
733 318 14 18 0.022875724 
776 312 13 17 0.022506474 
4 527 38 36 0.022276301 
156 309 10 15 0.022259353 
672 311 16 21 0.022204781 
167 297 13 19 0.02201002 
748 321 21 27 0.021719439 
772 323 14 18 0.02067042 
632 68 9 12 0.020540707 
278 280 12 16 0.020456273 
661 301 15 20 0.020416971 
560 318 45 61 0.020331811 
785 289 44 54 0.020311305 
756 304 10 13 0.020177055 
799 301 12 15 0.020107187 
