2_Demonstration_Protesters_2_92
117
244 302 31 36 0.99602735 
198 326 30 38 0.9778025 
260 428 53 75 0.97588116 
85 503 76 153 0.9619051 
828 334 32 45 0.96076906 
739 347 63 79 0.9552861 
428 301 15 20 0.9511974 
650 307 17 23 0.79671067 
381 317 22 29 0.7493583 
345 332 21 30 0.6770946 
690 326 45 61 0.67451954 
91 295 11 15 0.54425913 
114 306 26 29 0.42056006 
313 307 30 47 0.37677136 
497 320 31 37 0.34629357 
589 327 15 19 0.22412083 
277 315 26 36 0.18864003 
42 339 52 61 0.1834706 
935 312 23 35 0.17453036 
711 328 57 73 0.16062672 
686 344 32 39 0.13792443 
276 325 36 45 0.103067346 
94 322 23 27 0.09561599 
834 316 41 50 0.08952453 
661 301 24 28 0.0751335 
0 306 25 49 0.071839325 
305 400 17 21 0.070478395 
103 316 24 28 0.06866872 
548 318 18 24 0.067091525 
584 321 14 20 0.064751886 
670 307 24 27 0.06037394 
329 323 26 37 0.059384663 
127 364 41 53 0.059090763 
964 302 35 50 0.05898774 
619 434 21 27 0.058416434 
144 308 12 15 0.054364644 
183 286 13 16 0.054144613 
294 312 35 48 0.051546767 
115 513 76 127 0.051371835 
820 347 30 46 0.051051978 
618 290 15 19 0.05067289 
391 319 19 23 0.049981296 
165 423 14 17 0.048358195 
190 313 28 37 0.047978148 
198 534 51 60 0.047012698 
497 298 30 40 0.045064326 
609 315 16 19 0.04404846 
958 336 13 21 0.04238477 
942 321 24 37 0.04161543 
824 376 27 35 0.039373834 
927 361 31 51 0.03889155 
162 307 15 18 0.0385069 
203 324 17 24 0.038489725 
9 353 58 70 0.037689067 
647 301 14 19 0.037187424 
620 386 15 20 0.03698445 
440 731 32 37 0.035342112 
610 543 16 20 0.034373827 
195 302 13 15 0.03425025 
658 424 57 81 0.033909757 
330 328 15 22 0.033900976 
494 327 15 22 0.032814264 
130 313 14 17 0.032539085 
375 308 12 17 0.032240797 
958 319 27 38 0.03189317 
36 279 10 14 0.03099467 
748 414 36 41 0.030746307 
140 311 16 22 0.030729754 
175 545 113 129 0.030325059 
266 314 15 20 0.02973309 
736 312 12 15 0.029570896 
281 332 21 26 0.029436024 
148 379 13 17 0.028790986 
460 531 13 17 0.028759176 
759 573 55 69 0.028148266 
939 309 15 20 0.027544597 
102 293 10 12 0.026695201 
148 303 11 14 0.026130514 
689 567 8 10 0.025950473 
67 346 29 36 0.025604786 
97 435 35 46 0.025599847 
190 305 23 28 0.0253903 
379 309 15 19 0.025279433 
952 310 24 37 0.02515737 
43 345 30 36 0.023967009 
628 457 29 41 0.023642551 
591 316 19 26 0.023420066 
943 322 39 56 0.023387749 
608 322 22 27 0.023279889 
572 319 13 20 0.023184841 
484 509 11 14 0.023108484 
270 402 49 76 0.023010729 
0 368 44 74 0.022763198 
21 322 84 96 0.022603258 
295 393 28 37 0.022553839 
981 389 34 44 0.022197846 
963 316 17 25 0.022044927 
372 327 15 22 0.022004748 
49 352 18 20 0.021863367 
88 293 20 25 0.021700645 
635 404 24 28 0.021596875 
606 422 24 29 0.021090947 
724 315 28 37 0.020897608 
379 304 43 53 0.020880336 
594 398 21 26 0.020862011 
486 329 14 20 0.020628527 
79 569 63 106 0.020589652 
668 306 42 51 0.020540494 
233 433 57 70 0.02051597 
522 488 21 30 0.020327434 
366 330 13 19 0.02028272 
611 420 14 17 0.020246167 
652 296 38 47 0.020209624 
939 332 15 21 0.020171756 
199 276 11 15 0.020159919 
639 298 12 16 0.020127714 
234 212 9 12 0.020039424 
