2_Demonstration_Demonstration_Or_Protest_2_771
33
470 128 96 136 0.99953544 
672 472 26 34 0.997884 
798 494 26 26 0.94976056 
137 456 19 21 0.8155111 
293 284 15 19 0.28395712 
690 169 16 20 0.24074335 
734 315 13 18 0.21451375 
732 172 13 15 0.1350154 
51 486 13 17 0.114181265 
271 300 14 17 0.106685564 
341 319 15 19 0.10106141 
131 459 18 22 0.09173968 
257 276 10 13 0.07574403 
727 163 14 16 0.0744243 
2 484 14 17 0.0645374 
500 30 12 15 0.05889617 
232 243 11 14 0.044830512 
308 297 13 16 0.039005574 
32 103 128 212 0.0357121 
732 178 15 19 0.035378374 
759 164 12 16 0.034624632 
295 316 14 18 0.031837415 
629 430 12 17 0.028103258 
98 483 17 22 0.027722815 
1008 493 12 16 0.026399137 
80 141 17 23 0.02417536 
669 395 10 13 0.021958673 
60 491 14 17 0.021763915 
758 170 15 20 0.021641053 
709 320 9 12 0.020857653 
917 126 11 14 0.02079212 
266 335 16 19 0.02065163 
897 179 10 13 0.0206295 
