2_Demonstration_Protesters_2_884
83
525 154 28 38 0.99822503 
935 432 84 133 0.99741864 
365 86 20 27 0.96405447 
585 94 22 23 0.8890217 
415 353 30 38 0.84500545 
664 256 26 59 0.74528027 
700 46 22 31 0.67707026 
887 181 32 40 0.46991912 
516 221 31 33 0.41449517 
292 98 15 22 0.39377195 
141 243 38 47 0.36374933 
870 159 23 29 0.26136848 
325 171 14 18 0.1557718 
117 248 57 61 0.15103976 
36 77 18 20 0.13881814 
732 35 16 23 0.13217428 
845 239 11 13 0.13103262 
436 168 17 20 0.12909526 
201 94 10 14 0.11515562 
335 194 14 17 0.11316107 
161 90 16 21 0.111574255 
390 129 14 18 0.08797953 
710 32 28 36 0.07480693 
879 244 46 51 0.07462328 
298 102 15 20 0.0743908 
550 67 13 15 0.065615416 
14 157 30 38 0.06422397 
527 212 40 49 0.059935566 
403 190 12 15 0.055394504 
658 87 41 56 0.05188308 
719 6 31 37 0.051810857 
292 145 14 19 0.05152127 
825 224 16 18 0.048020855 
300 142 15 21 0.047672905 
972 167 48 85 0.04706216 
90 279 28 35 0.04655426 
511 156 25 29 0.04648478 
870 164 38 47 0.044916615 
192 244 28 33 0.042540133 
190 544 100 108 0.042083036 
670 244 50 69 0.039207734 
908 223 22 28 0.03801206 
780 274 23 28 0.03795044 
618 126 22 33 0.03702279 
311 119 16 20 0.035205565 
897 186 19 25 0.033245165 
27 82 26 29 0.03188397 
977 255 17 20 0.031759012 
667 290 16 27 0.030490242 
924 180 27 34 0.03039534 
278 96 27 29 0.030054744 
714 188 46 52 0.029992733 
453 200 38 40 0.029737659 
739 40 12 18 0.029310089 
891 250 29 31 0.02921371 
759 62 11 13 0.029196197 
890 196 18 24 0.028906543 
8 259 27 32 0.0283706 
427 187 27 33 0.02765547 
937 235 32 40 0.026689468 
722 195 27 31 0.026635183 
695 51 12 16 0.02614572 
284 136 24 31 0.024893142 
820 251 13 16 0.024782863 
907 180 31 39 0.024591751 
155 122 44 57 0.024266116 
3 114 13 16 0.024185352 
436 196 31 34 0.024074936 
151 91 15 19 0.02380492 
208 86 22 26 0.023753325 
976 270 30 35 0.02362216 
631 149 12 17 0.023390735 
953 116 10 13 0.023209224 
334 191 23 27 0.023128588 
350 105 12 16 0.022021208 
4 107 42 56 0.021945253 
688 33 48 57 0.02192702 
846 165 25 30 0.021090753 
26 172 17 22 0.020942273 
189 108 12 15 0.02066237 
518 154 48 58 0.020518202 
818 228 25 30 0.020307478 
703 20 11 14 0.020093542 
