2_Demonstration_Political_Rally_2_577
21
935 1253 32 37 0.998359 
374 1120 28 38 0.9978758 
178 1097 28 34 0.99691236 
83 1078 31 40 0.9964036 
554 1151 26 32 0.99584347 
642 1183 25 34 0.9955283 
480 1141 29 35 0.9954217 
868 1238 25 27 0.9871989 
750 1201 20 28 0.8777728 
223 1145 12 15 0.25931814 
420 1173 15 18 0.09726301 
708 1221 13 16 0.050638482 
723 1205 13 16 0.039339997 
937 149 21 27 0.037461225 
846 1241 15 18 0.03515772 
574 1455 9 11 0.026156675 
702 1223 23 28 0.025741054 
730 1202 14 17 0.022521017 
742 1210 12 16 0.021913234 
721 1197 22 27 0.021295719 
381 1117 17 22 0.020920724 
