2_Demonstration_Demonstrators_2_712
37
702 536 25 29 0.9854203 
889 424 36 47 0.9627212 
763 479 39 50 0.9588926 
649 529 43 61 0.9308223 
995 375 29 43 0.5171948 
898 62 29 31 0.15468635 
177 636 17 20 0.1478459 
671 527 39 56 0.11458307 
116 572 23 28 0.09610037 
730 13 61 66 0.07892009 
755 539 32 57 0.07314142 
937 437 40 56 0.06702633 
688 526 24 35 0.05817841 
277 359 11 13 0.05626561 
285 419 44 52 0.052297253 
267 337 13 15 0.052041035 
351 185 42 52 0.038015626 
118 542 12 14 0.03733647 
454 591 11 13 0.034592394 
815 501 41 59 0.03372173 
289 344 8 10 0.02835342 
609 261 9 14 0.027637633 
346 527 8 10 0.02610257 
456 271 12 16 0.025090758 
726 104 49 52 0.023423195 
912 428 40 55 0.023147244 
354 638 27 32 0.02286402 
860 434 17 21 0.02276516 
683 526 18 25 0.022412976 
722 168 232 327 0.02214127 
350 527 8 11 0.02189526 
289 348 10 13 0.021110108 
472 587 13 14 0.020735294 
740 41 35 38 0.020577805 
996 377 18 24 0.020487865 
695 551 28 40 0.020308085 
398 661 33 27 0.020063546 
