2_Demonstration_Demonstrators_2_486
24
551 402 67 87 0.9984962 
374 388 88 118 0.9958839 
1001 275 17 21 0.9063676 
928 323 45 70 0.88821125 
26 261 12 16 0.53908396 
198 421 31 39 0.50724185 
150 459 54 56 0.43282634 
274 377 47 64 0.115773626 
469 132 13 14 0.09652935 
88 299 10 12 0.08389519 
863 227 30 39 0.054366484 
101 120 11 16 0.04936824 
149 474 33 37 0.043694746 
898 309 78 105 0.036113866 
137 440 89 90 0.033498656 
118 140 11 13 0.031750746 
456 172 9 11 0.030438425 
209 420 18 20 0.028790027 
432 154 14 18 0.026203169 
900 117 17 21 0.023656743 
194 382 24 29 0.023594668 
347 17 26 32 0.02136107 
602 104 23 32 0.021153046 
179 345 12 16 0.020751959 
