2_Demonstration_Demonstration_Or_Protest_2_200
145
74 266 37 48 0.9973966 
792 383 42 52 0.99259275 
277 217 34 47 0.9903053 
86 132 31 38 0.9844439 
16 360 43 56 0.98353785 
223 190 29 38 0.9822934 
178 225 31 38 0.9805895 
809 495 52 54 0.977621 
388 223 22 31 0.9707652 
851 324 40 50 0.9523862 
883 163 26 33 0.91613144 
938 297 45 59 0.8932168 
310 97 13 18 0.8665062 
398 47 16 21 0.8608266 
286 172 24 29 0.8038266 
23 71 14 18 0.78815264 
356 153 21 28 0.76004106 
275 67 13 18 0.6904733 
905 0 14 16 0.58945817 
462 11 12 16 0.57218206 
948 176 35 37 0.5316093 
528 86 10 14 0.47789112 
357 26 11 15 0.44449317 
681 37 17 20 0.42863563 
300 166 29 37 0.4045045 
319 365 38 53 0.37199196 
367 114 13 17 0.31514665 
907 118 17 21 0.22715808 
121 259 23 30 0.2151788 
842 133 23 26 0.21171805 
90 30 12 17 0.21041177 
894 295 31 47 0.19984815 
20 126 12 15 0.19450198 
354 124 12 16 0.18333696 
995 77 26 38 0.11704604 
944 11 10 13 0.10275048 
662 380 50 72 0.09582707 
356 116 14 18 0.091717444 
6 86 10 14 0.08673569 
406 480 51 51 0.07674155 
851 200 16 19 0.07086604 
1009 27 12 17 0.070562534 
692 1 14 16 0.06693129 
502 10 11 14 0.062139433 
543 350 22 31 0.061872523 
35 141 13 16 0.061265502 
4 229 32 54 0.05645454 
935 78 11 15 0.049429882 
62 73 12 16 0.04767031 
763 343 41 52 0.04675071 
358 110 13 15 0.043720838 
885 192 13 17 0.04336974 
918 293 45 58 0.042509954 
357 2 10 11 0.042338274 
898 151 23 28 0.042190336 
15 127 20 25 0.042058084 
926 78 13 18 0.041087195 
2 15 8 12 0.04085956 
64 54 10 12 0.03945163 
941 75 13 16 0.038477097 
2 86 20 31 0.03800232 
292 79 11 14 0.03727746 
908 153 15 20 0.036815703 
312 358 33 43 0.036788132 
16 72 15 19 0.03514526 
15 24 8 10 0.03443949 
287 80 18 24 0.033074494 
141 0 11 11 0.03299931 
123 257 36 46 0.03296038 
918 393 39 48 0.032157544 
49 257 25 36 0.032004032 
201 131 11 12 0.031685553 
718 440 41 55 0.031454373 
879 177 26 33 0.031029021 
195 182 16 20 0.03042468 
10 29 8 10 0.030014677 
344 197 37 44 0.029472936 
668 57 35 42 0.02920196 
77 393 14 18 0.029041074 
982 10 13 19 0.028936325 
1 210 11 19 0.02889387 
801 5 14 14 0.028393045 
54 139 14 21 0.0283923 
980 17 13 17 0.02818817 
392 160 26 37 0.027656438 
302 358 27 33 0.027234789 
997 287 25 44 0.027052423 
545 180 10 14 0.026839947 
1 328 16 22 0.026721409 
423 62 8 10 0.025979608 
-5 311 32 51 0.025954835 
298 171 18 24 0.02592444 
307 171 16 21 0.025740163 
87 362 55 70 0.025706192 
544 83 11 14 0.025306165 
210 186 15 21 0.025027175 
919 286 74 95 0.024903383 
848 59 13 16 0.02468306 
870 163 29 37 0.024294708 
407 141 14 16 0.02429452 
812 0 10 10 0.023990216 
29 134 13 16 0.023602057 
524 81 18 25 0.023532404 
48 15 7 9 0.023288969 
914 123 17 22 0.023282621 
52 63 25 30 0.023082178 
313 174 20 25 0.022984587 
2 84 9 15 0.02289448 
282 68 13 17 0.02253803 
689 40 16 19 0.022473337 
70 37 8 11 0.022276057 
908 109 14 17 0.022232808 
920 15 9 12 0.02222303 
751 374 32 46 0.02208988 
980 205 12 17 0.021930493 
73 389 27 34 0.02192945 
65 158 17 23 0.021858633 
669 198 73 76 0.021668244 
930 74 20 24 0.021662036 
87 23 11 14 0.021661522 
976 186 26 37 0.021632912 
885 309 26 38 0.021595728 
672 42 12 17 0.021372048 
838 140 39 49 0.021325454 
905 297 20 23 0.02131711 
5 372 31 43 0.021313932 
396 455 48 55 0.021254616 
700 42 12 18 0.021214148 
525 117 11 15 0.020931225 
213 193 26 34 0.020926777 
81 78 8 10 0.02084037 
337 91 10 13 0.020740882 
353 23 11 15 0.020734979 
511 162 31 35 0.020713162 
628 371 85 115 0.020687459 
199 181 24 30 0.020600613 
280 72 19 24 0.02056644 
427 488 48 39 0.020422589 
390 141 11 13 0.020359201 
647 24 10 13 0.020300701 
22 63 14 18 0.020297563 
351 121 22 26 0.020267274 
784 75 12 16 0.020232324 
341 13 11 14 0.020072395 
873 9 24 30 0.020020539 
