2_Demonstration_Protesters_2_369
55
531 362 120 144 0.9985039 
272 441 115 132 0.9962457 
664 311 29 36 0.9588624 
957 197 65 107 0.9334083 
638 348 51 67 0.88991606 
188 82 47 60 0.84513605 
616 305 26 33 0.8444599 
78 324 72 73 0.82059044 
612 266 21 29 0.51046443 
422 57 13 15 0.42704535 
694 283 14 20 0.21894097 
630 255 11 14 0.106683284 
619 258 22 33 0.09467463 
279 296 12 15 0.077769384 
769 297 50 79 0.0737206 
703 233 14 18 0.06656424 
600 300 44 58 0.06588219 
457 51 11 14 0.06363326 
697 278 20 28 0.06041141 
583 354 93 113 0.057505503 
173 221 11 13 0.045452844 
639 266 11 15 0.044929218 
82 328 38 45 0.038565636 
7 517 264 156 0.037829 
64 294 123 122 0.03630019 
662 352 44 58 0.034174602 
637 261 11 14 0.033826075 
211 348 196 251 0.03208917 
605 268 20 24 0.029460255 
805 296 47 65 0.028486611 
643 263 11 13 0.025608502 
256 158 25 26 0.025581999 
687 364 31 39 0.025408521 
644 269 11 13 0.02538386 
688 287 14 19 0.024561021 
664 292 13 16 0.024441378 
917 158 33 42 0.023496978 
48 181 226 241 0.023482211 
609 326 51 66 0.022999657 
186 204 37 49 0.022096477 
778 311 32 48 0.02206297 
655 330 37 48 0.02180326 
968 155 49 60 0.021779532 
748 266 56 74 0.021675333 
824 302 38 44 0.021615984 
596 269 46 51 0.02158653 
808 77 26 29 0.02105191 
628 257 21 26 0.020935068 
961 172 57 82 0.020842731 
254 156 14 17 0.020762863 
670 245 11 14 0.0205335 
683 243 13 18 0.020372026 
276 294 20 24 0.02030903 
553 303 101 144 0.020287741 
138 294 216 228 0.020044008 
