2_Demonstration_Demonstration_Or_Protest_2_159
59
817 333 105 117 0.9987453 
670 382 32 41 0.99804664 
265 373 58 64 0.997815 
584 346 54 71 0.99577916 
427 182 43 54 0.9659689 
170 157 53 63 0.92642725 
526 412 35 40 0.89756763 
563 393 25 30 0.84559476 
464 377 19 29 0.69519347 
214 417 17 22 0.63263375 
289 197 21 26 0.61838627 
242 398 22 34 0.30336305 
703 101 40 41 0.24775122 
519 166 36 46 0.17527568 
326 395 27 38 0.13692209 
123 393 29 50 0.11416519 
203 410 14 16 0.10161688 
724 80 45 56 0.085417114 
379 360 33 49 0.079982854 
949 317 64 89 0.077772066 
204 418 17 21 0.06887411 
508 76 24 31 0.06333336 
744 74 40 53 0.06295617 
704 363 35 44 0.05929642 
775 316 51 69 0.05187816 
451 372 22 30 0.04900368 
516 380 15 25 0.04551109 
1001 130 16 19 0.044935994 
235 388 24 35 0.04166124 
472 369 24 38 0.038459387 
130 390 45 59 0.035532057 
955 332 36 40 0.03251332 
529 428 20 24 0.032390572 
382 336 37 51 0.032144535 
146 515 39 50 0.030958308 
507 390 19 23 0.030660037 
656 357 26 34 0.02935804 
541 399 40 50 0.02920023 
421 358 39 49 0.02611593 
240 408 15 22 0.025892548 
171 390 21 29 0.025833473 
219 391 14 18 0.025682922 
406 364 39 49 0.02559864 
438 358 38 51 0.024383584 
376 385 24 34 0.024238652 
179 389 14 19 0.023627216 
863 314 97 123 0.022914873 
78 467 29 36 0.02244031 
571 378 33 39 0.022123396 
295 206 18 22 0.02202418 
332 413 17 22 0.021987617 
522 376 13 24 0.02187092 
200 386 12 16 0.021591874 
392 367 31 44 0.021101663 
506 367 25 35 0.020398743 
487 371 26 37 0.020310612 
550 370 12 16 0.020208178 
476 371 15 22 0.020171609 
199 423 15 20 0.020141564 
