2_Demonstration_Demonstrators_2_28
294
658 603 55 67 0.99761164 
455 395 24 34 0.99740237 
753 430 23 32 0.9955401 
514 442 28 38 0.9933187 
384 427 27 35 0.9933142 
39 392 31 39 0.99259174 
603 384 22 28 0.9880619 
595 503 36 45 0.98769647 
172 380 27 33 0.98673844 
250 396 21 28 0.986673 
891 438 26 40 0.9861785 
979 480 25 35 0.9834209 
843 510 42 55 0.9802767 
369 382 15 20 0.97667557 
179 515 40 50 0.97589827 
491 388 20 29 0.9744434 
547 363 14 21 0.9722578 
331 513 34 42 0.9589033 
328 444 25 31 0.95787734 
86 476 37 47 0.95607287 
715 401 14 19 0.93137956 
33 359 29 37 0.920188 
260 360 22 29 0.9108354 
263 453 21 26 0.9027309 
868 397 22 30 0.90184486 
296 426 23 29 0.8853332 
37 547 43 54 0.8670762 
646 367 15 20 0.85766065 
765 350 16 21 0.85087824 
672 378 15 23 0.8243323 
61 351 21 26 0.7747564 
441 370 19 27 0.759585 
1005 444 17 31 0.74252605 
141 419 17 26 0.6847702 
586 362 17 20 0.64231527 
477 368 18 22 0.6416376 
494 559 33 57 0.60826164 
703 582 31 46 0.5935223 
685 451 18 22 0.5769837 
525 344 8 11 0.5305883 
909 416 21 28 0.50484294 
192 353 12 16 0.43887633 
284 370 18 23 0.41648287 
187 611 40 57 0.4092828 
757 352 15 19 0.3857553 
804 361 10 13 0.3679872 
421 353 16 19 0.3639049 
996 341 10 12 0.34625754 
273 365 21 28 0.32883015 
621 364 12 15 0.31375402 
885 366 9 13 0.30004117 
213 335 12 15 0.2996134 
240 340 12 16 0.25785497 
149 364 21 29 0.25366285 
569 341 11 16 0.2298685 
711 356 12 15 0.21341747 
456 345 12 15 0.18052936 
564 321 9 11 0.17923145 
806 393 12 17 0.16877605 
218 369 14 18 0.16773163 
499 367 13 15 0.1666297 
17 529 46 58 0.1567192 
764 404 12 17 0.15336487 
669 351 10 13 0.14876068 
710 396 14 19 0.14195403 
510 354 11 15 0.13563429 
899 421 24 33 0.12677142 
794 330 8 10 0.12075924 
565 395 15 22 0.11963798 
638 348 11 13 0.119069904 
700 357 12 15 0.11466186 
681 415 11 14 0.114492804 
173 343 9 12 0.10879307 
463 370 14 16 0.10524029 
346 294 18 22 0.10421279 
436 462 23 32 0.10377608 
663 331 8 11 0.096807644 
95 343 41 51 0.09498997 
163 363 14 18 0.094137534 
857 469 31 36 0.094022565 
138 370 14 19 0.089203626 
469 370 14 17 0.08759875 
0 365 11 19 0.084749565 
637 362 13 17 0.08345802 
309 229 19 22 0.08260093 
636 357 12 15 0.081453264 
386 371 19 24 0.07976675 
809 328 10 12 0.07790843 
587 321 8 10 0.07784813 
839 392 12 17 0.076926745 
442 497 25 31 0.07629345 
999 348 11 13 0.07579555 
584 341 11 13 0.074744105 
62 341 14 16 0.07210387 
516 352 12 17 0.07191683 
693 359 14 18 0.0717104 
230 320 8 10 0.071115114 
954 364 12 15 0.070677735 
861 405 15 21 0.06943474 
415 354 14 17 0.06759672 
519 347 11 14 0.06730846 
630 363 12 16 0.06608851 
452 524 36 44 0.0654727 
647 359 12 14 0.06537584 
208 340 12 15 0.064690694 
709 362 14 19 0.0641309 
279 54 10 12 0.06392588 
902 357 11 14 0.06387735 
705 394 10 15 0.062388334 
648 341 9 12 0.061006736 
640 324 8 11 0.06057883 
478 359 14 17 0.060386527 
620 318 12 15 0.057969093 
349 506 28 39 0.05701788 
503 351 11 13 0.056560844 
659 329 7 10 0.05626639 
277 349 11 16 0.05412274 
882 403 11 17 0.053684786 
13 346 13 16 0.05323521 
324 312 9 12 0.05085373 
9 519 37 52 0.050523043 
605 347 12 14 0.05044838 
723 387 16 17 0.049589746 
748 356 16 20 0.049383707 
431 378 13 19 0.049251467 
388 267 17 20 0.048784338 
829 332 9 12 0.045691006 
163 372 25 31 0.045646157 
362 500 28 43 0.04556579 
338 377 14 18 0.044728223 
613 348 12 14 0.043884646 
617 358 10 12 0.043664053 
903 363 14 17 0.043050848 
998 448 17 22 0.04284629 
431 360 24 31 0.042838745 
665 354 12 15 0.04282296 
465 384 34 48 0.040986374 
705 371 11 15 0.040730726 
449 382 23 30 0.040604044 
424 356 18 25 0.039951913 
564 369 15 21 0.039338738 
662 364 12 16 0.038571477 
172 333 11 14 0.03827079 
490 366 18 23 0.037699185 
595 358 12 16 0.0372964 
0 373 20 35 0.037242763 
1001 354 11 15 0.03704977 
698 358 19 24 0.03568766 
693 348 14 16 0.035288315 
689 363 13 16 0.03507039 
708 390 12 17 0.034922227 
692 370 11 16 0.034836948 
721 396 16 20 0.03478523 
816 316 10 14 0.034178954 
36 359 16 19 0.033589 
525 380 14 18 0.033352055 
968 355 10 13 0.03322938 
182 356 11 13 0.03319346 
133 364 16 21 0.032990787 
319 426 39 50 0.032750968 
257 388 18 24 0.032737784 
967 368 10 13 0.03216149 
116 361 14 17 0.03214428 
525 353 12 17 0.032115452 
195 341 14 16 0.03199205 
872 391 12 16 0.031652104 
814 344 9 12 0.031640954 
281 412 12 15 0.0307903 
692 437 13 14 0.030707961 
733 374 15 15 0.030242978 
111 353 28 34 0.029680911 
711 594 33 54 0.0296147 
685 437 14 15 0.029568145 
213 342 12 16 0.029354645 
22 346 49 68 0.02866143 
341 278 33 37 0.028609086 
950 354 20 24 0.028567685 
492 382 15 20 0.028393244 
137 355 23 31 0.028377 
297 403 11 15 0.028241485 
835 366 8 11 0.028192587 
269 349 15 19 0.028156586 
846 375 9 11 0.028014414 
699 349 14 17 0.0279319 
469 345 14 16 0.027909553 
942 305 13 17 0.02737194 
600 349 12 14 0.027253082 
797 389 16 20 0.027194967 
229 323 10 12 0.027157264 
205 348 11 14 0.027093148 
615 320 12 15 0.02705126 
572 335 12 15 0.026963778 
935 313 11 15 0.026792733 
192 334 10 14 0.026655762 
820 365 9 11 0.026621724 
961 292 12 16 0.026580503 
518 378 13 18 0.026543433 
218 339 13 15 0.02646521 
897 357 11 13 0.02643104 
688 481 24 30 0.026418447 
331 418 14 17 0.026398016 
545 510 27 32 0.026223486 
815 360 9 11 0.026104499 
1005 364 10 13 0.026073083 
386 383 18 23 0.026043015 
553 365 17 22 0.025994608 
865 452 25 39 0.025986306 
1011 416 12 19 0.025678704 
904 335 7 11 0.02554659 
791 356 12 15 0.02554656 
478 375 35 47 0.025531976 
669 363 13 16 0.025504488 
325 416 24 33 0.025498927 
476 349 12 14 0.025293032 
771 405 13 19 0.025130456 
196 591 48 71 0.025124563 
926 325 11 14 0.02511698 
557 396 17 20 0.024960227 
455 342 19 23 0.024890365 
973 352 8 11 0.024718085 
146 357 16 20 0.024707489 
307 422 24 31 0.024694864 
295 354 12 15 0.024686562 
687 483 14 18 0.02452152 
855 409 14 18 0.024419423 
846 379 10 13 0.024354571 
627 318 11 14 0.024349766 
428 368 15 21 0.024255374 
789 349 12 15 0.024197148 
381 353 29 37 0.024000652 
204 354 12 16 0.023995195 
854 393 15 21 0.023642354 
782 348 11 16 0.023632014 
571 361 14 20 0.023539076 
528 372 11 14 0.023395397 
405 377 12 18 0.023359776 
696 452 16 23 0.023124589 
841 440 31 40 0.02295499 
644 347 12 14 0.022933811 
259 375 18 22 0.02285028 
695 511 31 45 0.022812925 
630 322 10 14 0.022788031 
550 350 11 15 0.022766732 
918 410 21 27 0.022692617 
20 0 13 13 0.022664126 
261 348 15 18 0.022479549 
169 346 10 13 0.022411015 
876 453 15 25 0.02240963 
791 373 10 14 0.022396613 
227 295 17 20 0.022394858 
709 376 12 16 0.022382353 
566 342 19 24 0.02236293 
124 360 13 19 0.022321675 
750 402 23 29 0.021976434 
225 371 15 18 0.021840889 
993 337 10 12 0.021838894 
668 334 10 11 0.021837752 
428 340 14 17 0.021833537 
416 338 36 46 0.021714471 
267 392 14 21 0.021708656 
366 373 16 23 0.021670088 
792 388 12 16 0.021651555 
49 375 17 21 0.021499118 
17 340 13 15 0.021494795 
846 449 38 48 0.02148597 
533 356 12 16 0.021428378 
919 334 13 18 0.02131272 
518 347 21 28 0.021252751 
12 318 79 110 0.021220546 
759 398 13 15 0.02119585 
502 459 13 18 0.0211631 
675 348 12 14 0.021060396 
32 347 13 15 0.020986263 
758 338 23 30 0.020955171 
237 363 11 13 0.020871246 
330 339 13 16 0.020794937 
838 370 10 13 0.020763254 
335 362 24 31 0.02073905 
1002 409 20 28 0.020711243 
684 379 22 28 0.020681664 
655 348 9 12 0.020668978 
244 380 35 47 0.020617528 
554 356 15 20 0.020546215 
645 325 9 12 0.02053993 
296 397 22 28 0.020464526 
433 473 30 46 0.020371648 
808 349 10 13 0.020367324 
743 359 14 19 0.020282056 
544 350 11 14 0.020162994 
852 417 13 17 0.020101124 
185 340 9 13 0.020100875 
232 341 10 14 0.020035652 
750 397 13 15 0.020029154 
670 343 10 12 0.020015948 
