2_Demonstration_Protesters_2_684
465
910 418 16 20 0.9604019 
774 413 14 18 0.95023733 
109 497 17 25 0.9275946 
694 365 12 15 0.89848286 
952 476 22 27 0.89280015 
78 402 12 16 0.8829033 
869 431 21 26 0.8524283 
845 565 62 72 0.8183411 
650 350 8 12 0.7623894 
307 392 15 19 0.7507367 
206 372 12 15 0.7048503 
230 423 16 20 0.68094903 
164 350 10 13 0.6598653 
737 434 16 20 0.64370674 
793 560 19 22 0.6411134 
398 327 9 12 0.6317572 
830 452 15 19 0.61821306 
993 329 10 14 0.59441864 
524 427 13 17 0.5677351 
417 339 12 15 0.53521633 
809 307 9 13 0.51602733 
615 421 12 15 0.48997372 
857 387 15 20 0.4865058 
396 357 10 13 0.47778884 
537 375 9 13 0.45567334 
755 327 10 11 0.4519574 
662 443 16 19 0.4433273 
372 351 12 15 0.43280774 
816 338 10 13 0.41402015 
306 498 14 17 0.40931588 
208 303 9 12 0.40501943 
476 440 14 18 0.40498677 
463 371 13 16 0.3985941 
886 336 10 12 0.38056836 
1004 310 13 16 0.38003108 
620 347 10 15 0.3698757 
740 378 11 15 0.36850286 
308 306 10 13 0.3374291 
448 376 9 11 0.33174747 
336 350 12 16 0.33039898 
465 340 10 13 0.3177255 
613 209 9 10 0.31093282 
736 428 15 18 0.28862384 
342 487 9 11 0.25503466 
829 343 11 14 0.24961635 
560 464 21 25 0.2452505 
735 262 10 12 0.2242259 
442 323 8 11 0.21140096 
412 294 8 10 0.21128099 
853 362 13 16 0.20977728 
378 333 9 12 0.20276415 
365 375 9 12 0.1959743 
478 430 12 16 0.18494378 
709 381 10 14 0.17922516 
41 363 9 11 0.16989936 
57 335 9 12 0.16423406 
425 381 10 13 0.15621634 
200 347 10 12 0.1532144 
20 412 11 14 0.14846306 
570 343 9 12 0.14746164 
604 477 17 19 0.14414456 
888 292 8 11 0.14381343 
429 460 12 14 0.13805763 
121 344 9 12 0.13377966 
868 581 68 66 0.12872475 
480 339 9 12 0.12510489 
805 355 11 16 0.12310629 
775 286 9 13 0.12177563 
95 327 10 13 0.117839195 
419 416 14 18 0.11490198 
43 360 11 12 0.111632414 
948 505 16 19 0.107637 
554 434 10 14 0.1029622 
646 328 9 12 0.10238549 
653 476 14 17 0.100189626 
393 300 7 9 0.095706955 
310 325 8 10 0.09453577 
294 318 9 11 0.09317353 
572 318 11 13 0.091825195 
93 366 11 15 0.088413 
414 380 9 12 0.08801271 
359 434 13 15 0.08692323 
799 293 8 11 0.08685475 
726 347 10 14 0.08446351 
773 324 9 11 0.08254348 
671 293 9 11 0.08227778 
113 356 10 13 0.08174193 
1006 338 10 12 0.081661075 
829 324 11 14 0.080932505 
530 427 13 17 0.07824222 
938 284 8 11 0.07785226 
190 319 8 10 0.07665025 
602 327 9 12 0.075831726 
943 491 26 31 0.07157348 
10 372 10 13 0.07061011 
424 365 6 9 0.06976548 
545 351 10 13 0.068607144 
477 316 8 11 0.06830524 
635 226 7 9 0.06651416 
327 372 9 12 0.06490256 
664 356 10 13 0.06411002 
186 342 8 9 0.06368286 
305 344 8 11 0.062494803 
906 284 7 9 0.06220933 
688 327 11 14 0.059650626 
693 181 8 11 0.059553426 
861 317 10 12 0.059454747 
676 230 9 12 0.059392754 
574 363 9 12 0.05899442 
676 158 10 13 0.057190504 
590 316 8 10 0.05698508 
802 221 9 12 0.056833528 
760 278 10 12 0.05667385 
720 405 12 15 0.056304652 
876 325 10 12 0.056256015 
602 319 8 10 0.056012515 
822 457 14 17 0.05592275 
614 301 7 10 0.054916598 
85 295 12 14 0.054118294 
958 272 8 10 0.053871807 
358 332 9 12 0.053841036 
70 324 10 12 0.052777153 
638 319 9 11 0.05177984 
844 399 24 34 0.050447475 
838 308 9 11 0.050399054 
881 333 11 14 0.050180167 
246 444 12 17 0.049793277 
46 327 9 12 0.049737267 
368 417 14 17 0.049367223 
366 404 11 14 0.049324144 
597 353 8 10 0.04852837 
0 357 7 13 0.04842962 
34 358 9 10 0.047653086 
224 417 19 23 0.047479343 
685 548 18 24 0.047364384 
47 331 10 13 0.04723484 
670 407 11 14 0.047221556 
604 331 9 13 0.046939876 
505 325 8 9 0.046659674 
862 335 9 11 0.046511073 
384 317 8 11 0.046156842 
910 268 8 9 0.046086617 
990 271 9 12 0.045831762 
638 205 8 10 0.04567455 
714 332 8 10 0.044723976 
811 304 11 13 0.043553878 
446 295 7 9 0.04301169 
821 340 10 14 0.04280142 
641 325 9 12 0.04270464 
345 400 8 11 0.042566616 
18 516 17 19 0.042478353 
969 351 10 12 0.041708097 
375 295 8 10 0.041692093 
189 342 9 10 0.041661672 
142 316 10 14 0.040945683 
572 397 11 14 0.040585443 
239 447 11 16 0.040573157 
855 459 15 18 0.040477183 
334 399 10 12 0.04034234 
452 375 10 12 0.04014993 
709 404 11 15 0.039728865 
329 254 8 11 0.03970509 
173 572 10 13 0.03966786 
120 388 11 14 0.03964384 
250 287 10 12 0.039373834 
661 551 9 12 0.0392909 
160 335 9 10 0.03913583 
756 418 12 16 0.039095677 
115 304 7 10 0.03899466 
445 350 8 11 0.03894679 
687 349 8 11 0.038834307 
927 277 7 10 0.03880716 
214 413 12 18 0.03876014 
668 357 11 13 0.038715158 
291 301 7 11 0.038529962 
230 301 9 12 0.038409743 
454 307 8 11 0.038066983 
500 355 11 13 0.038054433 
456 327 8 10 0.037663937 
174 313 8 10 0.037601277 
265 383 9 11 0.037202723 
411 319 7 9 0.037141897 
362 427 14 18 0.03685613 
934 490 14 20 0.036677167 
604 466 16 18 0.036547966 
721 349 10 13 0.036539096 
344 404 11 13 0.036320183 
117 308 8 11 0.036282856 
940 280 8 11 0.03628073 
136 340 9 12 0.03618512 
146 336 8 10 0.036164965 
749 479 16 20 0.036161434 
850 294 6 9 0.036045052 
158 397 10 13 0.035794698 
759 216 8 10 0.03572339 
377 285 10 13 0.03566143 
376 329 9 12 0.035610422 
96 394 12 16 0.03521925 
430 301 8 11 0.034662947 
502 302 9 11 0.03465174 
668 351 11 14 0.034398057 
889 300 8 11 0.034345847 
928 358 10 15 0.034299307 
463 300 8 11 0.034244157 
509 224 10 11 0.0338431 
681 359 7 11 0.03383002 
336 334 9 11 0.033769142 
391 387 13 15 0.033646856 
479 313 8 11 0.03360888 
560 334 8 11 0.03356978 
586 312 8 11 0.03351265 
218 260 8 10 0.033158533 
238 325 11 13 0.033117373 
866 387 13 19 0.033056322 
759 330 8 11 0.032864317 
330 277 8 11 0.03278911 
1013 253 9 15 0.032642357 
219 412 16 20 0.032265905 
860 466 15 19 0.03222085 
977 302 11 14 0.03219703 
334 324 10 12 0.03213049 
496 352 10 12 0.032059595 
202 302 8 11 0.031776097 
335 318 10 12 0.03170923 
863 309 10 12 0.031683523 
351 318 9 11 0.03168215 
548 354 10 13 0.031478934 
429 325 9 12 0.03127045 
331 403 12 14 0.03107184 
945 300 9 11 0.031046702 
570 287 9 12 0.031042008 
32 321 8 11 0.030811818 
634 318 8 11 0.030792383 
972 318 10 12 0.03071973 
543 393 14 16 0.030535731 
142 388 10 12 0.030528186 
228 446 14 17 0.030385746 
533 333 9 11 0.030372072 
189 276 10 12 0.030020658 
702 385 11 15 0.02997526 
695 230 8 9 0.029816093 
839 342 10 12 0.029732171 
877 479 29 39 0.029679729 
600 301 7 11 0.029555403 
399 283 9 11 0.029545905 
686 343 10 12 0.029487424 
278 383 9 11 0.029469326 
708 411 12 14 0.029294504 
88 370 13 15 0.029205658 
634 205 8 10 0.029139923 
367 309 8 11 0.029131627 
199 352 12 15 0.02902633 
977 293 8 10 0.028886177 
897 350 10 12 0.028746685 
352 341 9 12 0.028683411 
720 355 8 11 0.028579881 
860 324 11 13 0.028264528 
611 301 7 10 0.02825652 
100 332 9 12 0.028146649 
623 295 7 10 0.028130615 
654 326 9 10 0.02807569 
740 368 13 16 0.028045468 
185 302 7 10 0.027870888 
679 373 10 12 0.027855298 
184 349 8 10 0.027783325 
616 297 7 10 0.027686972 
77 324 9 11 0.027662357 
352 294 7 10 0.027660092 
406 390 8 11 0.027626716 
225 360 8 10 0.027606612 
467 336 12 14 0.027583877 
368 302 9 10 0.027457433 
761 220 8 11 0.027272796 
442 376 8 10 0.027237637 
691 331 11 13 0.02719845 
823 358 9 13 0.02715733 
958 276 8 10 0.027058769 
301 485 11 14 0.02698122 
391 343 9 11 0.026964962 
293 323 10 12 0.02690091 
671 364 9 11 0.026866114 
430 419 11 16 0.026841538 
437 420 11 15 0.02681417 
328 399 11 14 0.026777077 
306 385 13 16 0.026555419 
20 511 12 14 0.026533457 
38 319 8 11 0.02649221 
610 287 7 9 0.026464818 
949 296 9 11 0.026431717 
392 352 11 13 0.026423348 
826 294 7 10 0.02638852 
665 336 8 11 0.026382219 
185 336 8 11 0.026327215 
9 512 28 32 0.026313942 
549 315 10 12 0.026296414 
39 309 9 10 0.026282344 
338 381 9 11 0.026262604 
786 309 8 10 0.026120014 
692 300 9 12 0.025968017 
313 396 12 16 0.02590812 
354 325 9 12 0.02585599 
89 318 7 10 0.025851985 
95 378 12 15 0.025808454 
269 383 10 12 0.025738873 
790 309 9 11 0.025646798 
357 340 9 12 0.025637394 
569 364 9 12 0.025507752 
340 342 12 14 0.025430225 
829 331 12 15 0.025404472 
981 294 9 11 0.025384426 
233 412 15 18 0.025338436 
407 311 8 9 0.02530246 
902 323 9 12 0.025286455 
700 370 12 15 0.02528478 
734 173 10 12 0.025265537 
421 344 11 14 0.025167849 
534 343 9 11 0.025144573 
302 382 13 14 0.02513641 
157 293 9 12 0.025072394 
414 289 9 12 0.024989124 
728 231 8 9 0.024948431 
849 360 22 26 0.024793709 
917 80 8 13 0.024653519 
940 495 17 22 0.024586018 
254 390 8 10 0.024581334 
406 325 9 12 0.0245391 
630 374 10 12 0.024533415 
848 388 15 18 0.024530308 
896 303 8 10 0.024517236 
887 364 10 12 0.024500603 
534 348 9 11 0.02447732 
824 311 8 10 0.024404423 
758 406 10 13 0.02434401 
898 79 9 12 0.024310118 
673 235 10 12 0.024290605 
729 303 7 10 0.02425353 
414 397 11 13 0.024248136 
529 360 7 9 0.024174642 
883 340 10 12 0.024172975 
410 381 9 12 0.024112446 
594 356 7 10 0.024054257 
294 484 14 16 0.024020309 
678 365 10 13 0.02402005 
319 359 8 11 0.023972927 
204 344 9 12 0.023962365 
382 312 8 11 0.023930868 
216 287 8 10 0.023924198 
476 427 20 26 0.023881076 
642 332 10 11 0.023790006 
543 316 10 11 0.023748612 
295 433 12 15 0.023670191 
639 364 9 13 0.023652697 
856 308 9 11 0.023646802 
454 419 10 12 0.023597455 
901 356 9 13 0.023513135 
362 379 11 13 0.023500808 
995 292 10 11 0.023495458 
170 316 8 10 0.023473402 
201 296 7 8 0.023466887 
52 327 11 13 0.023438249 
535 317 9 11 0.02343082 
812 356 11 15 0.023423418 
40 325 9 11 0.02339465 
87 357 11 13 0.02334768 
648 288 7 8 0.023289425 
358 293 7 10 0.023249319 
798 299 10 13 0.023223346 
607 357 8 10 0.023183754 
213 316 10 13 0.023139816 
308 418 12 15 0.02312024 
192 324 9 10 0.023098396 
26 325 7 10 0.023082651 
524 414 15 18 0.02306673 
144 407 10 13 0.023042144 
309 331 9 12 0.02303208 
574 347 10 11 0.022944186 
1 479 45 70 0.022852767 
158 378 10 13 0.022821423 
609 211 8 10 0.022739291 
79 320 9 11 0.02270429 
488 312 6 8 0.02268728 
441 343 7 10 0.022583675 
430 296 8 10 0.022372127 
93 319 10 11 0.02233865 
561 461 12 17 0.022301547 
687 357 9 13 0.022299739 
747 372 11 14 0.022231331 
40 342 7 10 0.022188883 
85 341 9 11 0.022172363 
370 295 8 10 0.02215719 
844 387 26 32 0.022153245 
173 447 13 14 0.022133466 
823 318 10 13 0.022058822 
723 410 11 14 0.022053072 
633 358 9 11 0.022035379 
93 359 11 14 0.022027744 
967 292 8 11 0.021971785 
757 296 10 12 0.021968665 
691 199 7 9 0.021964014 
850 356 12 16 0.02189455 
725 397 12 16 0.02188775 
694 296 8 11 0.02187168 
820 335 9 13 0.021869423 
808 279 7 9 0.021863578 
830 294 7 9 0.021851549 
374 389 11 13 0.02182307 
641 294 7 10 0.021821108 
1 513 16 19 0.021790948 
192 348 10 12 0.021790361 
343 411 11 15 0.02171673 
856 303 7 10 0.021648938 
212 307 10 13 0.021588586 
584 438 8 10 0.021548526 
905 419 13 17 0.0215395 
670 342 8 10 0.0215259 
342 376 8 11 0.021520134 
798 359 14 18 0.021511339 
570 323 11 13 0.02150768 
730 271 6 9 0.021402517 
328 297 7 8 0.02140106 
745 427 15 18 0.021395799 
624 335 9 10 0.021310084 
1012 333 10 14 0.021241453 
794 293 9 10 0.021118755 
679 293 8 11 0.021102037 
1013 247 9 13 0.021033017 
498 342 8 10 0.021021396 
618 344 10 13 0.020985559 
207 316 12 15 0.020945115 
637 229 8 10 0.020935215 
489 220 8 9 0.020899149 
769 417 13 17 0.020880016 
463 262 8 10 0.020857751 
651 461 12 14 0.02078113 
221 396 10 11 0.02077758 
296 381 12 14 0.020749738 
974 272 9 11 0.020720398 
712 182 9 12 0.020716852 
838 426 12 15 0.020676749 
499 303 8 11 0.020623975 
458 367 8 10 0.020593654 
774 158 10 13 0.020593133 
503 297 8 11 0.020588594 
351 348 9 13 0.02057629 
837 347 11 13 0.020559313 
898 228 8 10 0.020539794 
542 430 9 12 0.020528384 
735 256 11 13 0.020470822 
149 340 9 11 0.020465162 
574 333 10 14 0.020463327 
727 222 9 12 0.020433621 
902 301 8 10 0.020427747 
341 335 10 12 0.020424975 
755 216 7 9 0.020414673 
336 312 8 10 0.020382117 
403 479 45 50 0.020371161 
418 365 8 10 0.020292638 
695 389 11 14 0.020281103 
735 402 11 14 0.020271873 
648 294 8 11 0.020260053 
583 351 8 9 0.020106426 
711 342 9 11 0.020095455 
361 367 9 12 0.020079669 
638 357 10 13 0.020079453 
750 396 11 14 0.020049825 
