2_Demonstration_Demonstration_Or_Protest_2_58
183
785 444 65 77 0.9992393 
161 300 55 71 0.99898976 
450 314 54 72 0.99891543 
149 159 29 35 0.99854434 
29 512 103 107 0.9983235 
45 243 55 63 0.9979132 
314 124 26 33 0.9973465 
652 314 53 75 0.99718934 
300 300 51 65 0.9961371 
247 241 46 56 0.99610496 
285 384 61 86 0.99603385 
767 272 46 56 0.99508107 
88 148 37 41 0.9949007 
516 231 44 59 0.99475914 
335 179 33 41 0.9945034 
838 171 35 40 0.9918548 
942 194 36 44 0.9915725 
589 174 34 40 0.9905538 
966 283 47 55 0.9901451 
982 147 27 30 0.9888664 
158 230 48 58 0.98728484 
700 247 38 50 0.9836128 
868 241 39 49 0.98166955 
-2 167 29 49 0.97829866 
211 68 18 25 0.97619706 
579 562 55 85 0.9676309 
316 224 41 44 0.9581026 
825 141 23 33 0.95662713 
184 87 21 27 0.95060146 
624 267 37 50 0.94673353 
162 49 15 19 0.94270366 
863 116 24 31 0.9309308 
775 195 31 34 0.92790085 
152 108 34 39 0.91729563 
688 49 17 19 0.8723259 
77 83 18 22 0.84198797 
106 53 15 20 0.83012927 
126 51 15 20 0.8186144 
694 78 16 20 0.7923939 
113 84 18 22 0.78577006 
767 31 15 19 0.7816795 
384 296 39 46 0.60028255 
779 146 21 29 0.5807469 
386 133 19 23 0.5445153 
252 70 12 16 0.5416239 
46 42 16 21 0.45974886 
512 81 12 17 0.4514647 
187 443 36 44 0.4197103 
744 14 10 13 0.38583016 
454 59 10 14 0.3207438 
719 16 7 10 0.31383535 
683 181 35 37 0.30415568 
601 250 30 41 0.2763339 
521 177 15 19 0.25804186 
476 172 22 33 0.2509607 
689 2 12 13 0.23209824 
944 117 25 35 0.22957389 
637 105 15 22 0.20355162 
902 334 37 55 0.20230824 
474 123 15 22 0.19436523 
693 171 28 35 0.18900731 
351 64 12 15 0.1874405 
546 94 12 18 0.16744402 
501 126 16 18 0.15943128 
15 81 14 19 0.15394117 
325 2 11 12 0.13647746 
541 199 31 40 0.13555798 
461 152 17 20 0.13428375 
702 166 23 28 0.12599178 
241 5 9 11 0.12263708 
281 140 16 19 0.11207746 
610 254 33 48 0.1066567 
451 253 24 32 0.096367635 
758 197 21 27 0.094779976 
818 3 13 14 0.087786324 
696 175 37 49 0.08444815 
353 37 8 11 0.07886656 
102 260 43 57 0.075117484 
358 133 12 15 0.072667845 
396 132 21 28 0.07093282 
41 119 34 45 0.07042266 
460 3 9 11 0.063578136 
551 206 33 45 0.061136518 
827 152 39 48 0.0542154 
419 227 29 41 0.053099938 
690 132 11 15 0.05221799 
371 155 16 22 0.046766583 
350 3 15 16 0.045614954 
845 318 39 57 0.044879407 
771 234 39 47 0.04425091 
120 51 14 19 0.043996606 
763 159 28 27 0.04352081 
297 2 9 9 0.042999774 
850 123 28 33 0.04172659 
931 116 14 18 0.041712448 
0 52 11 19 0.041548584 
15 62 9 12 0.03998094 
985 215 22 33 0.039842427 
7 79 18 26 0.039618988 
464 126 23 29 0.039529003 
495 128 14 18 0.03771153 
713 46 8 12 0.037455335 
529 213 39 55 0.03610194 
1014 93 9 15 0.03602555 
927 115 12 14 0.034917425 
470 73 8 11 0.033982925 
112 53 17 22 0.03305669 
278 32 13 18 0.032152515 
867 107 17 20 0.0321407 
702 24 8 10 0.0313841 
887 352 46 56 0.031023234 
145 74 12 17 0.03065723 
415 304 33 43 0.030087609 
285 5 9 11 0.029946052 
996 224 25 33 0.029815858 
718 9 12 14 0.029541612 
677 15 11 13 0.028967524 
119 270 49 67 0.028951567 
439 188 18 29 0.028718323 
159 36 11 15 0.028409235 
941 119 16 24 0.028205473 
698 24 8 10 0.027820364 
643 79 13 17 0.02753929 
-1 117 13 25 0.027314108 
208 61 14 16 0.027283804 
714 36 9 11 0.02714255 
834 130 35 44 0.026973767 
851 92 12 16 0.026853496 
560 155 13 17 0.026788438 
584 253 38 44 0.026772132 
957 137 40 48 0.026668431 
589 143 28 32 0.02596254 
4 57 12 17 0.025840575 
684 28 9 12 0.025688056 
259 86 13 17 0.025608312 
945 127 38 49 0.025608031 
267 6 11 13 0.025252605 
602 252 19 25 0.025203351 
160 29 9 12 0.025019972 
562 146 15 17 0.024995452 
694 163 15 21 0.024952851 
472 121 12 16 0.02461168 
787 142 15 24 0.024599833 
167 29 9 13 0.024518492 
252 79 15 18 0.024310626 
352 73 13 18 0.024069276 
538 116 14 19 0.023891497 
540 195 18 20 0.02384571 
713 164 17 22 0.023533653 
409 133 23 31 0.023503864 
157 269 55 76 0.0235022 
704 1 9 10 0.023379164 
561 197 29 42 0.023329549 
888 80 8 10 0.02330094 
757 160 20 21 0.023231696 
481 127 15 21 0.023141444 
355 152 30 36 0.02299369 
172 34 12 18 0.02270162 
738 14 10 12 0.022543723 
815 121 12 16 0.022459526 
712 173 17 22 0.022453798 
723 14 10 11 0.022290321 
773 200 18 23 0.022275569 
156 91 13 15 0.022227703 
194 460 21 25 0.021938682 
336 46 8 9 0.021792421 
685 191 19 21 0.021682387 
465 125 12 16 0.021534411 
494 163 37 52 0.021512633 
267 134 24 29 0.02150884 
682 92 10 14 0.021420322 
561 160 17 20 0.021380238 
541 102 15 21 0.021192633 
171 94 23 31 0.021150745 
403 55 8 10 0.020895964 
486 117 12 16 0.02077902 
626 283 49 67 0.020398518 
529 194 27 34 0.02039282 
427 236 36 48 0.020229045 
771 163 33 42 0.020196978 
342 47 9 11 0.020087164 
2 47 9 16 0.020016601 
678 20 12 16 0.020006537 
