2_Demonstration_Demonstrators_2_195
26
691 66 101 125 0.99863213 
322 192 62 80 0.99809855 
389 181 76 113 0.9905488 
284 219 28 47 0.92436624 
46 223 21 26 0.19208871 
525 122 17 20 0.10451681 
460 161 42 55 0.06869596 
34 227 40 52 0.067465566 
919 161 91 166 0.05815584 
75 266 11 14 0.05461232 
961 547 13 16 0.052818604 
887 32 28 32 0.03697212 
291 220 15 20 0.03682441 
172 263 66 71 0.03340869 
218 144 57 73 0.03263773 
2 332 13 18 0.031793587 
158 220 102 109 0.030357776 
396 157 13 16 0.028727595 
10 260 15 18 0.027794229 
189 292 55 74 0.02457246 
293 213 34 47 0.024190107 
196 67 470 544 0.023673983 
271 203 47 73 0.022149416 
241 247 27 37 0.021519188 
837 93 64 88 0.020930972 
192 156 97 106 0.020292612 
