2_Demonstration_Demonstrators_2_100
19
413 129 261 362 0.99946004 
689 332 119 178 0.97999257 
907 346 53 74 0.7399609 
438 713 170 150 0.1048584 
828 357 57 69 0.09117371 
901 304 87 113 0.08507057 
680 68 358 477 0.0396491 
594 1154 184 221 0.039109323 
778 300 59 72 0.035642277 
805 227 194 230 0.03372022 
888 241 111 149 0.0299739 
416 755 230 268 0.028035743 
538 242 192 257 0.026565738 
871 146 146 209 0.025760058 
953 284 43 55 0.025120972 
895 314 58 70 0.021762429 
928 293 56 66 0.021708332 
267 49 91 135 0.020567745 
923 354 67 75 0.020055298 
