2_Demonstration_Protesters_2_57
49
710 193 31 38 0.99905616 
515 260 31 37 0.996711 
222 227 39 43 0.9959442 
384 235 38 46 0.9956078 
29 238 33 42 0.993537 
72 222 39 45 0.9919911 
653 242 25 31 0.8082322 
931 262 22 33 0.71352315 
142 277 40 53 0.58773714 
478 378 11 14 0.42833418 
362 265 23 27 0.41626686 
834 174 13 16 0.21759163 
478 269 23 28 0.11866025 
890 230 23 32 0.10033597 
461 383 9 11 0.06604518 
86 146 29 40 0.052690692 
578 302 28 45 0.043387197 
471 272 14 20 0.04276711 
485 219 10 13 0.04213225 
653 237 18 23 0.04071042 
902 181 10 14 0.038890786 
878 230 30 43 0.035973582 
973 281 21 24 0.035188083 
757 177 29 41 0.03389661 
950 260 12 16 0.033094727 
490 271 18 24 0.032655053 
900 229 15 23 0.032041743 
685 550 8 11 0.031610694 
955 279 28 33 0.03147392 
569 221 9 11 0.030651394 
370 258 26 31 0.028483253 
803 199 23 31 0.028233021 
546 280 17 19 0.027392605 
559 184 8 9 0.024631184 
450 221 9 13 0.024297364 
492 267 27 35 0.024266355 
824 236 30 39 0.024085976 
468 262 37 50 0.023865223 
473 493 10 13 0.02341245 
346 188 15 19 0.023380768 
935 265 38 50 0.02301141 
420 155 16 20 0.022964569 
505 278 386 523 0.02281942 
927 266 16 24 0.021394176 
883 213 30 42 0.021149483 
461 263 21 32 0.02099868 
439 178 10 13 0.02088792 
360 267 15 19 0.02035004 
162 302 18 24 0.020269172 
