2_Demonstration_Demonstration_Or_Protest_2_158
104
517 188 41 49 0.98310685 
987 215 30 41 0.962672 
855 240 19 22 0.9381271 
183 216 29 41 0.90092665 
472 234 30 35 0.86732006 
675 253 13 16 0.8016433 
520 131 18 22 0.7041561 
63 264 12 16 0.64151746 
11 192 24 33 0.59953505 
881 128 33 37 0.51200765 
99 258 16 19 0.26770732 
860 200 52 64 0.26088428 
744 265 48 54 0.18967019 
661 388 13 15 0.18812342 
924 403 49 58 0.17908765 
694 258 9 12 0.13211593 
669 246 16 21 0.08503204 
187 218 18 25 0.08381745 
174 250 30 46 0.07922712 
398 253 10 13 0.07867502 
845 120 23 31 0.07275971 
461 234 28 29 0.07120815 
107 253 14 18 0.071145706 
246 251 13 15 0.067409344 
825 239 10 13 0.06408873 
791 334 71 76 0.05664017 
726 252 14 18 0.05088613 
518 147 13 17 0.048229154 
636 253 11 16 0.047404274 
393 251 10 14 0.04617765 
372 244 15 17 0.044681124 
522 143 15 19 0.043515395 
882 132 18 23 0.04097556 
567 138 15 19 0.03968642 
848 156 18 23 0.039599985 
119 243 15 16 0.038739007 
162 217 28 31 0.038315594 
445 213 14 18 0.037990287 
868 214 32 38 0.037789676 
279 252 11 14 0.03636614 
305 258 9 12 0.035384256 
33 247 10 14 0.034501195 
868 181 37 50 0.034379523 
653 278 16 22 0.03392995 
878 243 13 17 0.033923756 
118 237 13 14 0.033786196 
379 251 13 17 0.03369465 
397 126 12 14 0.03262267 
60 254 15 18 0.032224454 
688 255 10 14 0.031414602 
324 299 30 36 0.031232035 
843 135 27 38 0.030757865 
492 232 26 31 0.030626722 
116 313 60 68 0.030170508 
732 156 11 15 0.029686734 
115 248 16 20 0.029646685 
665 251 13 16 0.029030783 
725 239 23 31 0.028910792 
850 218 41 53 0.028826874 
616 97 12 16 0.028676888 
379 257 15 20 0.028170435 
827 116 34 39 0.02813274 
102 231 9 11 0.028131027 
339 344 38 42 0.02808389 
353 236 10 12 0.027333554 
668 233 22 27 0.026979955 
140 249 14 18 0.026907682 
883 94 15 21 0.026888411 
251 355 13 18 0.026469229 
309 259 9 11 0.026460018 
93 261 27 32 0.025732785 
396 269 11 14 0.025338957 
29 161 21 30 0.024919385 
97 254 14 16 0.024386374 
104 262 17 21 0.024155255 
907 324 120 163 0.023741154 
406 237 9 12 0.023565324 
896 131 19 22 0.02341864 
745 319 44 57 0.023225624 
2 193 37 60 0.023213828 
435 216 22 25 0.023114813 
725 253 22 30 0.02302152 
116 230 11 13 0.02270109 
820 229 23 29 0.022370066 
719 317 11 13 0.022261202 
650 362 14 16 0.021842357 
825 37 22 28 0.021756906 
103 300 101 114 0.021586506 
352 231 10 12 0.021545187 
556 201 16 20 0.021379987 
357 120 8 10 0.02123592 
684 309 17 20 0.021212257 
514 149 10 15 0.02111839 
277 256 16 19 0.021101238 
805 236 10 13 0.02103977 
195 236 16 23 0.020976018 
520 303 31 29 0.020779535 
636 246 10 13 0.020695874 
348 267 15 19 0.020609017 
883 66 12 16 0.020572525 
121 328 38 41 0.02054097 
251 260 12 14 0.020225048 
240 267 10 14 0.020051925 
254 269 11 14 0.020031799 
