2_Demonstration_Demonstration_Or_Protest_2_487
27
193 89 319 429 0.9964684 
457 1068 128 169 0.9962005 
6 388 114 180 0.9933188 
604 1283 116 99 0.82915384 
765 426 129 125 0.5974382 
795 443 77 64 0.1972545 
590 976 118 197 0.14759375 
704 1235 96 137 0.118251085 
501 991 186 223 0.077252924 
732 53 55 65 0.07245495 
758 516 174 171 0.06643382 
843 935 34 59 0.064389706 
460 844 10 12 0.034077384 
139 485 44 51 0.033789653 
478 892 248 231 0.031894583 
728 20 53 77 0.03125627 
487 837 9 11 0.031167278 
673 1285 67 90 0.028851835 
0 109 28 45 0.027468435 
177 616 17 20 0.026480976 
162 496 31 42 0.025780493 
726 12 37 55 0.022583017 
81 152 57 60 0.021988787 
518 853 121 111 0.021936517 
745 1320 46 59 0.021615101 
733 64 34 39 0.02161391 
823 479 74 70 0.021126483 
