2_Demonstration_Demonstration_Or_Protest_2_617
41
55 413 55 68 0.99650466 
734 85 62 74 0.99494654 
587 483 63 70 0.9943791 
7 400 39 45 0.9916619 
156 391 47 63 0.97034305 
646 462 40 45 0.9211626 
316 442 42 54 0.9029353 
540 439 42 49 0.9014693 
415 453 37 37 0.82747877 
792 506 149 117 0.76363426 
0 313 33 50 0.3634629 
262 468 51 66 0.29787928 
280 456 48 66 0.29498464 
232 415 30 35 0.15177828 
626 468 50 63 0.11139829 
225 466 48 68 0.09253578 
368 432 24 34 0.07230212 
2 427 22 36 0.069131345 
780 496 23 35 0.066098884 
203 456 52 80 0.049470466 
838 538 100 67 0.04377619 
518 463 26 42 0.042080328 
140 219 12 16 0.041440275 
508 416 25 31 0.041231148 
150 413 25 35 0.040073242 
16 188 13 16 0.03813333 
735 547 46 61 0.03397049 
418 458 21 23 0.032330066 
806 532 88 78 0.031083357 
17 203 11 14 0.030718366 
655 505 26 33 0.028565304 
14 15 24 28 0.02775943 
0 388 12 20 0.027607575 
143 250 21 29 0.02675797 
300 237 19 30 0.02622455 
99 149 10 13 0.024031712 
174 379 54 67 0.022616664 
133 494 121 109 0.02250684 
244 475 47 51 0.021717172 
0 438 14 25 0.021112913 
540 511 21 31 0.020378636 
