2_Demonstration_Political_Rally_2_83
298
598 491 100 135 0.9995801 
880 554 114 128 0.9991641 
402 304 88 118 0.998747 
167 0 32 36 0.99809355 
114 519 110 128 0.997855 
228 265 70 92 0.99751616 
286 568 102 114 0.99664176 
888 157 47 55 0.9953898 
1 397 87 99 0.9942616 
75 218 48 59 0.992147 
506 211 49 62 0.99034065 
558 290 74 85 0.9900435 
474 84 37 44 0.9899889 
182 157 44 53 0.98970187 
624 389 89 103 0.9896993 
173 386 75 100 0.989358 
96 293 66 78 0.98688567 
227 119 43 55 0.98645335 
208 225 52 69 0.98529553 
327 166 46 56 0.9741441 
875 328 85 94 0.9717308 
447 116 36 46 0.97144055 
218 60 36 47 0.96739143 
398 110 34 39 0.96681446 
110 79 32 42 0.9648131 
263 18 23 31 0.9640461 
428 34 26 31 0.9597322 
624 65 31 36 0.95720536 
464 178 53 70 0.95647955 
290 32 30 38 0.9560004 
811 134 38 50 0.9477352 
201 109 31 39 0.9434443 
791 121 30 39 0.9431172 
560 80 32 39 0.9371428 
473 17 24 29 0.93676305 
0 72 32 39 0.9294215 
932 197 42 55 0.9105529 
44 177 47 59 0.9053613 
381 153 34 45 0.89616406 
598 111 45 57 0.8477037 
397 196 59 67 0.81623214 
918 0 22 24 0.80632883 
743 152 41 54 0.7782295 
9 128 48 62 0.77586216 
669 613 103 66 0.7582229 
100 612 94 65 0.73055947 
312 71 24 32 0.7228219 
869 26 25 31 0.67247444 
751 20 20 26 0.66437393 
386 61 28 30 0.65698326 
824 62 23 31 0.62834334 
233 13 24 32 0.6152524 
0 140 38 69 0.49407968 
728 372 67 101 0.47051775 
634 248 36 39 0.45890343 
558 188 24 30 0.4051195 
246 187 35 40 0.40316835 
23 3 28 29 0.3873124 
68 42 41 52 0.3851881 
668 47 21 23 0.3832807 
484 193 57 69 0.37897938 
344 33 25 32 0.33638668 
885 78 30 36 0.3119726 
967 162 33 38 0.3096561 
815 39 23 27 0.26635674 
781 43 17 20 0.25551218 
973 215 48 68 0.24754357 
508 1 28 23 0.24467427 
1001 129 24 32 0.23344293 
950 171 45 53 0.23135026 
344 134 32 36 0.22736886 
941 79 32 39 0.2182651 
365 154 38 56 0.21442296 
604 64 24 28 0.21268281 
45 290 32 53 0.20757663 
565 40 19 27 0.20634054 
981 449 49 89 0.20553493 
880 96 28 32 0.17060567 
975 83 30 41 0.16788934 
947 12 22 28 0.16187713 
624 36 19 22 0.15882707 
135 176 38 47 0.14534393 
787 44 21 26 0.14150375 
577 168 52 62 0.14132454 
254 71 28 37 0.13813478 
379 217 62 71 0.13137081 
18 174 17 22 0.13031669 
245 14 25 33 0.12575442 
116 42 25 33 0.124860555 
879 107 15 19 0.12321659 
476 48 16 20 0.12312595 
78 51 44 59 0.11915427 
759 86 28 33 0.1146879 
412 0 23 22 0.11040749 
1003 125 16 19 0.10837482 
63 145 38 47 0.10659131 
951 161 33 39 0.10523665 
662 145 14 19 0.09469405 
299 2 18 20 0.09349257 
432 186 44 65 0.093258694 
591 54 13 16 0.09141912 
694 1 18 21 0.09073069 
497 44 21 29 0.088480264 
950 77 38 53 0.085743956 
664 372 85 108 0.08528114 
798 23 15 19 0.08485214 
529 52 33 46 0.08350266 
387 74 28 37 0.08304206 
391 102 27 33 0.08122434 
830 19 23 26 0.074405335 
608 26 18 21 0.073446535 
165 326 11 14 0.07336001 
379 259 40 49 0.07258857 
662 105 37 52 0.0702483 
94 303 40 55 0.0661373 
199 54 22 30 0.063324414 
115 321 64 75 0.06302298 
384 91 24 31 0.061418004 
256 109 30 41 0.06101448 
139 339 56 64 0.060950886 
943 105 24 34 0.057912845 
101 0 52 56 0.056568388 
251 185 20 23 0.055719037 
614 230 50 54 0.053792123 
267 13 17 21 0.053328313 
591 56 22 27 0.05253513 
579 109 80 96 0.048795905 
761 100 29 34 0.048745092 
340 17 27 33 0.04782569 
917 92 21 28 0.047504235 
301 281 44 63 0.046357375 
820 31 25 27 0.046076056 
985 92 32 43 0.045767263 
208 96 42 50 0.04539299 
898 87 25 31 0.044923503 
884 129 26 34 0.04424938 
647 255 21 24 0.044050485 
380 181 52 68 0.043904655 
68 517 55 88 0.04370797 
403 81 24 30 0.04321124 
404 96 29 37 0.043061998 
750 178 30 37 0.042660616 
259 67 17 24 0.042475283 
211 59 27 35 0.04145561 
815 187 10 13 0.04142579 
972 0 41 50 0.041305248 
250 122 41 53 0.04099526 
94 23 49 57 0.040554903 
586 19 23 29 0.04050697 
269 2 18 19 0.04029491 
637 244 16 19 0.04023773 
699 113 42 56 0.03970813 
740 73 33 50 0.039538614 
488 179 32 37 0.039343305 
140 368 51 66 0.039100934 
564 185 34 41 0.038532596 
117 98 29 38 0.03820966 
813 61 21 28 0.038026948 
609 225 32 42 0.03775952 
595 196 54 60 0.03767544 
632 123 38 48 0.037198182 
604 79 41 49 0.03716991 
829 327 39 52 0.036630508 
953 114 17 22 0.036538612 
290 45 38 46 0.036372405 
35 0 36 31 0.036109693 
294 74 27 35 0.03610781 
797 45 21 28 0.035980344 
283 76 28 38 0.035473775 
934 85 22 31 0.035239846 
125 112 15 19 0.03498394 
714 451 23 28 0.034973867 
894 6 23 29 0.0348807 
667 53 27 31 0.03488018 
957 428 49 73 0.03388967 
314 268 48 68 0.033716943 
79 39 28 30 0.03368124 
755 163 45 53 0.033301365 
797 72 14 21 0.032903183 
75 13 14 15 0.0324536 
559 139 55 70 0.032355126 
882 145 38 51 0.03228633 
388 2 29 30 0.032049403 
110 57 31 39 0.03198599 
533 35 25 29 0.031592812 
955 42 25 30 0.03151108 
448 69 25 32 0.03144443 
267 112 36 48 0.03126373 
427 110 35 51 0.031011518 
964 89 32 47 0.03076411 
135 448 33 39 0.030529378 
202 123 44 53 0.030397123 
740 25 28 36 0.0303433 
0 250 29 39 0.030326812 
260 79 30 41 0.030219892 
391 137 33 48 0.030119693 
898 1 18 21 0.0299259 
799 64 21 28 0.029918557 
573 43 22 28 0.029875146 
472 21 37 48 0.029685868 
673 0 17 13 0.029426085 
556 418 40 45 0.02930897 
16 137 70 92 0.029269876 
266 175 41 54 0.029066982 
728 222 24 30 0.029016899 
79 513 82 114 0.028949536 
998 108 27 39 0.028818423 
758 216 32 41 0.028752722 
596 95 29 40 0.028698849 
51 1 20 18 0.02860203 
723 456 14 17 0.028391335 
244 398 37 53 0.02836634 
37 57 32 48 0.028136365 
31 526 42 61 0.027982662 
237 5 16 19 0.027890956 
613 28 22 26 0.027881492 
734 20 11 14 0.027764816 
411 18 38 48 0.027750932 
887 63 28 34 0.027423613 
227 365 48 58 0.027136413 
57 164 42 51 0.02711701 
987 20 23 30 0.027085911 
892 54 23 27 0.02678609 
979 80 19 22 0.026774757 
510 99 22 34 0.026760742 
553 396 30 48 0.026505364 
719 617 74 60 0.026050717 
2 4 16 18 0.026001986 
948 7 17 19 0.025985608 
827 249 31 52 0.025910584 
756 193 26 31 0.0258081 
597 19 23 28 0.025807532 
576 29 24 32 0.025722697 
302 99 45 57 0.025499377 
781 184 45 51 0.025447546 
994 511 29 52 0.02542972 
989 34 17 22 0.0254152 
211 75 35 46 0.02529201 
898 273 52 56 0.025164615 
532 412 62 81 0.025091574 
595 76 31 40 0.02491253 
741 54 31 40 0.024845826 
759 194 56 65 0.024697887 
979 92 19 25 0.024564346 
671 98 28 36 0.024389325 
881 13 27 35 0.024274252 
46 516 50 79 0.024261877 
515 110 14 21 0.02416723 
121 120 23 33 0.023916204 
55 283 43 60 0.023750832 
786 6 29 31 0.023685243 
127 190 48 60 0.023659248 
577 18 42 48 0.02360762 
241 176 29 39 0.02359011 
943 10 17 22 0.023544343 
565 149 90 96 0.02346152 
356 -1 16 13 0.023457246 
640 210 12 15 0.023447422 
976 151 29 35 0.023366451 
968 74 27 32 0.023137903 
131 0 19 17 0.022791147 
798 29 22 28 0.022713525 
662 42 18 24 0.02261854 
11 30 18 21 0.022577295 
653 124 28 38 0.022554679 
530 26 42 47 0.02236915 
907 -2 25 24 0.022338763 
70 293 45 59 0.022152081 
650 1 40 31 0.02213433 
585 115 33 41 0.022081682 
952 26 28 35 0.022029111 
277 120 41 52 0.021976454 
162 330 45 54 0.021942114 
226 181 17 21 0.02173996 
341 600 72 77 0.021647343 
395 196 29 38 0.021585459 
755 184 17 21 0.021401057 
583 53 20 28 0.02137861 
497 88 27 41 0.021166906 
2 93 45 61 0.02111696 
872 36 28 36 0.021103151 
851 122 39 50 0.021097343 
328 83 24 33 0.021096 
340 147 37 51 0.021036975 
196 223 40 57 0.020930987 
788 195 16 18 0.020898877 
600 53 24 29 0.020859022 
332 446 48 53 0.020844307 
393 153 19 25 0.020818647 
747 0 16 18 0.020739425 
668 24 26 31 0.020733602 
497 181 19 23 0.020623242 
740 224 85 108 0.020478124 
350 2 28 28 0.020354066 
44 418 64 78 0.02032714 
750 45 27 32 0.020216309 
272 87 35 48 0.020213746 
920 281 49 56 0.02020796 
