2_Demonstration_Demonstrators_2_170
40
869 192 55 66 0.9977203 
735 138 66 81 0.9957307 
926 171 80 90 0.99357754 
319 113 62 99 0.9830451 
587 104 49 67 0.9561439 
5 122 18 22 0.63215965 
719 122 36 48 0.5932847 
190 114 38 43 0.5461392 
41 117 24 32 0.51229316 
35 99 46 55 0.29284912 
90 130 14 17 0.10358619 
537 147 23 28 0.055902537 
550 289 29 29 0.052223865 
39 124 15 23 0.050565608 
699 117 41 58 0.050167568 
726 119 55 72 0.03956475 
528 157 42 63 0.037958227 
11 80 88 98 0.037523933 
947 88 42 49 0.037477855 
998 98 25 37 0.035965137 
509 165 48 73 0.035671465 
174 109 60 76 0.035500307 
635 128 47 71 0.03502078 
0 113 10 17 0.032229833 
802 71 46 66 0.030242264 
490 171 40 61 0.027689168 
242 103 20 24 0.026897416 
563 310 15 16 0.025636261 
583 81 46 61 0.025379749 
654 126 45 65 0.025021542 
183 87 57 65 0.024569567 
670 120 51 74 0.024496388 
240 94 54 73 0.024300175 
616 118 50 69 0.024031892 
166 481 37 61 0.022905601 
402 62 8 10 0.022232741 
546 306 29 36 0.022191916 
160 58 96 108 0.02103992 
947 115 13 17 0.020912914 
8 134 12 17 0.020150412 
