2_Demonstration_Demonstrators_2_547
50
822 136 46 58 0.9980457 
216 138 56 73 0.9975102 
682 137 55 77 0.9973653 
878 177 39 45 0.99299896 
484 166 41 45 0.97883314 
0 211 25 43 0.97358537 
642 162 39 54 0.9568667 
416 192 30 36 0.949029 
933 203 24 34 0.93363136 
987 207 30 50 0.904266 
458 202 23 32 0.81183946 
94 219 31 40 0.37093148 
165 160 44 54 0.25761572 
831 388 14 17 0.17012621 
947 203 38 50 0.11418214 
761 211 27 31 0.07107704 
164 173 11 16 0.06258182 
460 196 16 19 0.06089162 
969 220 36 43 0.05952547 
658 149 44 62 0.053622767 
552 130 46 50 0.051323865 
100 220 13 16 0.04892451 
397 218 19 29 0.04609991 
925 292 51 65 0.03709415 
358 517 23 29 0.036266092 
100 240 19 20 0.035563968 
409 204 28 37 0.034775015 
404 220 25 29 0.0337307 
473 208 28 36 0.03299067 
9 211 17 24 0.031280745 
16 246 46 51 0.029594727 
39 31 13 16 0.029011449 
11 226 42 48 0.02878936 
447 200 22 33 0.028272487 
0 411 8 13 0.027289059 
352 539 12 14 0.026818968 
925 197 24 34 0.02580928 
262 212 61 75 0.02573046 
37 243 30 33 0.02553355 
58 78 37 50 0.024363462 
5 452 11 17 0.023680685 
792 399 12 14 0.022412777 
968 548 24 30 0.022297394 
173 211 36 44 0.02222895 
311 111 14 18 0.022049954 
196 180 27 38 0.021937575 
484 209 34 43 0.02168511 
424 189 19 23 0.02158581 
172 179 45 61 0.020937461 
917 188 23 31 0.0204164 
