2_Demonstration_Protesters_2_156
41
251 314 43 56 0.99569833 
613 338 46 55 0.9954052 
57 289 35 43 0.99320024 
432 320 47 66 0.9924535 
136 323 39 45 0.9890836 
739 439 52 54 0.9835565 
986 -1 38 50 0.624364 
777 130 17 21 0.10035082 
703 146 13 16 0.072326556 
658 207 15 20 0.05756765 
240 163 12 16 0.049926933 
0 313 19 33 0.048213255 
355 123 12 16 0.042808127 
566 253 10 15 0.041548282 
664 155 12 15 0.041041974 
0 416 29 44 0.04037599 
677 142 10 14 0.037610035 
686 142 10 14 0.036330327 
674 141 9 13 0.031582557 
672 133 9 12 0.031464357 
34 496 50 66 0.029986784 
97 139 14 17 0.028746432 
770 308 13 17 0.027814262 
677 124 10 12 0.027170029 
706 142 13 15 0.026738975 
101 164 12 14 0.026005782 
726 129 15 21 0.025743965 
627 113 17 22 0.025402542 
891 158 8 12 0.025329277 
672 126 10 12 0.02515223 
758 151 11 12 0.023978513 
687 122 10 13 0.023002023 
701 153 13 16 0.022634916 
703 133 12 14 0.021726683 
450 317 33 43 0.021528412 
798 142 9 12 0.020835739 
32 407 36 41 0.020769382 
704 128 9 13 0.02075283 
757 157 11 13 0.020606957 
799 149 8 12 0.02037867 
679 119 10 12 0.020275366 
