2_Demonstration_Demonstration_Or_Protest_2_183
25
289 327 95 118 0.9990972 
105 512 45 50 0.97014093 
797 430 21 25 0.32676616 
561 703 19 24 0.174195 
0 504 19 33 0.11353989 
216 621 28 37 0.09365639 
8 493 20 35 0.07317869 
16 513 39 57 0.06009442 
163 568 35 43 0.050365563 
831 807 21 29 0.0498247 
212 622 47 78 0.048303097 
693 462 12 16 0.041575167 
114 898 50 68 0.039239097 
691 467 17 21 0.034003492 
2 509 30 40 0.031694643 
842 591 51 63 0.030114835 
347 716 19 29 0.028119408 
212 653 11 14 0.025842126 
639 476 11 13 0.025273887 
4 497 16 24 0.025175799 
43 524 25 31 0.02486014 
18 529 16 19 0.022881748 
822 451 16 20 0.02282111 
126 529 33 40 0.021224076 
18 492 18 31 0.020064661 
