2_Demonstration_Political_Rally_2_746
173
585 89 68 83 0.9993672 
585 366 62 77 0.9989436 
851 2259 57 75 0.9989255 
511 353 63 82 0.9985973 
167 2366 90 103 0.99673057 
592 2298 31 37 0.9958081 
56 2333 42 57 0.9946043 
354 2323 88 100 0.99383634 
201 2255 39 52 0.9813027 
782 1345 70 101 0.9805459 
753 2325 32 35 0.9675676 
129 2304 39 47 0.9483373 
966 119 37 54 0.93135166 
644 2285 28 36 0.9226936 
278 208 18 21 0.8783463 
305 2278 26 34 0.8038323 
718 1371 41 57 0.717128 
862 141 12 15 0.6627323 
332 190 19 23 0.65093964 
268 196 13 15 0.6425878 
251 197 13 17 0.43058726 
405 1339 11 17 0.41510352 
832 189 12 15 0.36790657 
281 1332 29 40 0.3285042 
490 1345 13 16 0.30178252 
51 202 16 25 0.21836023 
460 1358 12 15 0.21710923 
300 2287 45 55 0.19068754 
341 2259 14 17 0.18172869 
76 1181 24 28 0.1740027 
444 1316 8 12 0.16053016 
322 228 15 18 0.15723787 
334 2263 25 33 0.13112009 
176 1330 12 17 0.12466305 
477 1310 21 28 0.1225189 
113 505 84 120 0.11230047 
354 214 14 17 0.109446675 
468 1357 11 14 0.10302966 
334 2280 27 40 0.089714 
86 1228 35 54 0.08739563 
-5 520 99 166 0.08442485 
617 1335 45 77 0.08001063 
668 407 36 45 0.07961082 
363 2260 13 17 0.079031706 
301 237 13 14 0.07899679 
323 2273 29 36 0.07830343 
289 1316 40 62 0.075420834 
363 1314 39 60 0.07077771 
618 317 39 50 0.06394082 
246 191 14 17 0.060426597 
177 1337 18 21 0.059025206 
686 1372 12 14 0.057100095 
708 1394 16 21 0.056703247 
498 2281 13 17 0.0564334 
702 1350 9 11 0.056122545 
282 2294 47 61 0.052879017 
110 1283 26 30 0.052297413 
409 1340 14 17 0.05052247 
635 1332 32 55 0.04990193 
242 196 11 14 0.048825104 
700 1356 10 13 0.044786625 
652 2280 35 46 0.04464502 
492 1074 12 14 0.0440859 
286 165 14 20 0.043054227 
45 192 14 25 0.042842545 
387 1275 12 15 0.042708434 
831 213 13 18 0.040753942 
727 2253 13 18 0.04061559 
829 198 16 22 0.04035092 
477 1343 9 13 0.040205546 
340 2289 29 44 0.040125974 
400 1333 11 16 0.03975357 
516 957 14 17 0.03925694 
-1 389 93 218 0.038661428 
719 1349 10 12 0.037669156 
340 2245 40 50 0.03731926 
713 1359 10 12 0.037009835 
429 1340 11 15 0.036956657 
261 201 12 15 0.03686832 
680 1406 18 23 0.035415437 
108 137 12 16 0.034293365 
992 103 27 42 0.03392849 
330 216 15 19 0.03385591 
228 1254 12 16 0.033800982 
506 201 435 536 0.032999907 
-1 410 47 81 0.032630246 
355 2257 22 28 0.032618903 
698 1351 9 12 0.031952795 
421 1340 14 17 0.03180205 
477 2294 33 43 0.031712044 
329 200 23 29 0.03106437 
683 1425 26 44 0.030866574 
880 245 12 16 0.030706042 
711 1364 12 15 0.03049349 
631 1314 30 46 0.030258931 
884 121 14 18 0.030086592 
855 121 11 15 0.030033102 
296 2191 16 21 0.029766856 
175 1280 9 11 0.029640172 
325 2302 77 106 0.029088845 
711 2279 21 35 0.02895907 
178 1321 17 22 0.028805658 
331 2292 19 27 0.028734349 
679 1374 10 14 0.028705318 
654 1348 22 33 0.028539142 
297 2283 71 102 0.028523348 
499 2288 41 52 0.028214753 
486 1068 15 17 0.02803156 
881 158 9 12 0.02801701 
301 2279 17 25 0.027985824 
270 228 11 14 0.02791102 
486 1317 19 26 0.02773985 
863 155 11 15 0.027412698 
400 1326 9 13 0.027373187 
458 1291 10 12 0.027344981 
412 1081 22 28 0.02711169 
93 1244 38 61 0.02700372 
247 199 21 26 0.026984658 
298 213 14 18 0.026695602 
397 1334 19 27 0.026675927 
165 1279 9 11 0.0258777 
99 1267 41 54 0.025803221 
301 1115 11 14 0.025729485 
290 1330 18 26 0.02561532 
686 1340 8 10 0.025442686 
704 1345 8 11 0.025412234 
681 1337 8 10 0.025376866 
274 196 14 16 0.025326353 
976 197 38 52 0.024736062 
518 1340 13 17 0.024680719 
664 1354 15 21 0.024175745 
182 1311 10 13 0.023885606 
458 1369 15 19 0.023858076 
174 2249 26 37 0.023758635 
381 1324 36 57 0.023752289 
721 198 20 22 0.02348955 
294 2276 15 24 0.02320303 
39 201 21 30 0.023091571 
328 225 16 21 0.02304718 
206 1297 13 19 0.02303248 
872 187 18 19 0.02287697 
261 2307 45 51 0.02277905 
501 1325 13 16 0.022610852 
471 1347 12 15 0.022296932 
460 1393 24 28 0.021836389 
176 1295 10 12 0.021764394 
94 180 9 12 0.021730065 
158 1300 11 14 0.021708114 
315 2231 24 28 0.021692535 
293 212 13 17 0.021607872 
268 199 20 24 0.02155809 
256 1236 12 15 0.021500451 
159 1279 10 12 0.021226915 
984 114 29 46 0.021196274 
510 1309 10 11 0.021151401 
708 1374 25 33 0.021123555 
4 412 68 119 0.021003062 
181 1315 14 17 0.020889556 
437 1073 16 20 0.020870494 
432 2295 38 56 0.02077528 
0 387 28 46 0.020705648 
708 1370 14 18 0.020641502 
311 1318 55 65 0.020598358 
415 1077 12 16 0.020456646 
2 1277 32 52 0.020446613 
684 1398 22 30 0.020407218 
251 2330 47 55 0.020304808 
685 1056 17 19 0.020256227 
250 1311 93 106 0.0202505 
263 1299 10 13 0.020128978 
477 119 9 10 0.020122964 
174 2246 12 16 0.020089522 
389 1341 12 17 0.02005375 
