2_Demonstration_Political_Rally_2_410
139
633 442 96 120 0.99928963 
3 527 62 75 0.99871695 
180 491 50 62 0.9976509 
250 495 71 92 0.99755114 
728 472 51 62 0.99748707 
467 455 37 42 0.99654335 
352 428 41 49 0.99472976 
931 445 31 40 0.99458414 
855 418 40 50 0.9916905 
504 489 38 52 0.99112684 
560 516 42 65 0.988865 
115 421 23 26 0.9568965 
805 447 22 26 0.851621 
832 427 15 20 0.8215711 
151 413 14 17 0.7856131 
954 430 23 28 0.5447618 
5 417 34 36 0.5235493 
508 427 19 23 0.5139418 
604 433 21 29 0.45215166 
942 438 29 37 0.37868497 
563 423 15 22 0.2556496 
205 416 15 17 0.24995856 
212 413 14 18 0.2393563 
147 393 10 11 0.23832701 
64 409 15 20 0.21829997 
100 399 11 14 0.20027398 
257 424 28 33 0.15361471 
48 380 14 17 0.15238902 
500 334 22 27 0.14762422 
170 376 8 11 0.1374616 
40 414 18 23 0.12802795 
176 412 10 12 0.1130409 
286 415 10 13 0.10174655 
180 421 12 16 0.08604961 
30 411 24 30 0.077436745 
561 419 12 20 0.06726182 
404 421 11 14 0.06415167 
969 290 10 13 0.062444054 
121 398 11 13 0.061167236 
557 383 16 23 0.058172155 
1005 364 18 33 0.053978525 
291 429 13 17 0.053739235 
401 462 29 38 0.05145561 
155 363 11 13 0.05061778 
795 441 36 48 0.04974213 
607 443 31 47 0.04927462 
218 414 14 20 0.047390837 
87 387 12 14 0.04731813 
250 412 9 12 0.04492254 
268 437 16 20 0.04431222 
280 426 23 29 0.04408424 
136 529 33 41 0.0438381 
982 407 9 11 0.042931076 
131 502 16 22 0.042200815 
51 411 15 21 0.040502902 
530 419 11 14 0.037434503 
229 429 14 18 0.03697828 
213 388 9 12 0.03675805 
74 412 15 19 0.03585454 
116 449 25 28 0.034775496 
285 628 44 51 0.034086004 
388 409 22 31 0.033427075 
160 397 11 13 0.033352003 
145 411 13 19 0.033339314 
491 325 20 26 0.0327997 
161 392 8 10 0.032696202 
122 402 12 15 0.032404862 
610 419 15 18 0.032342497 
155 405 14 18 0.031169208 
91 429 14 17 0.030261414 
122 374 13 15 0.02988156 
178 395 8 11 0.02988075 
569 427 17 23 0.029479368 
995 427 12 15 0.02932819 
812 421 13 15 0.029073497 
315 359 11 14 0.028782843 
329 418 10 13 0.028398301 
976 411 11 12 0.028150938 
995 615 27 41 0.02795642 
599 441 25 38 0.027883152 
273 433 16 21 0.027832048 
549 413 11 15 0.027115105 
935 614 66 67 0.027047448 
486 324 16 19 0.026976276 
142 384 12 15 0.026798297 
576 425 17 22 0.026503177 
85 393 12 16 0.02645738 
413 460 24 32 0.026451614 
575 390 11 14 0.026007582 
545 390 24 31 0.025858728 
518 152 24 29 0.025748776 
152 372 12 14 0.025572859 
181 409 10 12 0.025030758 
982 412 10 12 0.02464925 
187 419 13 18 0.024464129 
984 419 10 14 0.024440175 
603 417 25 32 0.02430935 
437 406 10 14 0.024253828 
219 407 14 18 0.024250934 
958 425 14 16 0.024104504 
577 469 50 70 0.024004273 
171 379 10 12 0.023955056 
799 461 26 38 0.023613065 
292 420 12 16 0.02343165 
14 404 40 48 0.023131792 
404 102 15 19 0.022951651 
209 385 9 11 0.022873262 
432 421 9 11 0.022741208 
98 498 40 51 0.02273847 
410 478 17 21 0.022702528 
805 478 14 19 0.02267823 
312 415 8 10 0.022644812 
219 474 48 64 0.022426758 
560 430 13 20 0.02210144 
1007 634 13 17 0.021977333 
397 421 16 22 0.021628506 
228 386 11 14 0.0215574 
362 211 453 550 0.021403478 
538 404 25 31 0.021393897 
217 420 21 28 0.021370497 
292 414 10 13 0.021333387 
545 419 10 13 0.021318858 
584 323 53 76 0.021313423 
339 366 8 9 0.021271763 
264 412 12 15 0.021250406 
334 308 10 13 0.021102205 
38 380 11 15 0.020908732 
844 402 12 16 0.020863287 
190 413 11 15 0.02082295 
558 414 11 18 0.020796191 
421 549 9 12 0.020737696 
164 427 14 17 0.020732373 
14 372 28 31 0.020649865 
232 502 60 72 0.020625448 
199 405 12 15 0.020372665 
432 393 7 9 0.020340323 
344 366 7 10 0.02023343 
599 440 16 21 0.020121904 
1008 414 9 11 0.020034775 
