2_Demonstration_Protesters_2_86
567
807 321 27 33 0.9989151 
118 339 28 33 0.9986659 
679 412 35 41 0.9980982 
460 374 36 43 0.9980299 
284 333 28 37 0.997934 
321 366 31 38 0.99782 
900 371 31 38 0.9976041 
729 340 29 38 0.9975496 
492 315 25 32 0.99747354 
598 327 26 34 0.99712014 
966 351 33 40 0.9970952 
219 331 24 29 0.99438524 
47 481 45 54 0.9937543 
40 592 79 84 0.9934331 
182 371 38 42 0.99246985 
354 473 45 53 0.99049133 
657 277 17 23 0.9904364 
677 307 24 32 0.9884304 
330 300 20 24 0.9867797 
72 312 23 27 0.9844146 
391 333 23 27 0.9830935 
186 314 21 28 0.98189217 
540 440 42 54 0.9817778 
566 287 18 22 0.9774759 
151 272 14 19 0.9769875 
23 296 23 27 0.9758666 
130 272 15 18 0.9745772 
606 269 16 21 0.972672 
803 422 41 42 0.9720354 
95 278 19 23 0.971084 
277 292 16 20 0.96711004 
399 245 9 13 0.9661546 
931 324 25 28 0.9658919 
764 299 20 26 0.96512693 
122 297 19 22 0.96400416 
447 266 16 22 0.96206397 
966 557 52 57 0.9618822 
533 300 20 25 0.95771897 
979 305 20 24 0.9462145 
783 276 14 20 0.94580823 
451 299 20 25 0.94387627 
892 303 18 22 0.9433197 
55 277 19 24 0.9328853 
247 254 15 19 0.9319797 
862 263 14 18 0.92702883 
771 248 14 17 0.9251885 
680 268 17 20 0.9237975 
726 293 17 21 0.91030973 
330 265 13 17 0.90481573 
651 245 11 14 0.90072465 
839 284 16 20 0.8971591 
294 273 14 18 0.89387727 
66 185 13 18 0.88385606 
621 255 13 17 0.8829923 
883 251 12 16 0.88051647 
0 279 14 21 0.86597526 
531 278 17 21 0.8549179 
898 234 12 15 0.8518087 
968 262 12 15 0.84781885 
402 302 19 22 0.84480315 
916 290 17 22 0.84031665 
360 272 14 18 0.83304995 
571 242 11 14 0.8254226 
0 361 17 34 0.82250625 
513 261 15 19 0.8213443 
135 232 12 15 0.80618393 
463 248 12 15 0.76962346 
203 272 17 21 0.7536179 
129 181 10 11 0.74232167 
1007 259 15 19 0.7387888 
428 257 13 16 0.7213668 
103 194 10 13 0.7003653 
826 301 16 22 0.6820361 
102 245 12 16 0.6555238 
274 226 11 15 0.6552102 
815 265 10 13 0.63600767 
291 229 10 13 0.61229265 
588 229 12 16 0.59887564 
26 262 13 18 0.56849235 
670 223 10 12 0.5668493 
307 233 11 15 0.55916584 
185 233 11 13 0.55751735 
740 275 14 17 0.5032667 
511 243 10 13 0.48210716 
575 270 12 15 0.4737884 
281 247 11 13 0.47359028 
524 236 8 11 0.44175386 
701 251 11 14 0.43841815 
965 217 8 11 0.4344824 
423 240 10 12 0.42620233 
549 231 9 12 0.40438792 
220 228 10 12 0.3753531 
358 232 10 12 0.3642987 
952 227 9 12 0.34620994 
933 263 10 12 0.34515074 
909 261 12 15 0.33813402 
483 254 13 16 0.32908776 
93 179 15 16 0.31868616 
155 235 14 16 0.31575972 
321 253 11 13 0.29798475 
459 230 11 14 0.2932459 
921 232 9 11 0.28888378 
48 183 12 13 0.2736812 
158 255 10 12 0.27266926 
742 243 11 14 0.25835076 
873 223 10 14 0.25365353 
21 196 11 14 0.2330361 
668 239 10 13 0.2322567 
1011 299 13 20 0.23012461 
270 269 13 16 0.21216351 
222 213 8 11 0.20033373 
945 279 10 12 0.1960379 
986 251 13 16 0.19145043 
204 211 10 14 0.18863067 
702 230 11 14 0.18643399 
333 331 13 17 0.1850657 
571 314 13 18 0.18453114 
72 266 14 17 0.18450741 
627 314 18 20 0.18375775 
540 245 9 13 0.18199939 
936 292 11 15 0.1813384 
885 208 9 11 0.1783457 
255 230 10 13 0.16834284 
631 229 9 12 0.16803788 
233 233 10 11 0.1673077 
790 255 10 12 0.16645446 
839 241 11 14 0.16423234 
938 236 10 12 0.16198137 
604 239 10 12 0.15540713 
583 254 11 14 0.14821734 
975 243 10 13 0.1482076 
191 269 26 28 0.14218093 
606 222 9 11 0.13966702 
760 238 11 14 0.13463557 
817 212 10 13 0.13323463 
767 244 14 17 0.1309484 
336 217 7 10 0.124350786 
542 213 8 12 0.123621784 
535 230 7 10 0.123227105 
919 236 10 13 0.11684366 
156 242 13 17 0.11505349 
670 200 8 10 0.11259124 
915 276 14 18 0.10934548 
748 282 13 17 0.109304994 
899 214 9 12 0.10727208 
578 213 8 10 0.102667525 
958 243 10 13 0.1024266 
263 254 12 14 0.101881705 
758 328 22 30 0.10151771 
325 232 10 11 0.10119131 
727 255 12 14 0.09943294 
153 189 10 13 0.097275525 
982 285 12 15 0.09698057 
766 279 11 13 0.09638928 
375 252 10 13 0.09596789 
181 175 8 10 0.095816724 
718 229 8 11 0.094778135 
35 183 10 12 0.09323615 
317 222 9 10 0.09205679 
949 298 13 16 0.091577955 
636 228 11 14 0.09114921 
677 253 10 13 0.089978285 
664 221 11 13 0.08882901 
200 231 9 11 0.088438444 
30 338 15 21 0.08390351 
837 182 12 15 0.08069987 
74 271 16 21 0.08030314 
61 252 12 14 0.0789954 
693 247 12 14 0.07851261 
1006 239 11 13 0.076148175 
965 273 15 19 0.07564921 
357 216 8 11 0.073651716 
261 235 10 13 0.07163307 
872 357 26 33 0.0711526 
876 346 22 26 0.07063641 
353 217 9 11 0.070136495 
402 228 8 11 0.06861626 
444 252 11 13 0.06843448 
944 244 8 10 0.06769999 
690 247 9 12 0.06749519 
881 210 10 13 0.06645158 
117 243 10 14 0.064943574 
221 223 11 13 0.06491522 
630 239 9 12 0.06477672 
606 243 10 14 0.064717606 
494 229 9 11 0.064610004 
887 198 9 11 0.06354836 
734 269 16 18 0.06335027 
174 216 9 12 0.063307 
924 199 10 13 0.06294223 
53 374 13 17 0.06277119 
468 469 12 17 0.061395567 
233 201 7 9 0.06127313 
961 220 10 12 0.06065708 
936 193 9 10 0.059543494 
487 214 8 11 0.05883171 
677 224 9 11 0.05820535 
193 192 9 11 0.056954928 
579 272 12 17 0.05689194 
745 206 8 10 0.056411542 
207 253 12 14 0.055223286 
798 253 10 12 0.054961123 
987 230 9 12 0.05484919 
369 229 9 11 0.054785483 
197 193 8 10 0.054694094 
246 215 8 11 0.05439434 
852 227 10 13 0.05375279 
843 344 16 19 0.053673673 
832 186 11 13 0.05360392 
874 197 7 10 0.053586196 
222 246 11 13 0.053197157 
190 259 14 17 0.05315877 
560 206 8 9 0.052795287 
495 406 41 55 0.05189077 
405 228 10 13 0.05181032 
686 228 9 11 0.050498277 
983 219 10 13 0.050490826 
744 223 7 9 0.050322954 
157 212 9 11 0.05021665 
846 205 8 11 0.049948983 
855 300 12 15 0.04951827 
429 225 8 10 0.049457584 
632 197 8 10 0.047919407 
279 211 10 13 0.047844958 
917 242 12 14 0.047780305 
128 254 9 12 0.047763336 
921 203 10 13 0.04750124 
166 234 11 14 0.04741307 
154 254 10 12 0.04719209 
390 444 33 43 0.047166202 
305 205 8 11 0.047070988 
702 273 14 19 0.04706776 
731 259 13 15 0.046796333 
0 354 13 24 0.04658944 
520 204 8 9 0.046539284 
727 231 9 11 0.046515267 
189 212 8 11 0.045761194 
638 205 8 11 0.045704205 
99 176 13 16 0.0456227 
879 247 13 16 0.045500524 
254 225 9 11 0.045085914 
358 254 10 12 0.04474423 
165 491 51 60 0.044194423 
520 232 9 11 0.043804202 
921 191 8 10 0.043481868 
446 207 10 13 0.043378837 
490 222 8 10 0.043180488 
456 223 10 12 0.04295466 
85 189 9 12 0.042836506 
912 244 9 12 0.042782273 
153 184 9 11 0.042768378 
420 358 12 15 0.04275464 
700 332 21 27 0.04223199 
855 201 8 9 0.041414525 
914 221 8 11 0.040920496 
1004 309 20 30 0.0407538 
703 224 9 12 0.040474936 
561 254 9 13 0.040365696 
61 247 22 25 0.04031019 
989 222 10 12 0.040268853 
184 207 7 9 0.039921045 
488 230 8 12 0.039865397 
68 274 15 20 0.039459135 
201 245 10 12 0.039439686 
774 158 11 14 0.039092116 
267 261 14 17 0.039076895 
330 221 8 10 0.039053485 
769 327 16 24 0.03901233 
798 236 8 11 0.03886212 
384 268 11 14 0.038852114 
781 207 7 9 0.038595922 
110 240 12 14 0.038588148 
139 275 13 16 0.03828126 
328 214 9 12 0.037912033 
622 361 37 53 0.037826996 
438 252 11 14 0.037650753 
902 265 14 17 0.037628 
541 208 10 12 0.037472393 
605 226 11 14 0.037339352 
426 243 13 15 0.03718943 
44 260 12 16 0.037038155 
260 297 11 17 0.036903307 
781 227 10 13 0.036901254 
89 180 11 14 0.03677847 
287 213 8 10 0.036777385 
496 254 10 14 0.036761023 
388 261 10 13 0.03666773 
382 276 10 13 0.03660594 
910 191 7 10 0.03639698 
183 191 8 10 0.036377523 
76 175 11 13 0.03629789 
366 294 12 15 0.036091782 
617 253 12 15 0.035911612 
743 249 11 15 0.03587591 
622 213 9 12 0.03585812 
588 258 10 13 0.035840165 
322 230 9 11 0.035754178 
934 275 12 15 0.035751563 
887 220 10 14 0.035636976 
552 356 12 15 0.035454564 
782 253 11 14 0.035287336 
560 238 9 12 0.035240345 
7 180 9 12 0.035183202 
924 150 10 14 0.03502222 
697 237 10 11 0.034644473 
429 415 33 48 0.034472533 
848 222 11 14 0.034260456 
15 223 7 11 0.034258135 
623 209 7 9 0.034141544 
919 254 10 12 0.034049228 
497 239 8 10 0.03401351 
494 224 8 11 0.034009166 
828 401 11 13 0.033838198 
955 298 13 16 0.033531286 
592 126 10 13 0.03352821 
619 214 7 10 0.03352626 
399 284 9 13 0.033513278 
902 403 47 64 0.03331561 
357 259 14 18 0.033260223 
929 266 12 15 0.033211213 
952 244 9 11 0.033087563 
837 339 16 19 0.03304717 
880 238 10 12 0.033022474 
303 253 9 11 0.032849364 
857 205 8 11 0.03279295 
606 216 9 10 0.032668836 
602 243 9 13 0.032654993 
295 214 8 9 0.032633834 
376 285 10 12 0.032470167 
21 183 8 10 0.032462306 
737 205 8 10 0.032444805 
925 274 13 17 0.03231101 
877 197 9 11 0.032284405 
205 257 16 19 0.032228947 
162 252 12 15 0.03221417 
408 282 11 15 0.031925622 
727 236 11 14 0.031852547 
406 261 10 14 0.03181801 
848 200 9 11 0.031634144 
189 265 17 21 0.031457886 
246 185 9 10 0.031414244 
972 281 16 20 0.03133336 
880 256 13 17 0.031290367 
697 231 10 12 0.031163607 
353 259 10 15 0.031160805 
309 206 8 11 0.030885406 
862 207 9 11 0.030836413 
709 406 26 33 0.03070312 
247 220 9 12 0.030667322 
761 206 8 11 0.030656977 
222 284 12 14 0.03059537 
199 196 8 11 0.030488973 
692 329 15 20 0.030404212 
335 238 8 11 0.030321022 
912 282 19 23 0.030188205 
776 226 10 13 0.030062404 
326 248 11 14 0.029913852 
120 198 9 10 0.029690353 
1000 244 11 13 0.029539712 
925 190 9 10 0.029503483 
384 464 33 40 0.029400542 
107 249 12 15 0.02925159 
481 232 8 11 0.029202832 
680 227 9 12 0.029076552 
860 293 11 15 0.029064156 
678 260 15 19 0.02884971 
568 223 9 11 0.028643236 
87 222 10 13 0.028569775 
206 231 8 10 0.028539322 
756 283 13 17 0.028401747 
942 230 9 13 0.028362364 
150 300 14 18 0.028124873 
558 332 12 15 0.028124157 
751 255 9 12 0.02798966 
853 304 15 21 0.02798744 
512 188 8 11 0.027974866 
95 237 14 18 0.027922142 
599 297 13 17 0.027846424 
941 196 8 10 0.02771894 
940 550 60 67 0.027652923 
707 251 12 15 0.027364278 
943 323 18 23 0.027297702 
425 228 10 12 0.027262576 
261 327 20 28 0.027218081 
719 232 11 15 0.027149837 
631 335 15 21 0.027131848 
205 246 11 13 0.027112108 
583 207 9 11 0.027046224 
514 270 14 18 0.02704255 
887 228 9 13 0.027037097 
841 206 10 12 0.027017461 
513 225 6 8 0.02695854 
379 246 10 13 0.02683831 
253 284 10 13 0.026792498 
838 231 11 14 0.0267868 
380 252 10 12 0.026683833 
734 232 8 9 0.026668705 
514 229 7 9 0.026573613 
418 237 9 12 0.026535962 
871 251 11 14 0.026518509 
117 165 9 13 0.026511181 
485 248 12 14 0.026278421 
713 229 9 13 0.026260262 
139 438 45 59 0.026238466 
891 366 29 36 0.026123663 
229 246 11 14 0.026112355 
401 260 10 14 0.026108097 
597 231 11 13 0.0261036 
370 222 9 12 0.025934516 
172 236 9 12 0.025799481 
311 252 9 13 0.025751358 
264 176 8 10 0.02572274 
630 193 8 10 0.025671564 
910 294 17 22 0.025642743 
798 260 10 12 0.025470663 
657 221 10 12 0.025434058 
369 216 8 10 0.025375638 
996 250 13 16 0.025367398 
18 192 9 11 0.025199363 
726 244 12 16 0.025157748 
968 245 10 13 0.025044935 
737 429 26 32 0.025042953 
74 215 9 12 0.025000429 
994 321 16 23 0.02499658 
292 233 11 15 0.024960674 
0 456 18 40 0.024867155 
662 217 10 12 0.024852797 
516 312 16 23 0.02483228 
925 244 10 13 0.024763165 
737 221 8 10 0.024752429 
74 252 14 17 0.024747303 
422 429 32 45 0.02465922 
503 244 10 13 0.02460345 
903 207 9 11 0.024566095 
910 204 9 12 0.024562746 
503 228 8 10 0.024553735 
810 262 11 14 0.024540216 
535 248 12 16 0.024533415 
202 207 9 12 0.024367765 
152 230 12 15 0.024340414 
633 318 15 20 0.024271173 
864 245 9 12 0.024264561 
397 433 28 34 0.024258982 
37 260 13 16 0.024222912 
454 208 8 11 0.024204955 
609 251 9 13 0.024158135 
231 261 10 13 0.024102787 
490 415 29 39 0.02404525 
119 251 12 16 0.02401215 
982 203 11 13 0.024001747 
921 328 33 39 0.023956766 
496 243 10 13 0.023955781 
796 300 11 13 0.023731979 
840 159 9 11 0.023718826 
690 206 7 10 0.023710592 
966 262 19 25 0.023702355 
664 183 10 12 0.023614373 
869 351 18 20 0.023579018 
143 253 11 15 0.02357753 
426 311 15 17 0.023464069 
159 195 9 12 0.023452695 
870 460 14 17 0.02345137 
77 219 10 13 0.023449693 
528 285 24 26 0.023419848 
753 516 70 92 0.0234145 
205 237 10 13 0.023408791 
989 235 11 12 0.023273999 
830 237 11 14 0.023271658 
721 412 18 23 0.023264393 
574 220 10 12 0.023206955 
865 305 20 28 0.02320457 
845 514 30 41 0.023159884 
754 484 32 49 0.023144074 
715 567 14 18 0.023134513 
875 304 20 27 0.023107039 
912 215 9 12 0.023094947 
1005 207 9 11 0.023081716 
695 207 8 11 0.023070225 
367 253 12 14 0.023064766 
188 423 24 35 0.023006923 
739 432 15 20 0.022920234 
565 253 11 14 0.022905013 
630 275 13 17 0.022880362 
747 297 15 19 0.022880105 
343 216 6 9 0.02279597 
39 254 11 13 0.022770727 
107 181 11 13 0.022661883 
593 418 32 35 0.02261629 
613 239 10 11 0.022588653 
844 181 12 14 0.022587622 
230 300 11 15 0.022585915 
647 204 8 11 0.022538744 
736 237 11 14 0.022500109 
1001 238 11 13 0.022488622 
638 200 8 11 0.022434162 
982 246 11 14 0.022253303 
518 225 7 9 0.022123467 
719 269 11 14 0.022121023 
355 235 9 12 0.02201116 
638 235 10 13 0.021975983 
766 190 7 9 0.021964844 
352 267 11 16 0.021945076 
559 245 10 12 0.021890702 
404 460 17 21 0.021867132 
998 174 8 10 0.021861162 
526 244 10 14 0.021846892 
413 353 22 27 0.021839663 
514 200 7 10 0.021790352 
892 197 10 11 0.021782879 
501 283 12 15 0.021709448 
974 297 35 45 0.021709157 
762 190 7 9 0.021708278 
857 304 19 26 0.021632705 
450 222 8 11 0.021620553 
380 284 10 12 0.021559965 
633 214 9 11 0.02143708 
130 230 11 14 0.021420568 
953 238 10 13 0.021416565 
448 351 9 12 0.021392385 
998 298 15 21 0.02127851 
911 198 9 12 0.021258838 
372 257 13 17 0.021234533 
605 495 34 47 0.021218626 
700 312 15 23 0.02114584 
820 208 11 14 0.021134784 
627 196 7 10 0.0211203 
211 279 14 20 0.021115892 
486 236 9 10 0.02108367 
120 388 13 19 0.02105057 
815 304 24 27 0.020981953 
928 288 20 24 0.020961199 
697 246 19 23 0.020925239 
1015 222 8 11 0.020912144 
191 279 14 18 0.020892417 
744 230 8 11 0.020889176 
902 472 13 15 0.020873943 
265 191 8 10 0.020866128 
639 259 11 14 0.020862889 
415 252 10 15 0.020814814 
815 357 21 27 0.020797854 
648 239 12 16 0.020792099 
111 172 10 13 0.02075651 
913 338 27 33 0.020754075 
689 238 8 12 0.020735199 
814 174 9 12 0.02068592 
915 268 12 17 0.020683948 
759 277 13 15 0.020607844 
167 197 8 10 0.020599002 
535 166 8 11 0.020563608 
806 247 9 11 0.020555174 
551 225 9 12 0.020549359 
751 223 8 10 0.020512216 
477 304 15 20 0.020497283 
622 317 17 23 0.020487139 
975 231 7 10 0.020444926 
905 190 7 9 0.020442843 
750 237 10 13 0.020424614 
143 190 9 12 0.020406391 
550 192 9 10 0.020381369 
319 215 8 11 0.020333666 
936 206 8 10 0.020308744 
846 187 11 13 0.020192087 
823 238 10 13 0.020166734 
526 252 10 14 0.020143824 
404 426 38 54 0.020136887 
657 215 8 11 0.020132799 
831 229 10 13 0.020046633 
