2_Demonstration_Political_Rally_2_204
118
766 386 11 13 0.7477827 
494 397 13 16 0.6841243 
55 406 12 15 0.5129356 
223 432 13 17 0.5054935 
404 388 12 15 0.4445619 
339 395 12 15 0.43156803 
923 388 9 13 0.3949348 
134 430 13 16 0.32896572 
838 389 10 14 0.3075081 
798 388 10 13 0.2757582 
579 394 11 15 0.24265999 
203 428 12 15 0.24084212 
422 391 10 13 0.21793354 
189 426 9 12 0.17427959 
465 393 10 12 0.16718799 
621 398 9 12 0.1631603 
382 391 11 14 0.1421895 
173 431 12 13 0.14186175 
278 403 10 12 0.1417211 
203 421 13 15 0.113064446 
1001 385 9 11 0.108204186 
744 403 11 15 0.09369857 
526 400 12 14 0.09331101 
664 381 9 11 0.082891464 
248 430 9 11 0.081403404 
823 406 11 13 0.07957362 
319 395 11 14 0.07423512 
662 390 9 12 0.07210324 
320 388 12 15 0.06963615 
615 75 15 18 0.067541264 
417 374 9 11 0.06365349 
446 398 9 11 0.06359463 
487 397 13 15 0.06314395 
398 403 11 14 0.061785534 
399 396 12 16 0.058358844 
286 406 10 12 0.057915546 
22 402 11 14 0.057875454 
250 421 10 13 0.056540757 
414 390 10 14 0.053423308 
240 431 12 13 0.050986 
662 394 12 14 0.05001424 
672 391 9 12 0.048465297 
761 383 12 14 0.04813714 
793 388 10 12 0.047670983 
783 391 9 12 0.04691152 
168 431 11 13 0.04596059 
861 389 9 11 0.043755837 
183 428 10 13 0.04351889 
116 429 11 14 0.042339455 
871 372 8 13 0.04168479 
112 455 12 16 0.040765796 
150 428 9 12 0.040295545 
243 437 9 12 0.040057167 
159 428 10 13 0.040036514 
872 382 11 14 0.03963272 
894 382 9 12 0.03857438 
810 396 8 11 0.03823953 
500 401 12 16 0.038225893 
99 420 12 17 0.038220044 
839 384 11 14 0.03802293 
765 391 13 17 0.03757178 
388 390 10 14 0.03707968 
428 387 12 15 0.036664393 
806 390 9 12 0.034208834 
669 395 11 13 0.033609357 
549 397 11 15 0.033159703 
935 437 11 13 0.03287555 
792 384 9 11 0.032744225 
176 422 10 14 0.03183141 
237 415 10 12 0.03174331 
876 387 10 12 0.031628788 
848 368 7 9 0.03132838 
484 389 12 14 0.030802073 
324 383 12 15 0.030613936 
274 399 9 12 0.030150257 
904 383 9 11 0.030040603 
111 435 10 12 0.030002598 
430 380 13 16 0.029775068 
183 422 11 13 0.029748462 
946 399 8 10 0.029675702 
549 389 12 14 0.028886553 
814 391 9 12 0.027665423 
943 384 7 10 0.027384844 
520 399 10 12 0.027118476 
896 449 8 9 0.02701839 
214 428 12 17 0.02638282 
249 415 10 13 0.025040384 
310 397 9 12 0.0247416 
295 388 9 12 0.024421176 
417 394 9 14 0.024306657 
828 411 10 14 0.024071945 
770 384 11 12 0.023925621 
798 395 10 13 0.023858361 
596 386 15 19 0.023679499 
843 388 10 13 0.023664774 
168 429 21 24 0.02336008 
621 392 10 12 0.022993606 
842 366 7 10 0.022967203 
894 454 7 9 0.022577204 
699 380 9 12 0.022557028 
234 415 8 12 0.022344809 
889 388 10 13 0.022249289 
127 436 10 13 0.022157433 
423 381 12 14 0.02185523 
712 412 9 13 0.021510536 
510 398 10 12 0.021178633 
988 388 11 15 0.021015443 
279 413 11 14 0.020764269 
909 381 9 12 0.020714283 
688 407 9 12 0.020535048 
377 395 11 14 0.020521404 
284 411 11 13 0.020397164 
639 379 11 14 0.020340296 
485 412 11 13 0.02028025 
938 383 7 10 0.020231815 
950 398 8 11 0.020169454 
976 411 9 12 0.020060038 
817 384 8 9 0.020017363 
