2_Demonstration_Demonstrators_2_188
90
221 347 49 57 0.99816185 
375 460 91 120 0.99774605 
875 363 32 42 0.9972709 
225 242 34 43 0.9971902 
483 384 38 47 0.9956684 
4 422 35 47 0.9954614 
288 338 37 50 0.99114287 
190 289 32 43 0.9908274 
782 1079 106 118 0.9819115 
152 409 41 57 0.95449275 
855 224 21 26 0.8456363 
1007 363 14 17 0.5162035 
303 275 25 37 0.47029006 
109 354 16 21 0.35745496 
513 335 23 25 0.26976854 
978 373 16 20 0.26709887 
388 347 35 42 0.18955739 
818 280 36 43 0.16105613 
695 1369 167 169 0.14975552 
989 341 13 17 0.123718 
958 380 12 15 0.1235667 
151 965 28 42 0.11939646 
22 397 24 30 0.11803635 
965 403 25 38 0.116274714 
890 332 15 17 0.11463392 
920 372 21 25 0.10750566 
545 407 21 35 0.09020427 
357 354 22 28 0.08452714 
627 373 26 28 0.080074534 
1004 365 19 28 0.07213786 
912 363 24 30 0.06933259 
930 377 15 18 0.06526044 
1 396 14 17 0.063097574 
615 383 27 31 0.05768699 
921 363 17 19 0.05157628 
921 383 22 26 0.048078764 
911 326 12 14 0.04672337 
54 427 41 52 0.045620672 
9 399 24 30 0.045038126 
215 0 65 57 0.04440573 
12 350 17 22 0.043440554 
775 1361 151 186 0.04256717 
21 409 28 41 0.041857276 
89 135 30 40 0.041321747 
562 405 35 42 0.039867576 
780 1043 190 212 0.038590547 
99 146 26 40 0.037517425 
0 400 18 29 0.036500134 
511 494 11 14 0.03539209 
530 330 13 20 0.035282608 
148 1255 245 308 0.035074253 
501 339 32 34 0.03391334 
498 536 68 71 0.03247746 
677 332 43 57 0.02976817 
610 408 34 45 0.029239068 
611 391 20 23 0.02908179 
722 355 43 58 0.028283149 
985 372 15 19 0.02793677 
906 396 17 21 0.027375294 
685 353 46 56 0.026848175 
101 144 15 19 0.02645935 
86 385 14 18 0.026150579 
579 415 29 40 0.026109055 
110 160 17 24 0.025895448 
1007 331 14 17 0.024315558 
993 343 16 19 0.024226885 
927 394 17 20 0.023708219 
3 352 23 34 0.02367615 
540 416 33 48 0.0234574 
796 351 39 57 0.023090027 
916 391 24 30 0.022864435 
346 56 10 12 0.022399219 
232 -1 36 34 0.022231968 
750 306 25 33 0.022126256 
394 327 39 52 0.02195105 
140 256 25 31 0.021731667 
945 332 11 14 0.021100044 
189 616 56 66 0.021001404 
15 402 166 266 0.02098041 
915 329 12 14 0.020866586 
89 484 64 61 0.020851992 
997 374 28 45 0.020757256 
403 345 18 22 0.020561438 
75 425 41 56 0.020450208 
46 385 16 18 0.020339593 
999 370 14 19 0.020314334 
595 420 26 38 0.020261595 
942 411 24 26 0.020232746 
163 226 22 29 0.020187654 
962 385 13 17 0.020129343 
