2_Demonstration_Demonstration_Or_Protest_2_615
56
825 250 29 34 0.996707 
118 251 34 41 0.9961112 
896 244 30 33 0.99604404 
760 256 26 31 0.9957949 
2 267 34 40 0.9948066 
558 242 26 33 0.9947325 
36 249 34 41 0.9945416 
943 246 29 33 0.99393106 
429 251 32 39 0.992808 
287 219 34 40 0.99218315 
505 268 25 31 0.9858969 
610 258 24 31 0.95962125 
677 256 20 26 0.64053655 
177 247 30 35 0.6023717 
652 267 21 29 0.16458963 
134 247 25 34 0.15228909 
494 239 21 26 0.11596071 
145 246 21 29 0.09752689 
362 200 37 47 0.09228404 
534 281 25 29 0.07429413 
375 206 37 51 0.07115466 
510 209 443 599 0.067833565 
719 269 19 23 0.058318235 
390 213 27 36 0.04685846 
27 256 28 35 0.041221704 
670 259 17 19 0.034005508 
575 274 11 15 0.032428686 
646 265 36 47 0.03232938 
342 188 49 65 0.030948428 
533 252 24 31 0.030384906 
856 257 24 30 0.030144796 
844 165 11 14 0.028211053 
173 250 18 22 0.027946008 
397 220 16 22 0.027548298 
796 221 34 42 0.026606636 
511 271 37 47 0.026598122 
404 226 38 50 0.026035173 
206 162 12 13 0.025041793 
480 246 23 30 0.024871811 
471 254 23 29 0.024651714 
317 158 43 57 0.02414602 
524 281 41 49 0.02410291 
424 219 11 14 0.024081256 
181 245 43 53 0.023548193 
302 265 16 21 0.023529263 
652 261 17 21 0.023506707 
169 144 213 228 0.022995373 
925 243 14 21 0.022943942 
422 213 10 14 0.022797199 
66 323 32 31 0.022695325 
532 269 22 31 0.022190161 
324 171 49 67 0.021889433 
188 225 43 55 0.020517508 
619 255 14 18 0.020388782 
626 264 16 22 0.020264799 
533 242 16 18 0.020218283 
