57_Angler_peoplefishing_57_868
28
631 670 178 237 0.9992624 
193 690 66 81 0.2589871 
863 1416 103 104 0.245724 
46 867 53 82 0.112962954 
132 544 49 59 0.0989765 
111 44 133 152 0.08374193 
653 551 159 146 0.06486003 
611 1184 59 60 0.047956012 
527 996 172 234 0.04367098 
705 644 136 170 0.04301721 
533 986 108 94 0.037911527 
238 108 454 527 0.03455326 
263 818 69 103 0.031812456 
408 -8 99 121 0.03158573 
114 511 105 89 0.03125637 
690 1103 41 38 0.029806191 
268 30 129 177 0.027970172 
104 1184 52 60 0.02771156 
68 667 54 72 0.027358947 
-3 109 194 259 0.026897559 
118 600 107 135 0.024483765 
154 636 102 136 0.023576291 
566 1101 112 135 0.023080735 
13 192 95 159 0.021648522 
250 452 38 50 0.021020306 
216 702 40 48 0.02077984 
545 1125 50 59 0.020699644 
768 173 23 29 0.020346126 
