57_Angler_peoplefishing_57_139
152
241 339 12 17 0.96444947 
661 259 12 16 0.92666405 
200 319 12 16 0.9259545 
624 298 13 17 0.8786586 
411 347 16 18 0.855584 
551 314 14 18 0.8446245 
781 252 11 14 0.75237143 
179 339 12 16 0.611989 
515 298 12 15 0.57070804 
671 323 11 13 0.47215044 
851 345 12 16 0.4548304 
756 354 11 15 0.45239338 
689 275 11 14 0.43236908 
556 308 13 17 0.40664458 
795 381 12 15 0.4051175 
677 294 11 15 0.38613963 
710 277 13 16 0.3590112 
431 305 11 15 0.322767 
477 338 10 13 0.29958203 
817 295 11 14 0.25925225 
681 387 9 12 0.24969564 
700 300 11 14 0.21110408 
390 366 11 15 0.19061415 
808 312 12 14 0.18662725 
699 352 14 17 0.17122167 
355 381 11 14 0.15926847 
618 324 11 14 0.15877633 
653 285 9 12 0.15573429 
332 379 10 13 0.13388275 
889 234 10 13 0.109551564 
476 380 13 16 0.1075956 
435 303 12 14 0.10464502 
716 446 14 18 0.10262883 
325 367 9 12 0.10246071 
424 373 11 16 0.09573354 
896 308 12 16 0.08795753 
823 332 10 13 0.08502631 
662 301 9 11 0.07944908 
965 324 11 14 0.078786135 
816 334 10 13 0.074645616 
669 328 13 16 0.071400724 
296 334 10 15 0.07029983 
660 346 13 16 0.070002355 
675 319 10 13 0.06534526 
599 318 11 14 0.06320405 
975 351 10 14 0.06186052 
714 312 16 19 0.059151243 
424 301 12 18 0.058700655 
780 302 12 16 0.05742817 
741 301 12 14 0.055100013 
544 382 9 12 0.052832007 
646 357 14 17 0.05254457 
809 348 9 14 0.0515862 
829 333 9 12 0.04831177 
770 286 10 13 0.048096128 
830 285 10 12 0.045237128 
673 298 11 13 0.043520294 
791 375 14 17 0.043495234 
472 351 10 14 0.042861983 
911 233 12 15 0.042583194 
435 371 13 19 0.042175062 
800 409 20 23 0.042026475 
689 331 10 14 0.04110719 
561 423 10 13 0.03945508 
654 340 14 16 0.03891211 
884 324 14 18 0.03854468 
590 326 11 15 0.03801815 
489 351 10 13 0.037325535 
428 376 13 16 0.037040476 
683 383 12 15 0.035538726 
545 315 14 17 0.035125956 
300 334 12 15 0.03467843 
620 319 12 15 0.034668922 
663 309 11 13 0.034571294 
878 318 11 14 0.03438585 
664 316 12 15 0.034341164 
492 355 11 13 0.034168616 
676 470 9 11 0.03407078 
869 333 11 15 0.033685256 
327 371 9 14 0.032728925 
832 363 12 13 0.032272685 
817 366 10 13 0.031516306 
523 369 16 17 0.031299353 
701 445 9 13 0.03113304 
948 415 34 37 0.03097974 
871 317 10 13 0.03028602 
634 299 12 15 0.030037297 
394 368 13 17 0.029101197 
835 357 12 14 0.02905286 
672 287 9 11 0.029038304 
813 339 11 15 0.028545953 
351 376 11 14 0.028411258 
868 339 14 16 0.028304165 
638 295 10 13 0.028024875 
807 445 13 15 0.028013773 
823 358 10 11 0.028006744 
618 300 11 14 0.027528476 
780 333 11 15 0.026995495 
680 271 9 11 0.026982235 
750 357 15 19 0.02683413 
665 324 13 15 0.026583852 
732 318 11 15 0.026564857 
869 346 13 17 0.025839433 
962 357 14 16 0.025707636 
978 337 23 32 0.025252307 
603 323 11 13 0.02509407 
383 369 12 17 0.025056219 
645 303 10 12 0.023809683 
652 334 13 15 0.023800107 
787 307 11 15 0.023791771 
552 354 11 13 0.023789478 
472 382 12 17 0.0237605 
582 326 12 14 0.02361078 
784 212 12 15 0.023547769 
761 353 13 18 0.023345875 
222 322 13 15 0.02330209 
172 356 12 15 0.023079634 
656 292 9 13 0.023017585 
918 251 10 12 0.023001963 
862 357 10 13 0.022917895 
635 361 15 20 0.0229175 
865 318 10 13 0.022578118 
475 348 12 15 0.02242637 
562 306 11 16 0.022302607 
585 363 14 18 0.022243628 
542 300 12 14 0.022142159 
859 375 13 20 0.0220918 
870 401 14 18 0.02199457 
220 315 13 16 0.02194239 
774 303 14 18 0.021782134 
694 373 11 14 0.021648586 
697 296 11 14 0.021557026 
561 677 130 114 0.021356635 
785 351 10 13 0.021321943 
804 306 20 23 0.02114332 
830 310 10 12 0.0210937 
224 340 11 15 0.021071764 
361 332 9 11 0.020988476 
621 329 12 16 0.020981422 
864 275 9 13 0.020964107 
652 438 11 15 0.02090391 
695 307 11 14 0.020857086 
352 359 8 10 0.020731015 
712 323 13 17 0.020669606 
493 340 12 15 0.020550782 
704 277 11 14 0.020464206 
649 280 10 13 0.020404646 
667 310 12 15 0.020291908 
648 340 11 15 0.020212378 
803 380 11 16 0.020161413 
573 428 10 11 0.020103505 
695 380 11 14 0.020052806 
