57_Angler_peoplefishing_57_251
20
417 298 42 54 0.9963671 
538 225 40 52 0.99197173 
726 236 13 16 0.6563001 
487 202 33 43 0.14030147 
84 533 10 13 0.059534546 
642 554 16 23 0.047196668 
855 695 26 42 0.036190838 
850 685 14 17 0.027224403 
491 225 17 22 0.027102664 
229 321 34 42 0.024444424 
360 316 40 53 0.024216387 
771 664 43 50 0.023988625 
828 118 11 15 0.023770578 
275 414 119 133 0.022948839 
934 126 11 14 0.021947425 
650 545 34 41 0.021180592 
634 535 47 65 0.021055374 
901 182 28 36 0.02092205 
459 300 27 37 0.02075723 
877 725 30 33 0.020574195 
