7.970367845220110325e+00
3.246077884719962015e+01
4.463498455373900242e+01
5.024984442068594603e+01
5.281200245348176026e+01
5.523131822388870660e+01
5.661743520682355069e+01
5.739968267939615743e+01
5.791980019552028836e+01
5.977442908502588637e+01
6.050144732532209702e+01
6.103852149760555079e+01
6.118488277413213439e+01
6.197965078774330294e+01
6.264714403790705433e+01
6.269414527828561745e+01
6.332514909111571910e+01
6.259920393534452643e+01
6.653928005215198027e+01
6.941975533934827070e+01
6.893923194670691146e+01
6.968093487057447533e+01
6.994323542277516026e+01
7.064311748269844315e+01
7.024733037461398055e+01
