11_Meeting_Meeting_11_Meeting_Meeting_11_560
73
323 427 36 42 0.99800986 
669 411 25 33 0.9967283 
560 400 23 30 0.99273735 
192 574 46 68 0.9908117 
199 419 27 33 0.9886756 
3 463 32 45 0.98861337 
397 407 23 29 0.98528606 
758 429 37 55 0.9802807 
89 497 39 55 0.977536 
525 415 24 34 0.97420734 
743 395 21 29 0.97214264 
443 416 23 29 0.96872026 
239 407 22 28 0.9522584 
486 401 21 28 0.95110565 
460 395 21 28 0.95046246 
607 414 22 30 0.94194394 
829 436 40 55 0.94173014 
810 383 23 27 0.90159786 
643 396 21 29 0.89868164 
77 453 32 40 0.89034754 
356 420 23 31 0.8799993 
85 683 40 76 0.85997087 
500 385 19 23 0.74046063 
701 414 17 22 0.7363095 
543 388 15 19 0.6162918 
412 389 19 22 0.39436793 
170 511 42 47 0.3448053 
469 397 20 28 0.320237 
361 395 16 19 0.26344892 
694 466 33 39 0.24767248 
349 400 27 33 0.18892813 
629 395 13 16 0.1774141 
630 392 9 11 0.15223221 
85 444 26 32 0.12083967 
157 516 34 42 0.10643028 
237 460 25 32 0.10557583 
530 413 16 21 0.10312233 
627 397 21 26 0.09420429 
304 654 53 43 0.087206945 
48 706 64 52 0.06507165 
706 480 17 21 0.051108934 
148 522 24 35 0.038023286 
188 516 31 36 0.033543855 
211 408 34 44 0.03188842 
552 386 16 20 0.031349845 
736 392 38 45 0.030932564 
233 407 37 48 0.030663928 
132 75 12 15 0.030451795 
778 422 30 38 0.03014006 
659 403 23 32 0.03003768 
297 637 35 50 0.029385138 
365 473 45 58 0.029368855 
747 407 42 53 0.029121831 
284 576 64 74 0.028970448 
360 538 65 65 0.026705025 
719 422 22 29 0.026346007 
407 398 21 28 0.02593629 
227 439 40 51 0.025846895 
130 526 28 36 0.025523426 
335 394 29 35 0.025346154 
616 412 23 30 0.024751756 
362 408 15 20 0.02318283 
622 400 16 20 0.022953184 
444 706 41 56 0.02282278 
496 381 15 19 0.021877473 
462 390 14 16 0.021853643 
717 432 17 22 0.021853315 
681 462 29 38 0.021801094 
583 446 27 37 0.021745166 
3 189 8 12 0.021664549 
219 482 45 63 0.021545976 
825 386 14 20 0.021510446 
713 417 17 22 0.020291414 
