11_Meeting_Meeting_11_Meeting_Meeting_11_644
120
613 464 26 34 0.9963347 
303 429 27 48 0.9545336 
448 454 24 37 0.9256158 
57 492 13 19 0.3670745 
489 498 26 31 0.20965882 
668 447 14 20 0.19305912 
993 512 24 30 0.1909964 
600 456 17 22 0.16094252 
927 453 11 15 0.1314874 
379 466 21 28 0.106947586 
740 456 22 31 0.085655674 
903 446 11 13 0.08458785 
446 440 22 33 0.08141669 
161 469 9 12 0.0796823 
556 497 17 24 0.07746116 
246 466 26 33 0.07718407 
244 467 14 22 0.07318634 
257 449 16 18 0.06609109 
507 461 15 17 0.06351928 
117 495 26 36 0.05791541 
220 464 10 12 0.056093223 
528 441 27 35 0.05471468 
314 438 25 37 0.054429594 
171 468 24 32 0.054339968 
736 478 20 29 0.05404867 
404 474 23 27 0.05286631 
334 315 223 256 0.05169906 
83 453 27 30 0.051681235 
804 472 11 13 0.0479139 
815 488 9 11 0.046749454 
92 444 13 16 0.04648596 
389 471 23 26 0.04341456 
218 518 44 42 0.04317395 
404 444 16 19 0.042477194 
397 447 23 28 0.041847873 
149 462 8 10 0.040099874 
591 489 14 18 0.039592285 
353 357 23 34 0.039266758 
658 376 15 17 0.037849113 
519 481 13 17 0.03768225 
711 457 14 18 0.03714975 
89 450 18 18 0.03560902 
742 453 12 17 0.03508951 
685 430 13 15 0.034011625 
507 455 23 29 0.033753324 
872 473 12 16 0.033687975 
323 464 25 38 0.03340538 
250 456 24 29 0.03238472 
311 418 42 55 0.03203775 
753 500 11 13 0.03195261 
174 471 13 17 0.031862605 
55 466 12 16 0.031237151 
663 352 10 12 0.031215288 
741 470 16 25 0.03100391 
69 460 11 15 0.03053826 
847 461 10 14 0.030404063 
357 359 45 55 0.030372458 
349 322 111 146 0.030314019 
112 476 12 14 0.030228276 
633 398 17 21 0.029924931 
876 507 9 11 0.029861337 
17 641 51 44 0.029467404 
324 442 24 31 0.029075786 
153 486 16 20 0.02854997 
749 492 11 15 0.02809997 
203 469 11 14 0.027989585 
672 443 18 21 0.027781595 
786 581 16 19 0.027602356 
513 465 15 18 0.027387906 
282 355 16 18 0.027376266 
931 457 14 16 0.027321516 
741 445 10 12 0.02688285 
783 464 9 11 0.026800506 
835 459 13 17 0.026702076 
797 493 10 13 0.026645673 
190 476 26 31 0.026603257 
770 419 16 17 0.026588133 
893 502 9 12 0.02657106 
655 357 12 15 0.026463613 
678 431 23 27 0.026401646 
654 360 23 25 0.02598119 
742 440 9 11 0.025932096 
799 537 11 14 0.025869112 
726 444 10 12 0.025781797 
165 470 11 13 0.025766999 
383 457 25 31 0.025336523 
411 672 16 17 0.025269179 
88 552 15 20 0.025261603 
176 71 459 581 0.025242249 
194 501 31 49 0.024898576 
141 476 11 14 0.024266724 
201 515 37 46 0.024246152 
509 468 25 29 0.024064263 
486 452 13 19 0.024018686 
591 463 21 27 0.023832683 
541 499 26 29 0.023734726 
454 392 25 31 0.023567107 
525 451 16 20 0.023181014 
59 487 12 15 0.023159733 
198 473 15 19 0.023036344 
167 547 9 12 0.02296381 
1006 457 11 15 0.022641454 
183 464 9 11 0.022545498 
801 475 10 12 0.022460032 
646 394 25 31 0.022219324 
541 393 11 15 0.022192422 
367 452 20 31 0.022089362 
471 439 23 29 0.022020534 
96 457 18 21 0.02187155 
979 364 10 13 0.021746365 
241 462 11 16 0.021673454 
517 452 28 35 0.021483032 
65 454 25 30 0.021204062 
680 389 10 13 0.021084113 
493 457 11 17 0.020776756 
175 480 28 40 0.020767134 
167 474 13 17 0.02067031 
63 463 10 14 0.020474466 
639 472 21 29 0.02026623 
887 470 13 16 0.020169957 
