11_Meeting_Meeting_11_Meeting_Meeting_11_807
27
625 76 42 56 0.98902637 
776 100 50 64 0.9868053 
556 28 40 53 0.9832895 
887 243 77 99 0.97842866 
409 80 44 52 0.9642816 
682 415 95 111 0.92625415 
281 172 50 38 0.8595441 
130 197 41 68 0.77714276 
280 158 33 43 0.17488897 
974 192 41 58 0.06189414 
294 401 67 63 0.052973606 
289 133 54 66 0.052808903 
358 228 26 33 0.04759947 
144 183 45 74 0.04036812 
304 155 52 56 0.037360676 
981 183 30 42 0.031910166 
157 169 42 65 0.03151479 
823 436 34 55 0.02956127 
312 124 45 58 0.025882397 
913 282 63 78 0.02485758 
111 192 44 62 0.024359737 
353 242 53 61 0.023530228 
266 247 41 51 0.022782074 
712 433 116 116 0.021621749 
386 44 38 49 0.021532731 
246 147 29 41 0.021254962 
334 143 43 65 0.020583732 
