11_Meeting_Meeting_11_Meeting_Meeting_11_633
32
457 208 209 250 0.99898213 
181 447 154 192 0.99649185 
709 357 148 201 0.99566025 
774 660 167 217 0.24575618 
85 111 493 543 0.10148052 
1012 390 9 12 0.047356468 
273 199 8 11 0.046657167 
186 256 519 549 0.04541876 
943 734 12 15 0.037129913 
540 237 189 249 0.035546232 
204 210 25 29 0.03495584 
221 191 10 11 0.033891547 
270 220 10 12 0.02999473 
218 191 8 10 0.029526237 
251 229 12 15 0.026760215 
237 212 12 16 0.025471373 
272 203 11 13 0.025465857 
246 214 12 13 0.024783222 
278 204 10 13 0.024194779 
983 793 8 10 0.023859616 
947 807 49 56 0.023616029 
270 814 72 59 0.02355112 
280 214 10 13 0.02173915 
219 208 16 21 0.021719947 
126 200 8 10 0.02141228 
191 219 9 13 0.021168157 
248 220 12 14 0.021148905 
134 140 10 13 0.02081479 
263 196 9 12 0.02067177 
220 196 11 12 0.020514803 
611 283 165 242 0.020073222 
278 219 10 13 0.020017274 
