11_Meeting_Meeting_11_Meeting_Meeting_11_774
469
15 601 47 57 0.988996 
708 415 16 20 0.984269 
234 411 16 20 0.9690336 
565 473 22 27 0.95135415 
403 437 22 29 0.94959956 
597 405 14 19 0.94791514 
790 353 12 15 0.9475481 
348 418 15 20 0.9371048 
450 437 17 22 0.91727555 
741 396 17 21 0.8789678 
600 441 21 27 0.87482697 
300 423 17 22 0.8674433 
273 402 16 21 0.86082155 
499 421 16 22 0.83789253 
800 372 14 17 0.8018906 
270 347 12 15 0.7709393 
473 393 15 20 0.7704162 
538 467 23 27 0.7590404 
393 411 15 20 0.7431133 
284 371 10 15 0.7096349 
522 349 9 12 0.6837814 
396 388 11 15 0.6821096 
742 358 10 13 0.67907405 
660 389 12 16 0.65971565 
411 358 12 16 0.6566818 
649 451 14 19 0.6402941 
480 371 11 13 0.6398945 
653 360 12 16 0.6164952 
546 345 9 11 0.59286356 
820 373 13 16 0.58591676 
845 366 11 13 0.5700937 
68 380 11 14 0.5646425 
766 392 13 18 0.5506916 
183 393 13 19 0.5281431 
423 388 12 15 0.52267563 
829 308 10 13 0.5125989 
419 332 10 14 0.5088709 
102 354 14 17 0.49294668 
330 352 8 11 0.4688425 
196 373 12 17 0.46846366 
885 323 11 16 0.4513771 
126 388 13 17 0.44144794 
108 307 10 12 0.4194172 
628 395 13 19 0.41544312 
525 420 13 16 0.40786666 
351 372 10 14 0.40335768 
144 365 12 15 0.3918139 
133 351 11 14 0.38844353 
332 464 12 15 0.38521945 
174 356 12 15 0.38125458 
100 395 12 16 0.37311152 
108 336 10 13 0.37221625 
109 378 11 14 0.36879528 
324 373 11 15 0.3332128 
507 387 14 18 0.3327465 
582 382 11 14 0.31630948 
716 369 13 17 0.30792588 
454 381 9 12 0.30196732 
248 382 13 16 0.29390314 
944 331 10 12 0.277206 
671 51 10 14 0.2615681 
156 342 10 14 0.24548414 
706 351 9 11 0.24454351 
430 441 15 20 0.24010049 
427 409 12 16 0.22244501 
214 328 9 11 0.2218206 
460 351 10 13 0.2117423 
297 389 11 14 0.20393437 
668 307 10 12 0.20272118 
208 423 10 14 0.19626333 
735 344 10 12 0.19432576 
231 365 12 15 0.19031376 
356 347 12 15 0.18941629 
604 372 13 15 0.17635706 
254 340 10 13 0.174238 
631 349 11 15 0.17319815 
557 369 13 16 0.17131403 
118 418 11 14 0.16967662 
670 406 12 16 0.167863 
430 350 9 12 0.16633284 
565 341 8 12 0.16205391 
584 432 13 18 0.16150004 
93 101 7 10 0.15659904 
304 356 11 14 0.15273915 
497 348 7 10 0.15018448 
783 299 10 12 0.14730035 
315 465 13 16 0.14628586 
480 355 10 13 0.13813147 
361 405 11 13 0.13590966 
426 392 14 19 0.13289203 
214 303 8 10 0.13277504 
440 337 8 10 0.13018131 
164 117 8 10 0.12947302 
708 364 13 17 0.1271438 
375 347 11 13 0.12099657 
239 339 9 12 0.11624419 
645 298 8 10 0.1116202 
557 416 18 21 0.10899473 
161 367 10 13 0.10560379 
369 332 9 12 0.10461435 
294 326 10 13 0.10449085 
827 392 14 17 0.10414314 
213 306 12 16 0.10324622 
221 317 11 14 0.10248043 
247 363 10 13 0.09939903 
739 350 12 17 0.098709084 
100 324 12 15 0.098097354 
231 357 11 12 0.09760119 
502 348 9 11 0.09326358 
200 340 11 14 0.091651626 
949 326 10 14 0.08697005 
566 378 11 15 0.0859683 
116 320 10 13 0.085730545 
303 361 12 16 0.08559661 
399 324 9 12 0.08452304 
704 355 11 14 0.08416495 
626 486 24 27 0.08296663 
811 424 14 18 0.08272759 
530 334 9 11 0.08074174 
617 348 8 11 0.08019397 
376 371 11 14 0.077655226 
183 342 9 11 0.07700518 
334 398 12 16 0.076861165 
546 459 17 27 0.07683713 
246 325 9 10 0.076411426 
391 327 8 10 0.075843975 
689 517 20 26 0.075630315 
302 350 10 12 0.07253151 
629 407 15 19 0.07229674 
476 335 9 12 0.07192266 
230 352 9 12 0.070938386 
903 377 14 19 0.07060577 
342 398 12 15 0.069302924 
558 359 11 13 0.06875391 
282 403 14 18 0.068463825 
851 364 11 15 0.06833072 
150 404 14 19 0.06760916 
344 372 12 15 0.06701221 
61 356 10 13 0.06676748 
773 346 11 15 0.065432586 
1 374 11 17 0.06488465 
600 343 9 12 0.06369645 
563 442 18 19 0.06344059 
716 320 14 17 0.062437546 
386 333 7 9 0.060639948 
743 475 14 17 0.06020122 
405 340 10 13 0.060192656 
134 419 10 13 0.060076166 
542 388 12 16 0.05925431 
525 405 10 12 0.059028983 
527 463 24 29 0.058467623 
509 364 10 12 0.058215167 
300 334 11 14 0.056667738 
13 97 7 9 0.056604616 
215 314 12 17 0.0557728 
576 357 9 10 0.053714797 
312 321 8 10 0.05348752 
158 390 10 12 0.052824423 
753 372 12 15 0.052494295 
634 401 12 19 0.051661465 
661 498 15 17 0.051575307 
25 324 17 22 0.0515267 
112 323 11 13 0.05140349 
71 366 11 14 0.050981708 
121 389 11 15 0.050880775 
700 492 10 12 0.050786648 
327 335 8 10 0.050471988 
142 119 9 10 0.050387736 
440 412 10 13 0.050217498 
230 377 11 15 0.049924158 
320 336 8 11 0.049176168 
829 348 11 13 0.049097028 
634 354 12 16 0.048727453 
783 402 12 16 0.04812266 
107 382 14 20 0.047215886 
712 300 9 12 0.04688448 
365 381 10 14 0.04659756 
301 340 10 13 0.046119656 
575 380 10 14 0.045835428 
273 341 14 17 0.045285575 
683 476 15 19 0.04517229 
248 334 10 13 0.044835344 
402 340 8 11 0.044522606 
265 325 8 11 0.044422496 
548 428 12 17 0.043761026 
77 365 10 13 0.04342539 
506 358 8 11 0.04301187 
784 453 14 17 0.042728964 
386 328 8 10 0.042374633 
128 334 9 11 0.0422336 
351 103 10 12 0.04213195 
148 370 10 13 0.04203721 
67 348 12 15 0.041938953 
145 383 9 12 0.04176716 
648 348 10 14 0.04173904 
50 371 11 16 0.04163234 
523 309 11 13 0.041438233 
181 348 11 14 0.04137267 
628 415 15 20 0.041100107 
207 332 10 13 0.040935412 
639 370 11 14 0.04055319 
530 412 14 18 0.040241748 
333 354 9 12 0.039811496 
472 339 10 12 0.039371077 
486 350 8 12 0.038677946 
183 110 7 8 0.038441367 
893 347 9 13 0.03830733 
573 375 10 13 0.03815406 
761 389 14 18 0.037943047 
447 325 8 10 0.037929315 
678 395 12 16 0.037906732 
621 347 10 14 0.037660368 
572 434 13 21 0.03726488 
507 432 13 18 0.037172575 
96 453 12 15 0.03690801 
93 382 13 16 0.036897983 
651 438 20 26 0.036875308 
722 365 12 16 0.036725063 
888 348 11 16 0.036711946 
396 404 15 19 0.036461756 
344 366 11 13 0.036325216 
559 376 13 17 0.036238205 
200 347 9 12 0.035993878 
621 408 17 20 0.03557169 
574 364 10 13 0.03545305 
365 409 12 15 0.03532429 
464 419 11 14 0.035159305 
96 400 14 17 0.03514795 
125 118 10 12 0.035015333 
882 381 15 19 0.03495541 
423 356 10 14 0.034368534 
142 335 10 13 0.033814557 
179 363 12 14 0.03380542 
357 441 11 15 0.03359311 
460 359 13 18 0.033463243 
678 389 12 14 0.033418316 
470 426 13 17 0.033149768 
884 351 15 22 0.03305553 
461 332 9 11 0.032942317 
642 299 8 11 0.03291395 
340 446 11 14 0.03280992 
183 335 9 11 0.03254206 
224 395 11 14 0.032362875 
562 423 16 20 0.03232871 
520 315 11 13 0.032287296 
641 56 10 13 0.03187064 
534 382 11 14 0.031727917 
730 347 10 13 0.031705305 
564 366 11 14 0.031640332 
351 356 11 13 0.031317577 
167 332 10 13 0.031128446 
693 371 12 15 0.031112595 
129 434 13 18 0.031070031 
652 350 13 16 0.031056385 
775 379 11 15 0.031028768 
125 419 11 14 0.03076604 
859 411 11 15 0.03076471 
14 379 8 12 0.030738937 
313 112 7 9 0.030545332 
318 321 7 10 0.030418228 
635 488 26 31 0.030406768 
375 378 11 15 0.030254615 
278 334 9 12 0.030096132 
156 395 13 17 0.029961813 
553 364 13 16 0.029938294 
751 419 15 17 0.029891618 
111 412 13 18 0.029748421 
647 341 10 13 0.029738884 
739 461 23 25 0.02954956 
151 415 12 17 0.029505234 
542 418 11 17 0.029493025 
673 407 14 21 0.029489806 
587 387 11 14 0.029434139 
105 393 13 17 0.029305568 
129 341 8 11 0.029203603 
177 396 13 17 0.028854547 
271 388 13 16 0.028745128 
610 373 13 15 0.028646309 
63 364 13 14 0.028427025 
965 60 14 17 0.028390674 
824 346 11 14 0.028287351 
573 409 14 20 0.028256042 
751 348 12 14 0.02812215 
350 334 9 11 0.028027557 
533 372 10 12 0.027900465 
345 321 8 9 0.02788498 
862 356 13 19 0.027873967 
565 388 10 13 0.027777102 
418 434 19 27 0.027721236 
153 346 10 13 0.027589558 
366 400 11 13 0.027583256 
264 342 9 12 0.027550174 
294 431 13 17 0.027475938 
824 326 9 12 0.02743975 
225 372 12 15 0.027414044 
132 428 12 16 0.027179306 
890 322 12 18 0.02703692 
344 326 8 11 0.027000913 
254 346 9 13 0.026952531 
134 342 9 11 0.026901603 
327 328 9 10 0.026824769 
13 324 22 30 0.026778625 
717 349 10 12 0.026730908 
141 422 11 13 0.026641773 
780 379 13 16 0.026619572 
202 372 12 17 0.026577055 
302 325 10 12 0.0265183 
482 394 12 17 0.026481764 
582 393 12 15 0.026459927 
290 327 8 11 0.026454424 
380 367 11 15 0.026390884 
687 372 11 15 0.026210159 
469 356 10 13 0.026130842 
710 477 10 13 0.026126262 
237 380 11 16 0.026082067 
653 499 17 19 0.02606824 
464 395 9 15 0.026007958 
524 459 16 27 0.025997037 
746 456 16 19 0.02592402 
292 404 13 17 0.025922608 
807 420 15 18 0.025919022 
158 336 10 13 0.025877642 
232 334 9 12 0.025829226 
164 371 10 12 0.025703238 
135 335 10 12 0.025684055 
701 301 12 14 0.025640164 
225 351 9 11 0.025471386 
280 367 12 15 0.025445504 
190 356 10 14 0.025388708 
787 387 14 17 0.025366465 
730 340 21 24 0.02527255 
512 421 18 25 0.02525128 
300 392 12 15 0.025213106 
144 411 12 16 0.025155775 
917 357 10 11 0.025121083 
13 329 11 16 0.025085391 
631 345 10 12 0.02501587 
344 332 8 12 0.025013983 
233 139 10 13 0.025001613 
214 414 11 13 0.024955845 
444 406 12 15 0.024854647 
142 428 9 12 0.024783561 
619 489 18 20 0.024767496 
297 365 9 13 0.02472928 
415 320 11 12 0.0246977 
79 394 11 15 0.024546081 
767 355 11 15 0.0245004 
300 384 11 14 0.02449502 
44 389 9 12 0.024489334 
353 342 11 13 0.02445869 
436 371 12 15 0.024357405 
512 334 8 11 0.0243514 
590 440 14 21 0.024335885 
717 301 7 11 0.024333354 
365 348 10 14 0.024275545 
390 332 8 11 0.024252387 
343 102 9 12 0.024234703 
608 333 10 12 0.024182387 
229 388 12 15 0.024176318 
714 330 14 16 0.024153896 
302 369 12 16 0.024027284 
529 366 11 13 0.023960078 
441 320 9 11 0.02392583 
495 364 9 13 0.02390102 
564 413 19 26 0.023897853 
822 334 10 14 0.023830904 
473 604 10 13 0.023788383 
336 365 10 13 0.023728656 
236 358 11 13 0.023627449 
691 402 14 22 0.023575716 
380 378 11 16 0.02350096 
431 363 10 13 0.02349317 
336 335 8 10 0.023468459 
460 427 13 19 0.023446795 
151 336 9 11 0.023435125 
119 349 10 12 0.023424821 
417 302 8 10 0.023416368 
817 341 10 14 0.023408758 
577 386 11 14 0.023345985 
192 332 10 13 0.023228657 
403 395 12 17 0.023209104 
205 346 9 13 0.023156788 
439 365 9 13 0.023127252 
656 357 13 16 0.02312014 
551 419 13 18 0.023113692 
221 429 11 13 0.023073157 
781 373 12 15 0.023073055 
794 350 12 16 0.023019204 
495 397 11 14 0.023018602 
414 412 10 14 0.023018587 
684 408 15 20 0.023004256 
361 388 10 12 0.022940874 
581 459 13 19 0.022898491 
302 459 9 14 0.022834545 
431 324 10 13 0.022606516 
47 356 9 11 0.022589296 
902 364 12 15 0.022584822 
406 325 9 11 0.022582922 
334 296 8 10 0.022390867 
785 349 11 16 0.022333452 
883 373 13 15 0.022246333 
495 357 10 13 0.022245953 
231 326 9 12 0.022219025 
334 373 11 14 0.02213048 
645 405 12 16 0.02212272 
189 349 10 13 0.0221078 
141 350 9 12 0.022104742 
669 396 12 16 0.022078313 
242 325 9 11 0.022005958 
238 387 10 15 0.021985587 
553 412 12 17 0.021948742 
127 328 8 10 0.021943137 
680 381 10 14 0.021874787 
344 359 10 12 0.021686379 
94 386 19 23 0.021643264 
367 316 10 12 0.021615403 
645 497 15 18 0.021596866 
98 355 11 15 0.02152239 
361 381 9 13 0.021509556 
832 5 15 17 0.021502065 
316 452 11 14 0.021473449 
668 388 11 16 0.021452647 
456 398 10 13 0.021421533 
580 404 13 17 0.021356687 
353 108 9 11 0.021340234 
376 356 10 13 0.021305548 
664 403 13 16 0.021283394 
600 378 13 15 0.021282066 
45 378 12 15 0.021281261 
120 118 10 13 0.021250427 
706 477 9 13 0.021183388 
569 448 17 21 0.02113939 
106 351 12 15 0.021104515 
230 318 9 12 0.0210964 
214 405 11 13 0.021080531 
254 377 11 14 0.021069182 
262 333 8 12 0.021064728 
116 373 10 13 0.021060584 
87 387 12 16 0.021027254 
207 419 18 23 0.02097031 
845 420 14 16 0.02093785 
644 59 10 12 0.020934364 
664 314 11 15 0.020925846 
102 317 11 14 0.020916324 
415 338 11 14 0.02086755 
153 399 22 26 0.020866886 
301 404 13 15 0.020862484 
711 315 14 18 0.020793505 
841 371 11 13 0.020743178 
152 388 10 13 0.020726167 
786 396 13 16 0.020696094 
747 355 12 16 0.020660235 
647 411 11 16 0.020614384 
616 395 13 19 0.020614043 
130 383 12 15 0.020556716 
781 444 14 17 0.020499907 
416 392 12 18 0.020426242 
237 136 10 12 0.020423746 
119 340 10 14 0.02036793 
364 485 21 29 0.020364456 
756 353 12 16 0.02035905 
174 335 8 10 0.020324124 
176 372 11 13 0.020309161 
754 342 12 14 0.02030736 
252 92 10 12 0.020280313 
285 341 10 14 0.020120364 
773 400 11 16 0.020112796 
816 347 10 13 0.020074641 
630 360 11 15 0.020064285 
