11_Meeting_Meeting_11_Meeting_Meeting_11_865
29
365 363 309 433 0.992943 
1 417 94 124 0.96626073 
89 335 46 55 0.36101288 
811 -1 214 175 0.075967334 
431 1380 15 18 0.049373705 
300 1283 11 13 0.046572816 
326 1259 12 19 0.043526612 
395 1384 11 14 0.03640634 
404 1092 10 16 0.029255383 
482 1346 13 18 0.026877973 
410 1397 9 11 0.025958655 
311 1268 12 15 0.024769511 
523 1139 12 17 0.02450856 
353 1366 16 19 0.024028827 
351 1277 12 15 0.023468077 
436 1376 23 27 0.02320803 
250 1324 12 17 0.02232489 
342 1276 13 15 0.021595314 
679 32 117 133 0.021200271 
25 1470 61 65 0.021148952 
278 1405 11 14 0.020976065 
341 642 37 49 0.020878563 
336 1244 10 13 0.020764632 
358 1326 15 19 0.02056948 
398 1420 9 13 0.020517346 
300 1388 12 14 0.020409765 
476 1324 12 14 0.020207725 
366 1081 12 16 0.02015321 
352 1097 27 39 0.020126281 
