11_Meeting_Meeting_11_Meeting_Meeting_11_507
159
76 403 33 45 0.9986603 
55 252 28 35 0.99712026 
131 360 30 39 0.99689853 
903 408 41 52 0.98768914 
822 356 26 35 0.9859081 
750 236 13 18 0.97691536 
192 241 18 22 0.976784 
774 230 14 19 0.93740577 
240 234 14 19 0.93617415 
282 287 15 18 0.9145369 
846 301 16 21 0.91268635 
875 287 16 19 0.9064139 
685 283 15 19 0.9009726 
866 354 19 36 0.8619216 
706 312 17 23 0.8167614 
1011 249 12 18 0.7723389 
662 283 14 16 0.7600933 
149 293 15 21 0.7227089 
253 304 16 22 0.7032493 
197 357 19 27 0.6792934 
889 304 21 26 0.5488536 
736 323 14 20 0.54806584 
309 283 12 16 0.54051405 
961 246 14 17 0.5090377 
896 320 22 26 0.4131465 
697 300 20 26 0.40681145 
811 246 15 19 0.36368024 
237 320 20 25 0.3496791 
915 354 20 26 0.34722757 
297 228 11 15 0.33903652 
802 346 15 20 0.32287607 
649 275 11 15 0.31420475 
976 351 24 28 0.27287728 
216 271 12 16 0.23990189 
659 255 9 12 0.21667157 
729 269 15 19 0.19834845 
937 372 12 15 0.18255955 
796 410 11 14 0.17994033 
1004 227 11 13 0.17401615 
630 264 9 11 0.15465903 
257 350 26 35 0.1457721 
748 308 16 18 0.12698035 
330 273 13 16 0.124864146 
276 428 18 20 0.109058596 
693 352 10 13 0.094792224 
191 428 25 30 0.08621489 
805 347 21 28 0.076104276 
522 240 8 10 0.075630836 
350 259 10 14 0.07532997 
143 351 26 36 0.07306902 
272 269 12 14 0.067465365 
1007 278 13 22 0.06451955 
690 288 16 20 0.06265628 
961 223 10 13 0.05984204 
157 349 20 25 0.059611138 
787 316 16 22 0.057211895 
545 267 9 13 0.056690525 
781 322 14 18 0.05217587 
173 292 10 13 0.052076083 
974 333 10 12 0.051676072 
378 253 7 9 0.051332437 
345 260 10 13 0.050891828 
734 245 10 12 0.047843304 
961 363 10 14 0.047214866 
684 340 9 11 0.047192004 
708 359 12 14 0.04661614 
835 354 26 35 0.045565438 
529 259 10 12 0.04496468 
286 408 8 11 0.0446958 
669 340 9 11 0.042507373 
921 229 10 13 0.04117088 
638 268 9 12 0.03910788 
764 221 11 14 0.038009074 
805 133 13 16 0.03793543 
318 268 9 11 0.037746035 
703 319 13 17 0.03737614 
654 280 13 17 0.037190497 
1000 222 13 16 0.036392648 
600 254 8 11 0.035932973 
882 295 20 26 0.03568429 
681 260 10 12 0.035576485 
206 415 14 18 0.035558145 
686 307 13 20 0.035338663 
767 228 13 16 0.03518548 
934 374 20 24 0.03387284 
626 263 9 11 0.033372607 
622 308 15 20 0.032885786 
280 238 9 11 0.032867033 
167 275 11 13 0.032763254 
219 315 12 15 0.0323884 
745 354 21 27 0.03228186 
728 298 12 16 0.031589244 
647 252 9 12 0.031153804 
615 255 9 12 0.030942848 
327 247 10 13 0.030671636 
289 285 12 17 0.03016591 
734 239 10 12 0.029754844 
853 345 25 38 0.029649697 
727 294 10 13 0.029272113 
973 325 10 15 0.02891669 
974 231 11 13 0.02882728 
885 270 11 14 0.02832131 
107 343 24 32 0.027915578 
935 279 10 12 0.027856313 
744 223 9 11 0.027758604 
321 240 8 9 0.027408516 
457 244 9 10 0.027046286 
873 359 24 31 0.026736574 
6 309 13 16 0.026660047 
699 295 15 19 0.02560066 
267 365 15 20 0.02539695 
711 308 18 22 0.025222875 
709 420 14 18 0.025126334 
631 254 9 11 0.02501039 
172 295 13 19 0.024930665 
261 261 10 13 0.024900313 
313 389 15 17 0.02476742 
881 255 8 10 0.024533458 
329 262 9 11 0.024376495 
245 412 11 12 0.024200516 
790 311 15 18 0.023725329 
381 253 8 11 0.023625547 
690 279 14 18 0.023541844 
680 255 10 12 0.023337279 
967 331 13 16 0.023272166 
335 263 9 11 0.023219068 
742 321 18 21 0.023185596 
993 220 7 11 0.022891674 
201 439 15 19 0.022858405 
974 337 12 15 0.022602448 
696 150 10 13 0.022561569 
736 308 12 17 0.022528818 
670 261 11 12 0.022463221 
304 288 12 16 0.022325004 
335 254 8 10 0.022012342 
99 379 12 15 0.021920051 
964 226 12 14 0.021896448 
335 237 8 10 0.021868842 
1005 233 11 16 0.021659704 
286 238 10 12 0.0215548 
796 224 15 21 0.021505216 
672 269 10 12 0.021454472 
624 219 10 14 0.021444233 
958 239 14 17 0.021261357 
261 284 11 15 0.021205615 
749 222 9 11 0.021110587 
168 285 11 15 0.021081721 
706 301 16 21 0.021065105 
984 241 13 17 0.020993954 
333 247 9 12 0.020867286 
949 263 12 16 0.020821042 
514 232 6 9 0.020738015 
636 298 12 14 0.020596039 
617 295 9 12 0.020591436 
981 335 10 12 0.02047782 
311 267 11 14 0.020417545 
186 354 20 24 0.02034005 
621 299 13 17 0.02028089 
181 351 17 22 0.020148229 
