11_Meeting_Meeting_11_Meeting_Meeting_11_441
82
650 291 28 35 0.9994301 
553 279 26 33 0.9976386 
732 292 25 40 0.9973322 
402 278 25 38 0.9971898 
462 276 23 31 0.9948748 
255 306 26 45 0.99143 
621 318 27 34 0.95818394 
135 358 40 71 0.95136344 
767 333 24 39 0.9175924 
914 577 113 98 0.9053441 
375 305 26 41 0.84308314 
734 335 29 37 0.81346714 
203 481 57 81 0.7971417 
422 352 31 52 0.7669997 
822 347 33 48 0.47680074 
367 356 44 57 0.45253596 
775 10 12 15 0.25713262 
569 246 12 14 0.23381956 
744 327 37 48 0.21570784 
601 224 9 12 0.19463922 
272 332 23 32 0.1466066 
846 254 13 18 0.13382429 
671 11 10 13 0.10772465 
352 317 40 43 0.10118476 
328 300 26 35 0.09197704 
157 497 78 69 0.09042712 
221 199 15 18 0.08771998 
260 318 30 43 0.08654133 
736 302 39 49 0.0843604 
581 497 12 16 0.0818582 
557 191 13 17 0.06597359 
227 367 40 57 0.061873578 
854 232 12 16 0.06161833 
872 253 13 16 0.058789615 
280 639 41 44 0.056292556 
331 331 83 107 0.05459733 
800 209 14 18 0.05320599 
829 357 46 45 0.045048896 
129 469 68 85 0.04163945 
390 364 44 43 0.041152135 
774 195 13 17 0.03943488 
557 229 9 13 0.03817546 
237 22 343 429 0.038140766 
1013 412 9 15 0.03813476 
586 240 9 12 0.037750706 
362 336 42 57 0.035353914 
752 298 19 24 0.031879913 
785 337 35 49 0.03097689 
623 364 13 17 0.030811857 
609 389 13 16 0.029973907 
588 243 10 13 0.029374128 
851 370 39 34 0.02919335 
570 491 24 29 0.02862024 
252 198 10 11 0.028271616 
913 269 22 28 0.027962368 
268 399 34 38 0.027841527 
1013 417 11 18 0.027350854 
276 333 45 58 0.027227249 
858 228 13 16 0.026233733 
110 368 56 69 0.025952702 
395 640 39 42 0.025300296 
364 318 19 27 0.024901655 
556 654 18 22 0.024110537 
327 306 15 24 0.02372776 
820 211 12 15 0.023441004 
866 475 30 36 0.023124967 
574 494 14 17 0.02304465 
255 467 46 76 0.022560846 
521 499 10 13 0.022509536 
815 344 22 39 0.02217839 
239 377 43 59 0.02163867 
807 445 43 59 0.021626223 
115 469 48 72 0.021351693 
804 357 54 65 0.021328187 
875 335 26 40 0.021064669 
427 335 25 47 0.021057332 
98 484 34 47 0.020928754 
337 291 32 40 0.020630304 
215 185 9 11 0.020550495 
608 423 10 14 0.020449212 
410 404 52 76 0.020243054 
610 325 27 35 0.020155802 
