11_Meeting_Meeting_11_Meeting_Meeting_11_206
50
300 277 34 44 0.99741 
802 217 34 45 0.99612576 
476 253 34 44 0.9885689 
92 323 38 60 0.9825494 
190 369 45 75 0.97766143 
617 235 31 42 0.9727622 
50 190 15 20 0.9603582 
316 186 14 18 0.95172834 
141 186 15 21 0.92687154 
875 306 38 78 0.90478915 
271 191 14 19 0.50004727 
221 190 16 22 0.36040536 
959 314 40 61 0.30800152 
820 314 70 79 0.20954224 
279 191 18 21 0.13716124 
81 216 20 24 0.13631506 
837 240 34 40 0.09105514 
92 209 14 23 0.09030812 
269 441 107 137 0.087913565 
582 440 37 60 0.0708393 
924 329 53 54 0.068171464 
331 212 16 21 0.05514433 
189 265 47 51 0.05323898 
969 273 38 55 0.048029784 
548 151 13 17 0.047329225 
938 300 49 65 0.04277299 
563 262 40 50 0.039149333 
906 252 42 44 0.039045904 
952 279 40 63 0.038869742 
595 168 12 17 0.035644643 
285 181 13 18 0.035536844 
77 210 18 21 0.033712078 
263 191 16 22 0.033692446 
361 252 11 14 0.031166155 
320 181 15 20 0.03099848 
607 211 11 17 0.029565873 
569 26 11 15 0.027475134 
246 194 13 15 0.025591418 
208 382 180 222 0.025532253 
525 242 39 49 0.02502985 
880 271 51 67 0.024605831 
196 339 46 70 0.023614448 
72 220 25 27 0.023520906 
198 279 48 56 0.023310035 
606 211 27 32 0.023153793 
289 193 14 19 0.022911932 
225 195 16 24 0.021798389 
134 228 10 11 0.020533957 
98 210 12 18 0.020115865 
812 291 53 70 0.02007793 
