11_Meeting_Meeting_11_Meeting_Meeting_11_71
22
303 168 49 63 0.9969138 
349 139 42 55 0.996579 
771 196 78 99 0.9960885 
454 138 36 46 0.9959577 
22 51 37 47 0.9948767 
78 268 73 82 0.9948495 
738 154 46 65 0.9860513 
832 316 80 165 0.9829421 
604 140 41 57 0.9696418 
233 205 39 72 0.96812004 
778 165 38 48 0.8741724 
589 345 39 40 0.08988764 
369 460 17 24 0.057662133 
714 441 42 48 0.046945173 
467 463 46 44 0.032694142 
674 238 33 39 0.03100484 
212 453 28 34 0.026111487 
437 370 14 17 0.025464652 
635 416 35 46 0.025010446 
525 467 42 65 0.02191683 
16 157 46 62 0.021239372 
548 426 43 50 0.021181885 
