11_Meeting_Meeting_11_Meeting_Meeting_11_639
21
717 49 58 75 0.99809915 
54 110 100 111 0.99702376 
551 65 67 87 0.9959687 
313 74 82 109 0.9940228 
909 103 76 101 0.99089277 
277 378 42 33 0.09679905 
940 43 10 13 0.06520459 
28 375 228 209 0.054657247 
144 349 110 173 0.04916526 
972 8 11 13 0.034798086 
936 22 10 12 0.0312487 
196 364 91 126 0.030834239 
920 25 9 11 0.027074581 
953 13 9 12 0.02663904 
911 39 10 14 0.026181221 
852 0 16 16 0.025319777 
30 112 31 50 0.021828294 
924 37 11 14 0.021774273 
973 31 9 10 0.021459578 
153 0 11 12 0.020414175 
952 36 11 14 0.02009632 
