11_Meeting_Meeting_11_Meeting_Meeting_11_295
34
609 370 51 62 0.9987594 
690 290 22 31 0.99507093 
231 339 25 32 0.98925614 
55 338 34 48 0.9887289 
122 454 64 98 0.98712254 
801 297 20 29 0.9765114 
592 311 19 36 0.9629255 
491 330 26 42 0.9623943 
901 310 19 28 0.96026826 
140 373 32 55 0.9359182 
819 554 49 111 0.9223065 
442 219 16 19 0.6909129 
792 322 18 30 0.52994335 
398 534 57 101 0.28350458 
507 338 33 35 0.22260231 
422 547 53 86 0.12907349 
326 157 10 12 0.11890479 
13 347 15 21 0.11027561 
452 549 62 76 0.08993697 
583 316 34 46 0.06430838 
655 172 10 13 0.034456372 
365 509 79 106 0.029403746 
148 358 44 58 0.026604664 
798 545 53 105 0.025315123 
521 322 30 39 0.024480334 
146 482 61 83 0.02315873 
173 362 14 17 0.023152538 
503 235 14 20 0.022956919 
410 655 120 117 0.021469504 
416 509 32 61 0.021262227 
411 376 25 39 0.021245051 
179 329 24 31 0.020325774 
149 371 15 23 0.020173594 
252 397 27 30 0.020093413 
