11_Meeting_Meeting_11_Meeting_Meeting_11_574
208
713 322 30 37 0.9984921 
640 285 24 29 0.9962842 
851 294 27 36 0.9942841 
348 301 23 28 0.9893188 
957 333 33 41 0.98441505 
970 288 32 37 0.9839326 
454 219 15 21 0.9794459 
801 266 20 27 0.97609633 
532 243 16 21 0.97281903 
198 290 23 28 0.9686558 
262 298 21 28 0.9626584 
303 257 18 23 0.9479544 
865 241 19 22 0.9396636 
125 55 21 32 0.91757315 
356 256 17 23 0.9174933 
509 237 14 19 0.91688526 
484 260 16 21 0.91115254 
688 261 18 24 0.89689606 
739 289 26 30 0.86498225 
400 277 19 23 0.85495514 
729 240 15 19 0.8392946 
805 236 13 16 0.8291864 
514 209 14 17 0.7967303 
494 224 13 18 0.7755645 
122 294 23 28 0.757523 
591 231 14 18 0.7345773 
51 340 35 61 0.71439254 
752 219 14 18 0.61194754 
413 238 14 17 0.59859914 
436 216 13 18 0.5878173 
354 236 16 19 0.56315345 
771 208 11 13 0.561496 
568 198 10 12 0.5446891 
926 219 14 18 0.5302589 
659 206 10 13 0.51501334 
872 215 16 20 0.4879867 
614 202 10 13 0.46310872 
781 258 19 27 0.44772822 
400 251 13 17 0.42538455 
952 259 18 24 0.39928588 
469 245 13 16 0.37151515 
588 192 11 14 0.36742473 
831 195 15 17 0.3523521 
920 194 11 14 0.34919402 
703 184 9 12 0.3247961 
556 234 13 17 0.2989509 
786 253 14 17 0.29530966 
557 198 11 15 0.2870977 
942 236 14 17 0.25135577 
694 256 21 27 0.24100111 
527 205 11 14 0.23774354 
931 203 13 16 0.22421761 
706 251 17 22 0.205439 
548 221 12 14 0.14584337 
549 228 15 18 0.14082946 
621 269 20 25 0.13682301 
637 188 9 13 0.13480726 
605 191 10 13 0.1294426 
767 261 12 15 0.11813112 
819 188 11 13 0.11553866 
955 251 15 20 0.10892424 
828 201 15 17 0.10347785 
784 207 11 14 0.10031368 
691 309 17 22 0.08968176 
879 195 12 15 0.08726436 
55 320 23 35 0.08685452 
835 229 13 16 0.08554174 
824 206 12 14 0.08195421 
665 190 8 11 0.08107033 
673 245 16 21 0.072281264 
792 197 8 11 0.07116316 
958 244 15 20 0.06805935 
573 214 8 11 0.06597763 
804 213 10 14 0.06565332 
707 189 10 14 0.06316396 
447 285 11 13 0.0607826 
926 364 17 19 0.057451103 
814 197 11 14 0.0572647 
673 235 15 18 0.057206575 
585 214 9 12 0.055782706 
381 421 12 14 0.053837083 
47 326 29 52 0.05267996 
886 292 16 21 0.052628964 
646 220 10 13 0.051841196 
646 196 10 12 0.050962795 
904 367 12 17 0.04757021 
674 227 13 15 0.046019204 
637 245 13 17 0.0457392 
804 218 13 16 0.045710042 
616 229 9 12 0.04540025 
822 243 14 19 0.044740442 
807 206 9 11 0.044652097 
625 219 10 13 0.04401817 
562 272 16 19 0.043999545 
598 259 12 16 0.043953344 
734 287 12 16 0.042050216 
595 315 11 15 0.04181707 
303 130 13 17 0.040965892 
831 235 13 18 0.04031268 
820 194 13 16 0.039764497 
760 252 11 15 0.039620347 
615 223 10 13 0.039457645 
813 222 13 15 0.03755391 
947 240 15 20 0.037355814 
446 218 14 19 0.037239272 
432 292 11 14 0.03711007 
794 258 22 31 0.037067246 
585 279 11 13 0.037004292 
274 246 466 421 0.036444712 
125 282 29 34 0.03573839 
405 244 14 17 0.035735812 
564 261 13 17 0.035427805 
626 275 21 29 0.034889188 
817 184 10 13 0.034785792 
772 252 12 17 0.033743877 
760 256 20 25 0.03369839 
930 224 16 19 0.03349688 
662 198 10 13 0.03341837 
809 199 9 11 0.033384293 
726 287 28 32 0.033087023 
800 218 11 16 0.033008892 
679 197 8 10 0.032887906 
616 235 10 13 0.032586228 
477 250 14 17 0.031693183 
908 210 11 16 0.03161304 
465 265 15 20 0.031586304 
602 214 9 12 0.031412642 
820 225 12 17 0.031396948 
530 210 12 15 0.031352293 
847 205 12 16 0.031122752 
406 241 21 26 0.030827021 
876 201 14 17 0.030569915 
895 213 11 14 0.030560879 
602 196 9 11 0.030431842 
765 245 12 15 0.030228633 
876 292 21 30 0.030093133 
728 163 10 13 0.030011622 
925 357 26 32 0.029421613 
789 324 29 36 0.029411335 
639 193 11 14 0.029327348 
556 221 11 13 0.02930975 
399 270 13 18 0.02907359 
903 239 20 26 0.029009486 
694 191 11 12 0.028968522 
693 196 9 11 0.02879356 
788 685 50 53 0.028724188 
618 251 13 16 0.028611584 
429 371 18 21 0.028357731 
361 241 14 18 0.028132146 
960 240 10 13 0.027954437 
228 320 17 24 0.027936185 
544 225 13 16 0.027499707 
136 324 17 21 0.027465107 
901 249 15 20 0.026638309 
467 258 14 19 0.026486492 
903 211 11 16 0.02633132 
773 226 13 16 0.026188357 
530 356 11 15 0.02550885 
572 205 10 13 0.025357585 
92 398 33 37 0.025325602 
663 185 9 12 0.02506729 
639 238 11 14 0.025039352 
884 192 10 13 0.024793444 
655 189 10 12 0.02470481 
517 268 11 14 0.02467933 
867 221 21 24 0.024545986 
772 263 14 19 0.024423352 
676 205 10 13 0.024237093 
656 199 11 14 0.02421623 
589 267 11 15 0.024153166 
445 291 13 17 0.024106085 
415 234 10 12 0.024086205 
915 191 19 24 0.024055589 
605 219 11 14 0.024033526 
732 229 16 18 0.023648098 
686 242 11 15 0.023461357 
918 227 13 16 0.023300692 
962 315 33 45 0.022982476 
694 173 9 11 0.022494549 
599 220 11 13 0.022157837 
628 216 12 14 0.02203066 
800 207 9 12 0.021923795 
782 309 29 33 0.021763328 
780 227 13 15 0.0217553 
554 202 10 14 0.021740386 
388 282 14 20 0.02173353 
564 232 11 15 0.021714263 
712 231 10 13 0.021645494 
894 218 13 18 0.02154134 
459 292 12 16 0.021474509 
645 224 14 18 0.021405546 
770 244 13 18 0.021328608 
933 239 18 21 0.021143066 
120 291 15 21 0.021084359 
29 337 62 87 0.021078568 
229 442 11 14 0.021027813 
548 239 15 19 0.021012112 
1006 370 18 37 0.020951467 
852 209 12 16 0.020869048 
741 286 17 20 0.020806715 
122 301 36 47 0.020801857 
620 227 11 14 0.020751363 
773 263 22 30 0.02051432 
748 259 15 20 0.020197038 
669 191 9 11 0.020094639 
479 283 10 13 0.020094441 
825 266 15 21 0.020076783 
852 225 14 19 0.02004545 
