11_Meeting_Meeting_11_Meeting_Meeting_11_176
41
337 227 26 34 0.99909997 
120 245 33 42 0.99896204 
496 212 25 31 0.9972343 
794 90 45 62 0.99652326 
412 218 25 33 0.99647164 
188 211 22 30 0.9941397 
15 235 25 30 0.9884809 
215 265 27 35 0.9876587 
696 246 32 43 0.98366594 
654 203 21 28 0.98226523 
571 213 19 24 0.9634925 
284 215 19 22 0.94590145 
165 75 21 28 0.925046 
646 281 24 50 0.74431026 
589 254 13 16 0.4462416 
775 249 30 30 0.44089204 
8 217 39 51 0.10596394 
900 239 14 18 0.097354285 
351 218 23 30 0.086927414 
735 239 35 40 0.079845995 
452 329 55 68 0.060939483 
39 328 51 61 0.057373516 
545 285 14 16 0.03602264 
572 360 28 32 0.03437152 
286 340 79 99 0.033066653 
655 293 41 50 0.032538913 
196 364 87 142 0.03246042 
443 326 37 52 0.02816461 
587 259 16 21 0.027234986 
676 255 44 55 0.02697635 
746 248 17 21 0.026883572 
788 477 18 22 0.026680814 
548 259 13 16 0.02505989 
135 253 27 36 0.024589563 
69 280 35 41 0.022526233 
724 236 28 39 0.02228202 
343 338 59 78 0.022061989 
423 324 48 73 0.021600196 
635 262 38 57 0.021553613 
350 315 92 116 0.021143882 
255 257 21 30 0.021139579 
