42_Car_Racing_Nascar_42_440
37
730 151 21 28 0.98156 
659 129 24 32 0.96202004 
155 171 17 24 0.8712779 
866 167 13 17 0.82550347 
67 163 15 19 0.7436332 
697 163 24 29 0.62020564 
600 177 18 20 0.2174412 
803 158 13 16 0.10354923 
6 21 9 13 0.09136301 
0 178 8 14 0.08385525 
45 166 15 19 0.07110752 
93 217 11 15 0.06779694 
698 156 16 19 0.06488201 
2 173 15 19 0.055610325 
147 266 13 16 0.050422266 
706 147 14 16 0.048261113 
0 34 9 18 0.037596576 
3 24 13 20 0.033755414 
245 319 11 13 0.030729974 
713 162 16 22 0.027466537 
-72 334 452 615 0.026906498 
12 177 12 17 0.026338924 
29 37 12 15 0.025040884 
810 158 11 14 0.02428991 
612 362 431 533 0.02398733 
15 28 10 15 0.023602273 
160 166 21 27 0.023564575 
148 283 32 41 0.023384392 
0 302 9 17 0.02336443 
73 166 15 19 0.022785641 
162 256 16 20 0.02231382 
189 289 10 13 0.02219903 
3 20 23 34 0.022162642 
154 62 8 11 0.020852124 
246 301 10 13 0.020750977 
868 160 11 16 0.020312227 
5 146 12 16 0.020247301 
