42_Car_Racing_Nascar_42_442
26
788 817 20 25 0.97631013 
637 811 20 25 0.96530646 
724 816 20 25 0.96501476 
881 790 22 27 0.94797015 
244 186 13 17 0.29407826 
959 802 53 88 0.1294718 
586 828 19 25 0.09501147 
744 300 253 371 0.08981423 
462 195 12 15 0.061296877 
286 959 83 59 0.049760237 
444 179 9 12 0.038922638 
770 824 15 19 0.037694152 
350 179 8 11 0.035818346 
74 188 406 470 0.03127252 
347 175 9 11 0.031218678 
0 488 444 544 0.027298728 
254 58 16 22 0.02643749 
199 887 122 120 0.023710005 
400 189 8 11 0.022203073 
341 433 387 482 0.021634439 
552 30 162 189 0.021395981 
821 62 74 84 0.021196526 
458 198 10 13 0.020840686 
431 175 10 12 0.020612705 
596 943 10 12 0.02053244 
664 752 110 142 0.020482315 
