42_Car_Racing_Nascar_42_922
62
533 64 91 109 0.99894315 
250 193 51 72 0.99848807 
347 114 86 103 0.9962914 
847 151 52 79 0.9467832 
98 230 18 34 0.34259802 
73 181 14 16 0.1811488 
20 190 10 13 0.16329922 
31 204 10 13 0.13367546 
858 177 77 74 0.1282315 
49 204 9 11 0.118885085 
9 166 9 10 0.11638634 
15 230 12 14 0.09998869 
631 346 120 159 0.08914367 
116 199 11 14 0.08560171 
95 190 12 15 0.08085774 
94 167 10 13 0.07678166 
53 204 10 13 0.07110172 
107 224 18 30 0.05153159 
987 253 19 22 0.04548853 
118 223 13 19 0.044630297 
87 434 14 17 0.043822214 
77 133 8 11 0.04343069 
707 345 12 16 0.04213409 
154 168 8 11 0.0411831 
41 236 18 22 0.040994633 
71 153 7 10 0.039076142 
318 535 8 10 0.037561 
150 151 8 11 0.035118386 
68 239 40 44 0.032987166 
4 117 10 12 0.032744177 
21 184 11 14 0.030322136 
57 161 7 9 0.030178433 
46 174 8 10 0.029380193 
41 191 8 11 0.02931257 
39 198 9 13 0.028691206 
135 143 9 12 0.028178172 
884 160 35 67 0.028109282 
55 189 9 11 0.02770179 
46 189 10 13 0.02756363 
96 136 8 9 0.027200254 
61 198 10 13 0.027062466 
0 215 8 11 0.025098199 
75 197 13 16 0.025073137 
32 166 7 9 0.02476223 
123 228 11 13 0.024563033 
933 130 51 65 0.024412334 
17 195 9 11 0.024306267 
832 144 31 35 0.02428087 
144 185 8 11 0.023899807 
112 230 21 30 0.023880776 
174 176 8 11 0.023341805 
87 188 11 14 0.02324227 
8 170 10 14 0.023116639 
110 188 10 12 0.023082145 
21 223 10 13 0.022532936 
24 159 7 9 0.022383666 
837 167 38 56 0.022333395 
5 111 9 13 0.022084715 
13 172 10 12 0.021897724 
110 144 10 12 0.021476353 
88 194 12 16 0.020317623 
47 151 6 8 0.020302616 
