42_Car_Racing_Nascar_42_462
37
971 305 32 41 0.99865085 
716 338 28 33 0.9258564 
357 353 27 32 0.12328054 
630 414 17 23 0.10611136 
274 371 11 15 0.090235546 
765 712 18 22 0.08871688 
433 243 17 18 0.06330612 
342 183 16 20 0.055693723 
368 422 42 58 0.05164961 
227 373 16 22 0.0498961 
166 202 12 16 0.0411108 
432 239 12 16 0.040232565 
564 403 14 16 0.03818308 
126 387 10 14 0.03639783 
523 434 17 21 0.03398112 
383 396 13 16 0.030481938 
272 198 12 14 0.03018519 
895 392 20 30 0.029325802 
844 661 12 16 0.029120851 
968 775 42 55 0.028825993 
722 328 35 39 0.02867891 
452 380 31 37 0.027264195 
166 221 41 53 0.026600381 
515 439 17 20 0.026157986 
125 496 9 12 0.024801806 
851 609 12 16 0.024787368 
216 198 9 13 0.024054946 
524 400 18 20 0.023523536 
975 791 8 10 0.02334512 
251 320 32 49 0.022671089 
404 356 49 61 0.021945978 
339 348 14 21 0.021932088 
493 407 11 15 0.021877501 
160 202 11 15 0.02163112 
607 421 13 18 0.021311834 
327 787 13 16 0.020564968 
895 390 12 18 0.020136585 
