42_Car_Racing_Car_Racing_42_602
48
956 225 18 22 0.6423018 
814 173 12 17 0.5535509 
120 166 11 13 0.4353246 
99 170 13 16 0.096380465 
991 220 21 31 0.0861146 
877 183 10 12 0.08429334 
967 174 11 14 0.079664685 
38 162 12 19 0.073215 
236 172 12 16 0.061749794 
1002 215 19 35 0.05945637 
847 171 10 13 0.045196358 
710 127 24 30 0.04327391 
774 181 11 14 0.041948225 
85 175 10 13 0.0413078 
877 187 13 14 0.041215036 
200 210 13 17 0.040874906 
42 167 18 20 0.04050091 
97 167 10 13 0.04044592 
52 165 13 18 0.040402938 
982 225 21 28 0.038491648 
911 168 8 9 0.037309095 
949 228 17 20 0.036668807 
905 180 10 12 0.034370564 
136 174 8 11 0.033216365 
114 166 10 13 0.032841787 
190 182 12 15 0.032400984 
821 167 10 12 0.03224728 
904 167 8 9 0.030988393 
955 212 26 31 0.028211664 
908 174 10 12 0.026221858 
934 167 8 10 0.026152719 
217 175 9 12 0.024628662 
964 225 21 27 0.023916475 
124 169 12 15 0.023738554 
221 413 92 110 0.023610493 
199 201 21 27 0.022617806 
772 136 25 38 0.022551473 
810 177 11 15 0.022510538 
958 277 10 14 0.022468342 
919 167 9 11 0.022241231 
945 181 8 11 0.022212537 
716 161 18 26 0.022163158 
317 179 12 16 0.021428721 
926 297 13 19 0.021210575 
784 0 107 116 0.020962449 
884 182 11 13 0.020676943 
894 179 10 14 0.02038834 
302 257 16 19 0.020102736 
