42_Car_Racing_Car_Racing_42_857
29
186 136 18 23 0.96236295 
101 124 18 24 0.9344066 
161 141 11 13 0.66150546 
245 151 10 13 0.31342036 
135 145 12 16 0.16270865 
70 143 11 13 0.13247378 
229 146 10 12 0.10355378 
210 146 16 18 0.07256513 
223 147 11 13 0.06584456 
116 147 10 13 0.059248094 
165 145 12 14 0.046724584 
421 178 440 558 0.04506471 
127 141 12 15 0.04129677 
153 140 10 12 0.03684947 
263 144 8 10 0.035683006 
255 142 10 13 0.034013808 
246 144 11 13 0.031328842 
609 202 15 19 0.03063464 
170 139 13 17 0.02917035 
128 147 12 15 0.02831683 
242 154 9 12 0.027667886 
158 137 17 22 0.027578581 
269 176 17 19 0.027032344 
227 227 12 16 0.026455667 
797 269 16 19 0.023660747 
553 270 49 53 0.022690475 
54 148 8 10 0.02177725 
181 105 14 16 0.021233583 
285 141 9 12 0.021194963 
