32_Worker_Laborer_Worker_Laborer_32_812
20
382 77 100 128 0.9987342 
49 470 10 12 0.0761193 
121 512 117 143 0.05784228 
56 433 8 10 0.04202181 
62 465 15 18 0.038770374 
149 431 206 283 0.034438323 
64 474 15 19 0.03357497 
940 354 17 20 0.032294657 
76 378 12 15 0.029851845 
670 108 24 31 0.029489342 
52 473 10 14 0.024194323 
908 424 14 16 0.022881925 
1 356 19 37 0.022042142 
14 408 7 10 0.021784997 
38 454 8 9 0.021440353 
9 411 8 11 0.021330548 
21 521 15 18 0.021300152 
132 409 35 38 0.021240167 
524 377 47 55 0.02122512 
415 -6 61 59 0.020614991 
