32_Worker_Laborer_Worker_Laborer_32_462
23
454 207 75 71 0.96810764 
314 96 16 21 0.1181152 
631 212 20 28 0.11313506 
538 134 57 80 0.10058737 
540 126 26 34 0.061232656 
300 84 11 15 0.047659785 
-44 271 413 553 0.047313016 
182 78 51 46 0.04162218 
326 44 12 15 0.039044324 
212 6 16 22 0.03669333 
167 78 38 49 0.035665937 
524 149 48 74 0.035541713 
512 117 13 15 0.03264204 
543 125 12 15 0.02799452 
520 225 445 467 0.027873171 
229 94 15 21 0.027617877 
646 4 13 16 0.027520418 
208 85 31 38 0.025298303 
864 152 10 12 0.023076952 
235 32 16 20 0.023063727 
565 60 13 15 0.02148226 
540 131 39 50 0.02116834 
436 189 60 73 0.02113725 
