32_Worker_Laborer_Worker_Laborer_32_594
46
659 163 59 74 0.9984769 
731 207 23 29 0.42432097 
508 541 10 13 0.20334187 
809 609 12 15 0.16971812 
859 531 13 17 0.097222775 
180 517 12 14 0.08834719 
662 623 14 18 0.06267761 
813 556 11 13 0.051578384 
923 526 12 15 0.050485134 
782 624 12 15 0.04486621 
909 543 12 14 0.043920856 
894 588 10 12 0.042798948 
173 521 12 15 0.041973136 
296 45 14 16 0.040168468 
231 524 11 17 0.036404848 
740 619 12 15 0.034900524 
243 535 11 14 0.034171224 
357 522 10 12 0.032833893 
221 532 12 18 0.03262427 
495 550 12 15 0.030239636 
731 628 15 19 0.028863782 
831 606 7 10 0.02763798 
885 590 11 13 0.02660062 
501 545 13 17 0.026509956 
272 534 29 39 0.026308414 
845 560 10 14 0.026300782 
556 579 13 14 0.026158242 
941 578 10 16 0.025410427 
921 530 10 14 0.025385605 
446 525 10 13 0.025363363 
740 605 12 15 0.02374639 
221 521 19 28 0.023594225 
678 615 9 11 0.022546466 
526 526 8 11 0.02209657 
179 493 15 19 0.021974953 
94 174 14 17 0.021937191 
877 145 13 16 0.02155652 
170 520 9 12 0.021327306 
709 596 10 12 0.021045558 
607 237 12 14 0.02096882 
633 551 11 13 0.0208343 
842 597 8 10 0.020822013 
677 504 15 19 0.020742275 
856 603 8 12 0.020658929 
792 564 11 14 0.020466499 
749 605 12 14 0.020087989 
