32_Worker_Laborer_Worker_Laborer_32_26
28
204 252 39 46 0.9821984 
169 72 9 12 0.20345251 
169 250 33 38 0.16584982 
631 4 58 86 0.14134668 
89 73 8 9 0.092893414 
46 73 9 11 0.09050985 
132 73 7 10 0.07596234 
974 144 15 19 0.07595903 
648 0 94 105 0.05087168 
500 42 47 96 0.04707807 
932 6 25 27 0.044060275 
184 246 40 53 0.042478263 
213 125 12 16 0.032068916 
127 246 26 35 0.031478055 
1 69 10 15 0.03138505 
701 1 72 79 0.030851748 
108 265 15 19 0.02892733 
801 98 199 218 0.024151096 
548 274 414 556 0.022775695 
231 250 29 38 0.022605104 
328 28 476 430 0.021847613 
185 263 17 22 0.021689244 
273 57 281 290 0.021679644 
224 111 7 10 0.020953475 
898 27 12 14 0.020823738 
180 30 32 49 0.02075126 
21 264 10 13 0.02009012 
890 117 15 20 0.020072566 
