32_Worker_Laborer_Worker_Laborer_32_529
28
479 267 81 106 0.99574345 
373 673 13 19 0.1760994 
977 648 9 11 0.1140647 
66 710 10 13 0.06712113 
63 671 8 11 0.05903036 
216 1011 482 447 0.047861584 
209 717 8 12 0.04462418 
51 725 12 16 0.039690547 
7 683 14 18 0.039302856 
378 669 13 16 0.0367461 
939 559 16 19 0.031171259 
984 752 9 11 0.031086747 
102 665 9 11 0.030868692 
62 675 10 14 0.028229434 
117 678 9 11 0.026882302 
910 557 12 14 0.025201617 
97 701 8 10 0.024219126 
87 672 8 10 0.023466093 
933 516 16 22 0.023184026 
70 715 10 12 0.022483956 
240 747 28 40 0.022312181 
71 679 9 12 0.02164955 
230 696 9 11 0.021429898 
188 709 14 16 0.021106308 
5 688 23 29 0.020667689 
953 781 9 11 0.020519728 
141 582 14 19 0.020475956 
54 694 10 13 0.020398242 
