32_Worker_Laborer_Worker_Laborer_32_516
34
419 125 28 35 0.9971739 
844 118 30 33 0.9956916 
49 23 70 93 0.99559337 
964 52 57 84 0.9948665 
256 111 35 45 0.9941912 
298 120 41 53 0.9941749 
225 130 30 36 0.9909134 
518 96 43 51 0.9868526 
766 324 54 60 0.9811715 
757 101 41 51 0.9759291 
880 146 33 41 0.97527945 
370 148 16 20 0.9742967 
673 313 46 52 0.9155571 
345 305 45 48 0.9148348 
481 340 32 32 0.8746944 
575 351 40 44 0.8351317 
279 307 46 53 0.80602324 
679 161 15 20 0.092235796 
279 113 36 51 0.08352921 
334 85 28 43 0.07734832 
836 76 18 26 0.07122025 
596 123 16 19 0.067991994 
727 142 25 31 0.036866773 
342 87 17 24 0.03275568 
712 77 44 54 0.032560665 
796 39 38 51 0.030729974 
1007 207 13 18 0.030298911 
653 -3 56 61 0.02635363 
592 123 26 33 0.025641901 
213 149 12 16 0.025538743 
720 137 41 52 0.025124138 
181 32 8 10 0.023691397 
293 49 45 57 0.022560941 
308 80 42 55 0.020361846 
