32_Worker_Laborer_Worker_Laborer_32_512
25
426 76 107 142 0.99938345 
655 571 14 18 0.16860405 
689 724 22 30 0.13172972 
197 254 11 14 0.037124354 
764 967 43 37 0.03609693 
646 600 14 19 0.034927998 
169 494 10 13 0.03465017 
661 735 33 40 0.033519186 
433 38 11 13 0.033210408 
748 717 15 18 0.031841036 
675 721 29 36 0.030230178 
718 766 9 12 0.028512634 
277 382 10 12 0.026011053 
766 592 243 372 0.025403433 
150 602 13 17 0.024231175 
472 -22 524 464 0.023549546 
549 621 9 12 0.023495642 
413 30 8 9 0.02267153 
33 397 221 342 0.021917395 
287 389 9 10 0.021833913 
83 89 26 36 0.021550974 
668 790 25 33 0.021111526 
666 711 30 36 0.020386333 
690 719 18 21 0.02037145 
534 1313 68 68 0.020023067 
