32_Worker_Laborer_Worker_Laborer_32_723
27
300 86 54 69 0.99543625 
1 195 44 95 0.97271776 
433 146 55 88 0.95985276 
786 61 39 64 0.95778275 
935 144 57 78 0.86957633 
170 0 54 48 0.6909779 
140 167 61 73 0.076386705 
919 159 48 66 0.048101325 
0 136 13 21 0.0428097 
225 252 58 70 0.041196752 
912 192 11 12 0.03628538 
5 115 9 12 0.03180699 
823 96 39 40 0.031241562 
168 184 49 63 0.030301386 
531 198 30 46 0.026463546 
810 90 36 43 0.025183698 
892 167 48 60 0.024557482 
270 109 27 37 0.023771547 
77 100 26 30 0.02366698 
745 97 34 39 0.022930771 
105 84 26 38 0.022572463 
252 289 33 34 0.022550154 
514 193 39 65 0.021638447 
762 104 26 34 0.021546248 
902 180 31 32 0.02126377 
763 42 54 80 0.021207953 
779 146 48 58 0.02050372 
