32_Worker_Laborer_Worker_Laborer_32_595
75
399 183 37 42 0.993461 
502 339 13 15 0.29381704 
348 340 18 24 0.21380302 
221 143 22 25 0.21177904 
438 347 13 18 0.20110942 
992 400 29 55 0.15770242 
488 330 12 15 0.15454517 
908 396 31 37 0.08945847 
853 301 22 29 0.07632005 
886 418 21 26 0.07587565 
424 122 10 14 0.06989045 
395 168 29 40 0.062930554 
501 343 17 21 0.06134215 
596 397 23 28 0.059106655 
787 146 34 38 0.058553044 
657 333 15 19 0.05668025 
861 309 51 63 0.055076655 
646 442 34 36 0.05228943 
373 376 23 28 0.050215047 
362 377 22 26 0.049483147 
390 349 12 17 0.049126603 
817 224 43 67 0.04805401 
890 312 28 42 0.047962826 
615 358 22 29 0.046926476 
341 132 25 29 0.04511612 
212 138 23 26 0.042961255 
381 141 15 20 0.04290796 
311 370 15 18 0.04186232 
405 109 9 12 0.03947751 
762 357 37 42 0.038928073 
474 383 48 55 0.03883601 
680 331 29 32 0.03726663 
528 262 209 196 0.036214147 
923 272 31 34 0.03522452 
834 215 30 54 0.033918895 
890 414 12 15 0.03313654 
988 472 15 20 0.031393144 
394 170 19 26 0.0312999 
920 333 53 70 0.031137802 
825 395 13 16 0.030091656 
895 300 44 58 0.029752783 
233 138 14 21 0.028060973 
330 124 38 49 0.028029583 
536 387 27 31 0.02736736 
233 182 36 44 0.027147312 
893 461 17 20 0.026896467 
942 433 30 32 0.02688623 
921 302 59 64 0.02652129 
591 334 68 59 0.02613817 
694 148 243 205 0.025892569 
501 351 28 32 0.025767382 
840 298 93 109 0.02573002 
560 325 28 37 0.024827855 
344 193 419 403 0.02436959 
562 313 115 95 0.023975825 
902 291 94 114 0.023783095 
848 305 33 44 0.023312565 
885 127 10 13 0.023304401 
612 403 28 37 0.022975814 
973 400 16 20 0.022647707 
543 299 13 15 0.022316175 
646 669 10 12 0.022314508 
800 126 43 45 0.022270711 
987 411 16 17 0.021993699 
794 331 41 59 0.021587212 
217 118 11 12 0.021259027 
409 205 19 21 0.021117805 
901 375 50 61 0.020912848 
479 330 12 16 0.020799905 
938 282 17 19 0.020745212 
354 334 15 19 0.020636862 
563 387 33 39 0.020563433 
802 152 22 23 0.020556632 
206 135 15 22 0.020086696 
475 421 17 22 0.020079399 
