2.961124813408585243e+00
2.452784693167076480e+00
2.248140652727636635e+00
2.131274590229395915e+00
2.038479500287067925e+00
1.969970816910637135e+00
1.940932059380578778e+00
1.909470695942085072e+00
1.867880194064993393e+00
1.845069782093444966e+00
1.817300383644814721e+00
1.819346814884902575e+00
1.787959251788832304e+00
1.757544764783811830e+00
1.754545416520989498e+00
1.742082357425126959e+00
1.711002502400682523e+00
1.722601666565267253e+00
1.715554555232480460e+00
1.696969709559257078e+00
1.708919652611572637e+00
1.697942192750687918e+00
1.689185760073039777e+00
1.687372373905241085e+00
1.670478357328391228e+00
1.668639262066864859e+00
1.669088380251611881e+00
1.659284987638455666e+00
1.648829296323823579e+00
1.651410706979887788e+00
1.660292789284486981e+00
1.641027009820345661e+00
1.647216716575326423e+00
1.630945772173241881e+00
1.630938321796263191e+00
1.634342336969345943e+00
1.624097351813168277e+00
1.623956987428369025e+00
1.624391610429894106e+00
1.616804517315041156e+00
1.602911587938758986e+00
1.621112915244161679e+00
1.608796534627120689e+00
1.608856240692345896e+00
1.607950769614729047e+00
1.609236668522313618e+00
1.610364679131448540e+00
1.594242299324977408e+00
1.591001219556938739e+00
1.612127666110577895e+00
1.595183220052200923e+00
1.595602285010474075e+00
1.591900597614531288e+00
1.589702376353074209e+00
1.577982983085679747e+00
1.593567713974795685e+00
1.586651649849015078e+00
1.586282738821106708e+00
1.582339895400941776e+00
1.582427454846245807e+00
1.588875230184253029e+00
1.580334830099010990e+00
1.580626092564245244e+00
1.577929674616511457e+00
1.581095608957806098e+00
1.560018910328794028e+00
1.574398920088080800e+00
1.566713065556857964e+00
1.582407795068640155e+00
1.573149559327534197e+00
1.570191565211515261e+00
1.573756065057671627e+00
1.571677674658550128e+00
1.569321158010026585e+00
1.568615744711819637e+00
1.565439952632285081e+00
1.558606442642508139e+00
1.559223098210666514e+00
1.568747950562779270e+00
1.574568414873217970e+00
