3.001354892801794350e+00
2.499862428851749474e+00
2.267841774003105826e+00
2.130892439473489830e+00
2.044766067292379308e+00
1.984980305992298355e+00
1.949103860418248679e+00
1.896593730531123789e+00
1.872559249937904458e+00
1.840412423144216048e+00
1.824683004228965011e+00
1.807729358684202259e+00
1.793491310047807152e+00
1.782116765154074356e+00
1.771750234928190393e+00
1.760726211752210446e+00
1.743970365535398415e+00
1.738331714402074457e+00
1.711645165826222836e+00
1.710053680642791507e+00
1.711836227256318788e+00
1.709887132437332813e+00
1.703051990992534126e+00
1.681593720365014866e+00
1.695853073274867118e+00
1.685339371998858082e+00
1.667999305025390955e+00
1.675997357560981227e+00
1.661086348013848246e+00
1.664882077508091252e+00
1.652277837480817579e+00
1.639359111926570467e+00
1.646348794591352860e+00
1.638590300342311012e+00
1.642489427827900306e+00
1.642768198825557802e+00
1.628996357173653209e+00
1.630213012014116503e+00
1.623345124980677623e+00
1.608614253720141329e+00
1.613614129742480197e+00
1.623652414135311028e+00
1.609234474164358497e+00
1.613037843160007201e+00
1.601271604593866416e+00
1.610842749754094250e+00
1.598888369284061195e+00
1.594584702964154888e+00
1.595432538553054336e+00
1.599179787295205157e+00
1.596847707088689727e+00
1.590405663403664960e+00
1.586733321651168538e+00
1.594562140144176299e+00
1.586662659641378426e+00
1.594918237654318727e+00
1.581410049114908567e+00
1.586424724174582357e+00
1.582298729230898537e+00
1.581171496665995990e+00
1.589536675477620342e+00
1.596029607516638249e+00
1.579606536641624315e+00
1.599534777917476891e+00
1.581482807671801716e+00
1.573653291674874666e+00
1.582111550488086937e+00
1.582490298170480703e+00
1.574086256093860436e+00
1.574098124544813126e+00
1.586779779510468336e+00
1.571075908275124444e+00
1.582288692882342307e+00
1.571699890846051106e+00
1.569576629644595211e+00
1.571086057224629018e+00
1.578693562301789699e+00
1.564091362512630035e+00
1.566908607368143524e+00
1.566085300460365204e+00
1.469826134354431435e+00
1.427453722966753880e+00
1.419407582116423150e+00
1.416556525489558238e+00
1.400197818134882422e+00
1.390485683194598865e+00
1.388024300827372937e+00
1.381745586049112573e+00
1.384445462445294650e+00
1.371654448459237230e+00
