9.888892572747995047e+00
5.839689238360209700e+00
4.973483493165200109e+00
4.533126123573469002e+00
4.291705191394557417e+00
4.056271457894248478e+00
3.947470459286470668e+00
3.729830972822556490e+00
3.574177869895230231e+00
3.475970007923449234e+00
3.412072651773135679e+00
3.372774155447201494e+00
3.269083903072783848e+00
3.211377194866260165e+00
3.193919475570969002e+00
3.207413912698719116e+00
3.145279801891457172e+00
3.070118679578259790e+00
3.036333419391827437e+00
2.997813733116440282e+00
3.025353087170153721e+00
3.024431921180731120e+00
2.996088443344794516e+00
2.936103713318057640e+00
2.944887611455058618e+00
2.920721656805980171e+00
2.869570348462703091e+00
2.927937863035972033e+00
2.844274475865112173e+00
2.870226698327138504e+00
2.841984029947230539e+00
2.781473040016171350e+00
2.831582472033752573e+00
2.781092221100137873e+00
2.797221701198853161e+00
2.785752826730101717e+00
2.775416636976026030e+00
2.734508588280736952e+00
2.771396589834497437e+00
2.689210924469165764e+00
2.720492188576955961e+00
2.723665339532105989e+00
2.707518478376524929e+00
2.741336246454937786e+00
2.719634992023062470e+00
2.723447360394533945e+00
2.710751736441754378e+00
2.662470134842839897e+00
2.631834961159258857e+00
2.662486994488638903e+00
2.717951657544381838e+00
2.639706937857666524e+00
2.612652507267013036e+00
2.669012367512498596e+00
2.645179810694285649e+00
2.693098156385540065e+00
2.632163477776953808e+00
2.633417155357621553e+00
2.631779324814029319e+00
2.597285262805334671e+00
2.613822990924305145e+00
2.678839783953583797e+00
2.603025557711627691e+00
2.679505863970851109e+00
2.637260429283476704e+00
2.585424240488813474e+00
2.638089674813036467e+00
2.616749475933379809e+00
2.585447628120457697e+00
2.597244090813657369e+00
2.638933744924779390e+00
2.589573937261141712e+00
2.619562111063773457e+00
2.589897107837363155e+00
2.600635521678450690e+00
2.565498081812207065e+00
2.588706126910929495e+00
2.629082291402061511e+00
2.588351541304069858e+00
2.585005784682605778e+00
2.233899367410943970e+00
2.134448316471176721e+00
2.119268109843782888e+00
2.093907087907102671e+00
2.040778329908292665e+00
2.033137351598428566e+00
2.044313886118416246e+00
2.010246414270090209e+00
2.027065347343313118e+00
1.986089879681604886e+00
1.965766544380913583e+00
1.943523981098247644e+00
1.937639147418070973e+00
