2.582903910340359488e+00
1.757674087010185238e+00
1.544476212653684399e+00
1.457818631017985478e+00
1.377258301410615893e+00
1.324618911386831854e+00
1.302955307501443505e+00
1.255523733438357104e+00
1.237819850296707713e+00
1.211182317831871691e+00
1.195495125558805771e+00
1.183344188230748495e+00
1.163498756511611276e+00
1.151042977507625409e+00
1.151711539072649781e+00
1.140713594141213871e+00
inf
1.119881096047274038e+00
1.100410941668919174e+00
1.091278281289598251e+00
1.094548365200713524e+00
1.093406940263158100e+00
1.091284065582552421e+00
1.076129944715070508e+00
1.080856857657062298e+00
1.075413008092075406e+00
1.057743168816618340e+00
1.072416170260735990e+00
1.062960144428547915e+00
1.055089814326963138e+00
1.052517713518431375e+00
1.038481388967599894e+00
1.047002914982922972e+00
1.044083570471461497e+00
1.043805682626755438e+00
inf
1.032693849661335372e+00
1.029191567216600767e+00
1.028249243887499942e+00
1.018478681082310988e+00
1.023863535554882853e+00
1.029006484086098849e+00
1.018948916697539175e+00
1.023131619678428361e+00
1.015892283567545684e+00
1.018188707484221522e+00
1.009369611966869140e+00
1.003106941495622850e+00
inf
1.011591225598724719e+00
1.014855025157980206e+00
1.006261869274681420e+00
1.000271111014096714e+00
1.010180096582781406e+00
1.006837795841397654e+00
1.010107191503973434e+00
1.002588849338870602e+00
1.002203597864193885e+00
1.000648649023001324e+00
1.004391470815269027e+00
9.995051708118700695e-01
1.014001582155686698e+00
9.970791224691067933e-01
1.010980099907017538e+00
1.001430180122763414e+00
9.885520997717514025e-01
1.001748060948730146e+00
9.962146199638058919e-01
9.923588186456179239e-01
9.924094041034301483e-01
9.972550480215816027e-01
9.955509515375083884e-01
9.957649892531567071e-01
9.977234199134089598e-01
9.910210901165601438e-01
inf
9.901969166877476747e-01
9.884870730201650302e-01
9.856457640434274081e-01
9.929424528796110261e-01
8.984367519131173374e-01
8.725233011202226940e-01
8.644084900594460885e-01
8.651827225542586541e-01
8.470536761726281672e-01
8.475061272172639271e-01
8.420663612044375634e-01
8.360290600044757436e-01
8.379639763801549623e-01
8.325547269967772390e-01
8.138968278601858009e-01
8.217539749808192573e-01
8.215798819518607132e-01
