2.584040302463940009e+00
1.738198388372518943e+00
1.536032223053600543e+00
1.453654245638884346e+00
inf
1.310872263410446825e+00
1.283364243550885631e+00
1.262230955365096552e+00
1.230772077097840977e+00
1.207559465427206158e+00
1.179306571606708598e+00
1.182676815547002658e+00
1.158570798907590849e+00
1.134047764405515579e+00
1.132930059208077767e+00
1.124112702346181214e+00
1.106248684324648179e+00
1.111061290054587758e+00
1.106773379007759406e+00
1.086426303568093665e+00
1.102309673348939256e+00
1.087873238959112587e+00
1.081465455723104929e+00
1.075243838385950612e+00
1.068803529325664359e+00
1.059861303828887991e+00
1.060926772117244621e+00
1.056285646085783458e+00
1.043282681513832300e+00
1.048060454122768492e+00
1.054668023520560105e+00
1.036229420656928468e+00
1.042762837674676923e+00
1.042414303281292476e+00
1.036979085082037955e+00
1.032575741886907483e+00
1.027336069580560896e+00
1.024724653534452301e+00
1.023555365778644699e+00
1.021028624706386889e+00
1.011162336013331942e+00
inf
1.013536438234844628e+00
1.020230719109314510e+00
1.016934450088728292e+00
1.016022289678546908e+00
1.018553824745905390e+00
1.008278303672067944e+00
1.001893537931190625e+00
1.021686750828571855e+00
1.012523597233599082e+00
inf
1.002462709764516235e+00
1.003892453824696274e+00
9.974832406741861446e-01
1.003359566948243575e+00
1.000029206877539600e+00
9.991043647392565674e-01
9.952867116339458864e-01
9.991682426066872402e-01
1.007852798681821982e+00
9.926217124513957435e-01
9.978591043571507502e-01
9.945279390221426485e-01
1.003424839855906470e+00
9.818657640761100369e-01
9.955176123273298261e-01
9.892016019926678227e-01
1.001932726499641824e+00
9.950454377586611665e-01
9.959032262519279532e-01
9.885634075595725045e-01
9.890754575268452253e-01
9.865000822205350905e-01
9.899231312784904091e-01
9.929150861543343254e-01
inf
9.804035785775747636e-01
9.881313592288064607e-01
9.905469246393775462e-01
