27_Spa_Spa_27_768
26
335 270 52 69 0.9989072 
738 319 51 79 0.99778026 
190 335 56 79 0.9974585 
568 251 52 72 0.9963665 
967 307 9 11 0.112946615 
54 357 12 15 0.066240035 
77 165 500 442 0.061748315 
79 372 11 13 0.058174398 
852 301 9 10 0.04375073 
573 223 386 462 0.04343275 
879 283 12 15 0.04147424 
230 345 50 62 0.04113705 
0 365 11 18 0.03651086 
981 387 9 12 0.032697625 
894 294 8 10 0.031742033 
957 324 13 16 0.03115943 
884 304 10 12 0.029066322 
317 279 26 34 0.02802764 
49 358 20 27 0.02651385 
720 284 11 15 0.025836768 
69 364 11 14 0.023592165 
898 323 8 10 0.022418391 
17 380 11 13 0.022193043 
59 362 14 19 0.021460736 
839 345 7 10 0.020964576 
413 781 21 25 0.020053647 
