27_Spa_Spa_27_851
24
448 144 31 41 0.9941909 
859 156 36 48 0.982746 
722 146 31 45 0.89609635 
23 65 50 101 0.8770579 
734 144 35 44 0.3473075 
74 315 20 23 0.15319836 
7 17 59 105 0.06148664 
686 50 15 20 0.05917256 
140 328 23 25 0.046899278 
193 364 28 32 0.030594593 
546 339 12 16 0.029664977 
986 361 8 11 0.029176584 
692 243 10 12 0.028145356 
447 130 26 38 0.02793905 
759 494 19 24 0.027685862 
806 466 15 17 0.02692947 
784 403 17 23 0.023747297 
448 136 13 20 0.023459654 
532 336 12 16 0.02238594 
430 366 11 14 0.022337092 
980 132 39 59 0.022067225 
555 0 367 478 0.02109094 
477 356 18 24 0.020539042 
744 154 37 39 0.020202406 
