27_Spa_Spa_27_512
21
360 623 96 111 0.9980579 
645 966 112 140 0.13527672 
936 799 11 13 0.04038033 
893 736 9 12 0.034252383 
882 1055 36 47 0.03314662 
952 1167 10 12 0.03217261 
951 1171 13 14 0.031083684 
870 749 8 10 0.028017117 
109 758 9 11 0.027488979 
686 722 10 13 0.026132237 
91 430 389 515 0.025955707 
948 1248 64 67 0.024042105 
271 635 27 35 0.023480024 
781 954 11 14 0.02340503 
846 804 14 16 0.023070723 
176 865 485 465 0.023014426 
844 832 12 15 0.021221863 
682 719 9 11 0.021025522 
790 1238 112 86 0.020845897 
648 500 13 15 0.020518012 
600 752 9 10 0.020041188 
