4_Dancing_Dancing_4_514
54
516 35 84 111 0.9959592 
378 114 77 99 0.99433655 
962 657 18 19 0.16085474 
878 711 13 16 0.12713417 
919 650 12 14 0.11829321 
915 805 14 16 0.078740895 
953 551 16 19 0.077222645 
841 606 14 16 0.07195096 
814 629 11 13 0.06819799 
888 797 9 12 0.04508686 
887 790 9 13 0.04485797 
838 630 10 13 0.043662988 
781 802 17 21 0.04325961 
837 649 13 15 0.039639294 
852 800 9 11 0.037161235 
942 452 30 34 0.036064368 
940 646 14 18 0.036040712 
1011 573 12 17 0.035564166 
911 758 8 11 0.03216449 
897 736 9 12 0.030273033 
1012 661 11 17 0.029751984 
24 609 29 33 0.028608399 
933 383 24 27 0.026824258 
868 797 7 10 0.026781522 
927 710 12 14 0.026521444 
464 679 8 11 0.025782151 
969 654 15 18 0.025484787 
905 795 9 11 0.02538071 
965 579 11 14 0.024870751 
961 626 24 29 0.024623511 
146 148 462 426 0.024605433 
828 641 26 32 0.0245984 
944 707 10 12 0.024305245 
925 564 11 14 0.024181008 
866 792 8 11 0.024077727 
903 717 10 14 0.023929559 
869 792 9 12 0.023918686 
769 790 32 34 0.023912897 
878 776 8 9 0.02306831 
965 500 13 16 0.023058126 
305 784 44 32 0.022935841 
969 720 9 11 0.022472667 
943 577 14 18 0.022275446 
902 742 9 12 0.021556016 
909 750 9 12 0.021149786 
974 567 12 13 0.021027654 
930 370 39 48 0.020898314 
887 786 6 9 0.020887103 
907 790 11 13 0.020800255 
905 748 7 11 0.020555284 
895 693 13 16 0.020516537 
910 796 10 12 0.020516146 
949 724 9 12 0.02050049 
355 346 87 78 0.020424385 
