4_Dancing_Dancing_4_57
20
562 137 30 50 0.9220044 
583 202 44 59 0.8789266 
844 162 21 30 0.8042776 
733 158 21 30 0.34653214 
948 198 16 25 0.16971925 
890 164 17 23 0.15844756 
769 167 18 23 0.06472925 
816 163 20 28 0.043500096 
273 16 466 433 0.037515804 
854 167 23 30 0.03481858 
755 178 40 54 0.033949073 
845 158 16 20 0.027120156 
565 181 72 98 0.0251802 
538 152 44 56 0.023310358 
939 171 14 20 0.023148244 
989 147 12 14 0.022168688 
782 189 13 17 0.02198919 
774 188 23 32 0.021674933 
967 128 19 26 0.02133876 
417 229 48 54 0.0207551 
