4_Dancing_Dancing_4_194
20
791 224 38 64 0.2227414 
7 424 81 133 0.11920634 
636 549 62 91 0.08837062 
396 517 12 14 0.07860269 
417 508 16 20 0.03768688 
306 16 450 511 0.03606246 
841 294 185 259 0.03297077 
603 491 44 55 0.032728296 
212 521 49 50 0.028109686 
19 464 88 140 0.026312599 
603 521 32 34 0.023733748 
417 500 15 18 0.021594297 
605 509 54 65 0.021435233 
611 561 63 83 0.021338018 
699 221 382 414 0.021179928 
583 465 59 61 0.02065994 
420 493 11 15 0.020371122 
22 11 441 464 0.020332405 
878 220 81 150 0.020109452 
100 77 254 248 0.020014334 
