4_Dancing_Dancing_4_41
45
550 99 42 77 0.98867536 
130 375 15 20 0.9757766 
600 108 48 65 0.96027124 
20 400 23 29 0.9469759 
196 394 15 18 0.9182441 
229 370 13 17 0.851282 
149 395 21 27 0.8442477 
37 380 19 24 0.81403345 
95 399 23 29 0.80512697 
58 363 14 18 0.7093815 
257 388 14 18 0.6616166 
584 108 41 68 0.56180733 
175 369 16 21 0.55399203 
103 352 14 18 0.20755193 
748 25 14 17 0.1297009 
473 88 55 68 0.09225289 
82 359 13 16 0.089845225 
212 445 11 15 0.06718195 
120 398 12 15 0.052828584 
387 397 13 17 0.052163124 
-2 344 399 501 0.041409392 
309 323 11 15 0.03967 
744 21 12 17 0.035734832 
222 391 10 14 0.03164108 
753 20 13 16 0.03138759 
181 396 10 14 0.02956695 
765 4 13 14 0.029018614 
211 139 11 14 0.028806346 
204 383 10 12 0.028009813 
142 342 11 15 0.027381022 
111 373 11 16 0.027254764 
756 4 15 16 0.026277363 
216 391 11 14 0.025590807 
749 4 13 15 0.02514213 
123 400 14 17 0.024835411 
60 388 15 17 0.024579069 
697 15 6 8 0.024460817 
232 440 9 12 0.022823831 
569 109 32 63 0.022700142 
421 226 33 40 0.022465466 
757 11 12 15 0.021246646 
709 22 10 12 0.021142505 
95 355 12 16 0.02040827 
381 266 619 362 0.020269599 
132 401 13 16 0.020153422 
