4_Dancing_Dancing_4_715
104
410 108 43 62 0.997931 
74 456 39 44 0.99479514 
415 441 33 38 0.9944477 
487 469 37 46 0.99311876 
660 126 41 53 0.9756368 
627 452 32 39 0.9186716 
293 464 32 39 0.8839418 
151 455 26 33 0.31415108 
112 335 16 22 0.19694963 
920 644 9 12 0.15942566 
170 348 17 22 0.12975602 
503 57 10 12 0.09514867 
184 383 27 36 0.09229762 
814 630 12 16 0.090648256 
887 691 10 12 0.083641134 
197 289 11 14 0.06863652 
460 408 14 18 0.064953715 
389 11 13 15 0.062625565 
142 388 16 20 0.061512116 
943 661 14 19 0.06121334 
311 155 14 19 0.057493743 
762 626 13 17 0.054682385 
276 179 11 14 0.053525977 
425 12 14 16 0.053334866 
312 121 16 18 0.0517571 
492 710 41 35 0.04659591 
556 5 15 17 0.04631554 
308 428 16 19 0.042899642 
275 229 12 15 0.041744243 
390 52 12 14 0.04025289 
900 659 13 18 0.038226157 
74 303 12 14 0.036386803 
621 293 35 39 0.036175337 
158 99 9 11 0.035293534 
154 282 13 16 0.034562614 
924 645 11 13 0.032284956 
540 59 10 14 0.03183798 
907 644 24 30 0.031226465 
633 254 17 22 0.030966628 
934 647 11 12 0.030327883 
120 99 9 11 0.030151831 
292 32 14 18 0.029778508 
294 110 12 15 0.029644966 
484 45 11 15 0.028683608 
274 69 11 13 0.028659271 
137 110 11 13 0.028614977 
234 285 13 16 0.028542513 
540 18 13 15 0.027986474 
863 674 12 18 0.027160065 
445 3 13 15 0.026855377 
236 4 12 14 0.026618486 
916 647 14 19 0.026281415 
499 428 13 17 0.02620132 
80 95 10 13 0.025860092 
601 382 91 110 0.025393028 
153 366 11 15 0.0252284 
228 345 12 17 0.024974702 
720 720 30 23 0.024916725 
426 53 12 14 0.024739187 
273 101 10 13 0.024611825 
466 55 12 14 0.024362473 
465 14 13 16 0.024362404 
157 456 15 20 0.024289131 
75 416 14 18 0.024219768 
538 132 15 16 0.023773821 
153 334 10 15 0.023734156 
537 413 11 14 0.023629049 
904 647 10 13 0.023414524 
275 45 11 14 0.023326045 
327 308 15 18 0.023303263 
454 474 26 35 0.023100356 
141 389 24 32 0.022964867 
464 32 14 16 0.02267993 
254 473 50 68 0.022643484 
154 216 14 19 0.022573162 
351 122 15 19 0.022286206 
71 335 15 21 0.02217336 
355 10 12 14 0.022087762 
312 47 14 17 0.021936666 
312 98 14 17 0.021779312 
200 99 11 14 0.021770239 
76 277 12 15 0.021707108 
192 363 15 18 0.021697843 
498 373 13 17 0.021593815 
193 308 13 16 0.02156499 
181 110 10 13 0.021504564 
897 655 11 15 0.021444565 
555 45 13 15 0.021367371 
557 714 13 15 0.021300051 
190 399 17 21 0.021252312 
785 643 11 13 0.021236785 
187 371 24 29 0.021101905 
117 391 10 13 0.020931667 
353 69 13 16 0.020830063 
905 654 17 23 0.020785596 
261 112 9 13 0.020779205 
942 656 12 14 0.020765077 
462 285 14 20 0.020756155 
883 699 14 17 0.020654283 
767 730 14 13 0.02060083 
312 180 11 15 0.02054838 
827 674 31 33 0.020248145 
525 122 11 14 0.0201297 
466 77 13 15 0.020088647 
