4_Dancing_Dancing_4_84
54
852 108 39 48 0.99698657 
133 175 46 54 0.99574643 
699 160 45 57 0.9957365 
478 138 38 44 0.99447906 
536 198 34 51 0.98942065 
273 136 18 21 0.9874012 
149 77 18 23 0.98577535 
344 156 41 49 0.98276836 
732 70 21 26 0.96380335 
221 73 18 23 0.95491344 
788 64 22 25 0.9547162 
603 82 20 27 0.94242513 
53 73 18 22 0.8899742 
406 214 39 55 0.67685777 
451 139 21 26 0.5749586 
765 132 15 19 0.46358672 
185 127 31 38 0.19577165 
674 0 15 16 0.157512 
85 150 16 21 0.14025185 
616 142 13 15 0.09246306 
114 108 10 14 0.08139443 
689 15 12 15 0.069617756 
716 3 12 13 0.06129993 
794 140 41 52 0.0516487 
183 125 13 16 0.05045641 
636 422 37 49 0.04621238 
88 104 10 12 0.04402202 
76 138 25 32 0.04250103 
458 137 24 32 0.04177975 
753 126 36 51 0.040013067 
181 123 24 30 0.03823458 
546 548 18 22 0.0372344 
759 136 14 19 0.036038294 
840 484 11 15 0.03056553 
640 147 12 15 0.030370744 
232 234 46 59 0.029730285 
253 208 55 68 0.02866971 
692 3 17 17 0.028169313 
664 22 10 13 0.027370166 
127 123 10 14 0.026489576 
693 135 24 32 0.02579484 
261 116 10 14 0.025425823 
661 31 20 26 0.02516628 
768 126 15 18 0.024903284 
608 174 12 15 0.024782857 
58 121 42 58 0.023899818 
621 207 11 14 0.023517437 
715 125 33 36 0.023473058 
205 401 40 50 0.023041582 
632 131 10 13 0.022151696 
732 7 11 12 0.021874215 
775 128 37 51 0.021616552 
742 27 29 33 0.02018194 
946 215 14 19 0.020099184 
