4_Dancing_Dancing_4_156
46
903 21 61 65 0.99669826 
156 9 37 52 0.9701189 
538 53 57 88 0.83472556 
471 126 42 58 0.5506595 
669 6 35 53 0.5433281 
215 15 32 35 0.24657594 
315 443 25 27 0.21293148 
489 112 51 74 0.15652072 
192 50 33 43 0.14471112 
518 53 55 70 0.119099826 
640 5 52 54 0.08503128 
306 1 16 19 0.08019399 
294 11 43 69 0.07878186 
503 71 93 100 0.07569592 
33 552 42 57 0.06704133 
760 3 27 29 0.051325977 
229 10 34 38 0.05031138 
600 -7 75 67 0.04889136 
385 641 51 54 0.042032436 
500 57 49 61 0.03960029 
480 98 90 118 0.038979903 
431 646 52 52 0.038351163 
878 0 36 31 0.03730754 
44 5 211 328 0.036375545 
138 266 115 140 0.034627683 
301 200 25 31 0.034376968 
194 38 52 68 0.03192447 
136 304 66 68 0.03168035 
282 18 17 21 0.027976343 
97 0 35 62 0.026237648 
177 28 42 54 0.025819119 
519 237 24 31 0.025619717 
910 49 55 67 0.025606692 
216 18 50 56 0.025328806 
774 91 53 76 0.024760526 
554 0 25 22 0.024200642 
138 2 181 225 0.02373924 
453 76 92 108 0.022586517 
448 132 51 61 0.02162892 
679 24 35 41 0.02145115 
743 329 100 179 0.021365788 
260 58 107 155 0.020861652 
166 13 92 114 0.020498203 
284 17 28 38 0.020385826 
246 -1 173 260 0.020222826 
738 58 42 55 0.020197064 
