4_Dancing_Dancing_4_240
19
109 156 58 74 0.99940336 
837 99 57 73 0.9993697 
254 191 56 74 0.9991566 
529 166 62 76 0.9987936 
683 121 58 73 0.99875605 
398 214 55 69 0.9985794 
120 592 29 35 0.10160964 
305 222 41 53 0.06283376 
124 19 34 41 0.056809787 
310 244 30 38 0.053578846 
172 83 34 36 0.043985013 
341 590 35 41 0.04186592 
446 127 58 74 0.038780745 
125 26 16 19 0.035600003 
131 23 12 14 0.034291785 
321 257 18 24 0.027194003 
188 97 15 18 0.026050327 
912 158 28 38 0.025188921 
440 158 52 63 0.020378107 
