4_Dancing_Dancing_4_1026
42
796 112 114 149 0.99975413 
603 88 100 142 0.99961555 
469 145 103 131 0.9995554 
101 111 112 152 0.99941766 
296 154 92 140 0.9990639 
848 122 102 137 0.98472023 
894 147 72 109 0.65070176 
284 426 192 264 0.23035137 
537 646 10 13 0.14451388 
431 659 11 14 0.09080738 
564 670 12 15 0.07913951 
457 663 7 10 0.07815443 
926 703 16 23 0.07247736 
630 619 14 18 0.06351892 
462 661 8 10 0.06290561 
517 679 9 13 0.05661484 
228 327 302 436 0.0492692 
612 740 18 19 0.046911217 
475 686 12 14 0.046068415 
494 710 11 14 0.04425654 
436 688 13 15 0.04125089 
1012 87 10 14 0.040733904 
457 667 8 11 0.033263788 
922 181 44 56 0.032409 
581 693 12 14 0.031948414 
992 673 13 16 0.03163503 
897 687 48 58 0.030630069 
989 56 15 20 0.029991474 
854 534 11 14 0.028269488 
900 689 28 36 0.027407907 
799 4 13 15 0.02733283 
541 641 8 11 0.026417319 
76 69 346 485 0.025889697 
529 648 9 11 0.025418445 
1013 621 10 17 0.023468412 
804 526 16 20 0.023316637 
461 668 9 12 0.022247983 
982 700 14 16 0.02181723 
533 663 10 12 0.021761717 
918 706 17 21 0.021138592 
458 657 8 10 0.020577231 
501 664 13 15 0.020218622 
