9.478712910117570445e+00
6.077188331333005955e+00
5.195442588877233980e+00
4.754974645320673154e+00
4.363094709961680806e+00
4.168791475151636838e+00
3.922694446016913083e+00
3.847861111358456210e+00
3.687225840967264023e+00
3.534846153105637878e+00
3.438596497059609014e+00
3.328892173780047425e+00
3.224379368200435358e+00
3.186839237327901309e+00
3.107180325751719430e+00
3.036075010539396768e+00
3.052937838564748319e+00
2.980099899159825316e+00
2.983057212792568524e+00
2.919555403255157611e+00
2.851774999610385386e+00
2.912097504753503596e+00
2.769175292098003727e+00
2.763481702771246162e+00
2.763991619933466204e+00
2.742729131405397869e+00
2.728552610931559208e+00
2.669893185535202829e+00
2.683778025533841927e+00
2.713200182296474416e+00
2.616611808131199979e+00
2.670179943990262927e+00
2.638731938406177147e+00
2.555830958541135622e+00
2.535450584918075290e+00
2.587984034789275078e+00
2.599506982253945608e+00
2.552066674782252242e+00
2.506177349083171801e+00
2.475723716070563185e+00
2.515350246503486265e+00
2.499864449458462978e+00
2.442635715151240561e+00
2.465782094284059145e+00
2.456934935951269772e+00
2.529221211285880067e+00
2.457418005927379134e+00
2.477734584666742457e+00
2.429913752294660334e+00
2.377878317116580487e+00
2.414183885215417380e+00
2.349660188117012272e+00
2.402096013030650568e+00
2.386869455156674480e+00
2.382274172621669184e+00
2.383618897255162850e+00
2.401571563922840546e+00
2.412139565863224089e+00
2.410054533308522373e+00
2.317844605431978788e+00
2.331888923706105121e+00
2.299422769776042319e+00
2.320154186588081480e+00
2.325750966268296693e+00
2.336767918061210647e+00
2.325361265172684266e+00
2.386271913266329925e+00
2.314492242135431255e+00
2.263585648611650569e+00
2.257482276949453137e+00
2.250889333175576379e+00
2.284948446856152060e+00
2.343404368982181740e+00
2.231684133040238827e+00
2.212631885263120157e+00
2.240258725130965356e+00
2.216767027617796426e+00
2.217695312738788616e+00
2.274692573458511724e+00
2.301743212407049821e+00
2.035113935834317545e+00
1.979708139700178782e+00
1.961858906740357344e+00
1.914299160232825203e+00
1.913119426253974797e+00
1.902356241680450255e+00
1.858618626956428876e+00
1.863973282670937648e+00
1.854003110393789289e+00
1.814397963765800315e+00
