25_Soldier_Patrol_Soldier_Patrol_25_271
21
140 52 17 20 0.93671954 
523 338 18 20 0.89500594 
566 281 28 34 0.13110998 
565 224 15 21 0.085022695 
518 365 12 14 0.073026836 
519 335 14 19 0.060088836 
506 372 14 20 0.04635181 
232 261 426 594 0.04413085 
476 388 11 13 0.038453057 
509 364 12 14 0.038181536 
157 579 14 16 0.033162612 
518 549 15 16 0.028991178 
558 413 9 12 0.026539935 
31 357 10 12 0.026500996 
556 324 10 15 0.025097854 
892 254 9 12 0.024709795 
487 373 10 14 0.022565957 
562 254 41 65 0.022459503 
134 47 15 21 0.022089845 
686 304 408 549 0.021955222 
608 216 9 11 0.020998003 
