25_Soldier_Patrol_Soldier_Patrol_25_515
83
785 309 18 24 0.9781461 
476 320 14 19 0.9623445 
700 317 15 21 0.9612682 
804 294 18 25 0.9535035 
615 324 12 16 0.95319456 
834 312 18 27 0.9519341 
861 304 15 21 0.934106 
537 312 14 19 0.9048882 
719 302 19 25 0.9034346 
414 317 14 19 0.8956594 
57 308 15 20 0.8767607 
912 312 18 20 0.85282797 
637 309 20 27 0.8071188 
395 311 14 18 0.7614712 
373 322 12 17 0.76005405 
578 324 14 19 0.7498327 
564 338 12 16 0.71612954 
366 297 12 19 0.7009796 
522 316 12 17 0.65486413 
669 311 15 21 0.5057221 
885 325 20 26 0.32458955 
461 314 12 20 0.30256122 
440 333 11 16 0.30057845 
676 310 14 18 0.23825365 
683 309 13 16 0.22861741 
921 309 16 20 0.18331015 
621 306 14 16 0.13761352 
471 317 14 18 0.12569141 
735 323 13 19 0.08613998 
757 306 19 21 0.0842294 
569 412 9 12 0.077988945 
377 307 14 19 0.067809775 
644 301 14 18 0.06198647 
620 411 10 14 0.05724806 
661 304 18 26 0.05230462 
405 313 17 23 0.051692665 
925 398 12 15 0.04964218 
776 399 17 21 0.044239968 
368 300 19 25 0.04295614 
619 317 14 18 0.042634703 
505 404 9 12 0.041464146 
903 312 15 21 0.040668678 
453 332 11 15 0.035988674 
367 315 14 21 0.034196693 
637 328 12 18 0.033453323 
632 332 12 15 0.032948527 
872 307 16 19 0.03232194 
631 313 13 19 0.032225892 
880 328 15 21 0.030627402 
431 332 11 16 0.028884718 
627 307 14 19 0.028685933 
833 396 12 15 0.028510924 
455 385 7 10 0.027823573 
704 374 9 12 0.0276226 
535 341 10 13 0.027409852 
675 318 15 20 0.026321206 
457 309 10 14 0.025874589 
647 305 19 23 0.024749642 
454 322 12 17 0.024439218 
627 349 13 16 0.024414366 
662 340 16 19 0.024227962 
683 319 14 19 0.023993418 
445 327 12 16 0.023919314 
945 396 11 15 0.023729267 
679 373 8 11 0.023506956 
775 308 22 28 0.022957066 
616 303 13 15 0.022810495 
56 304 12 16 0.022131054 
533 368 11 15 0.021933991 
727 328 13 18 0.02191448 
659 299 14 20 0.021879673 
880 412 9 12 0.021791954 
426 317 12 17 0.021659086 
619 327 13 16 0.02148573 
630 340 11 14 0.021185612 
643 442 11 14 0.021152474 
526 400 8 10 0.021113098 
702 301 14 17 0.021015061 
662 403 11 15 0.020876085 
69 322 11 14 0.020828472 
607 415 9 11 0.020773016 
74 306 16 19 0.020739522 
641 357 15 19 0.02010358 
