25_Soldier_Patrol_Soldier_Patrol_25_59
106
463 91 76 89 0.99228233 
591 119 40 53 0.25180176 
477 27 58 70 0.24624851 
350 151 28 41 0.20158732 
608 600 19 21 0.17921378 
626 572 14 17 0.15620746 
21 55 33 38 0.15504257 
927 148 13 16 0.12042086 
331 45 14 17 0.108378455 
86 80 24 28 0.09038374 
383 342 184 224 0.08126459 
592 192 25 33 0.07869522 
468 47 71 95 0.075482 
170 75 17 22 0.071210094 
437 562 14 20 0.07014323 
751 146 12 17 0.068983816 
327 528 41 62 0.05777443 
145 543 10 12 0.05765882 
565 639 45 54 0.056818835 
880 68 12 17 0.04649316 
129 73 27 38 0.046232272 
810 54 14 17 0.0459158 
191 123 13 17 0.0446738 
387 109 57 69 0.04355183 
296 147 14 17 0.041492324 
246 87 21 25 0.03994843 
183 60 11 13 0.039373387 
180 115 14 19 0.038163245 
272 137 11 13 0.038049683 
909 103 11 14 0.0378873 
344 556 24 36 0.037659753 
293 153 15 19 0.036493216 
78 298 10 13 0.03637539 
175 149 12 13 0.03633972 
697 93 17 21 0.036157373 
866 52 14 17 0.034887116 
920 24 16 19 0.033373907 
873 22 15 18 0.033069227 
389 393 56 82 0.03212671 
299 154 14 16 0.031681538 
953 88 16 22 0.030812096 
923 141 15 18 0.030525612 
174 116 14 17 0.029947046 
308 536 49 67 0.029314043 
895 154 15 18 0.029247617 
70 45 21 27 0.029107612 
619 265 13 16 0.02872006 
156 42 12 15 0.028620344 
579 182 31 36 0.028614031 
177 74 15 20 0.028578287 
42 362 17 21 0.028441355 
536 248 59 70 0.028283928 
443 264 32 43 0.027690087 
443 213 37 42 0.027432568 
943 443 65 62 0.027001575 
351 532 10 13 0.026717465 
885 51 12 14 0.026336651 
402 94 77 95 0.02618267 
722 10 30 32 0.025982084 
803 27 21 27 0.025965761 
671 654 10 13 0.02548826 
60 103 21 28 0.025242439 
7 105 39 54 0.025078151 
278 109 21 25 0.024986876 
297 563 56 70 0.024971072 
853 514 47 53 0.024968388 
474 41 37 42 0.024569163 
198 57 12 15 0.024538342 
384 379 107 126 0.02445465 
661 671 17 21 0.024361603 
245 117 13 17 0.02431881 
322 103 28 37 0.02431653 
741 171 16 19 0.02415211 
290 162 16 21 0.023881977 
172 539 52 66 0.023874491 
622 456 49 58 0.023629187 
621 198 16 21 0.023627175 
663 618 13 15 0.023301126 
924 99 13 16 0.023147436 
174 126 20 25 0.023072222 
330 116 17 21 0.022675715 
919 147 13 15 0.022376142 
871 238 14 17 0.022106862 
137 81 17 22 0.022076838 
964 68 13 16 0.022056533 
958 124 12 16 0.021849234 
836 92 15 18 0.021785792 
189 72 16 22 0.021721298 
39 378 14 17 0.021581786 
131 38 13 17 0.02118312 
174 140 14 18 0.020999081 
679 452 60 76 0.020990642 
900 92 10 12 0.020935878 
370 660 40 38 0.020573985 
236 99 14 19 0.020563811 
917 239 8 11 0.020505209 
272 116 23 27 0.020473124 
227 578 63 62 0.020472206 
103 189 8 9 0.020436924 
724 25 29 32 0.020367244 
895 120 15 18 0.020271908 
260 129 23 25 0.020241277 
611 511 41 38 0.02020929 
-1 73 13 21 0.020101164 
259 138 13 16 0.020041503 
728 316 13 16 0.020019596 
