25_Soldier_Patrol_Soldier_Patrol_25_437
18
701 279 31 51 0.9870481 
369 382 25 44 0.7464546 
255 120 32 49 0.5439138 
276 60 59 67 0.095218435 
508 106 45 60 0.07541474 
318 375 26 40 0.051915877 
701 164 55 80 0.0500257 
122 190 27 34 0.04201934 
345 386 38 46 0.039660826 
326 379 35 46 0.03589448 
626 524 18 22 0.033125173 
227 129 45 52 0.032842413 
216 124 36 47 0.027257435 
554 44 68 79 0.023888418 
266 130 18 28 0.023302222 
646 360 14 18 0.022026565 
603 250 108 125 0.02197472 
331 8 11 13 0.02018885 
