25_Soldier_Patrol_Soldier_Patrol_25_325
55
424 125 57 71 0.9990736 
97 207 51 58 0.99804485 
765 277 31 34 0.99658257 
669 203 42 52 0.9885056 
280 197 40 48 0.9836263 
823 301 27 31 0.98246 
852 309 25 29 0.9744648 
528 196 46 56 0.9343359 
882 325 21 25 0.71892023 
839 302 26 31 0.3770942 
648 413 20 25 0.28573132 
750 305 13 15 0.15010998 
854 356 14 16 0.14911206 
743 428 11 16 0.11930542 
763 455 13 17 0.1083375 
907 332 12 15 0.105773345 
272 508 10 14 0.07369604 
441 380 10 13 0.072942905 
894 328 20 24 0.06557928 
908 340 14 17 0.05579313 
892 318 10 12 0.05081441 
656 182 17 22 0.044431113 
789 463 12 15 0.044042945 
466 396 17 23 0.041629117 
726 262 23 27 0.03774611 
746 429 15 19 0.036197606 
589 453 23 28 0.03438728 
645 381 10 13 0.033319894 
653 380 11 12 0.032874946 
194 6 63 69 0.03267773 
777 349 15 19 0.031281307 
605 357 10 12 0.030596038 
503 206 54 67 0.030292861 
7 377 26 35 0.028007662 
485 225 12 15 0.02751794 
691 414 13 18 0.027356366 
727 448 11 16 0.027140468 
912 359 8 11 0.026861327 
395 613 49 53 0.026383987 
741 342 39 53 0.025776535 
885 355 10 14 0.025190795 
749 395 11 14 0.024431886 
114 506 14 19 0.023800738 
863 304 12 15 0.023515046 
775 381 25 30 0.023212222 
714 174 10 13 0.022981111 
151 496 9 11 0.022640562 
881 356 10 14 0.02235635 
240 9 55 67 0.022198021 
783 454 9 12 0.022046654 
300 304 30 41 0.020534923 
562 472 28 30 0.020495944 
464 241 31 38 0.020452524 
320 461 29 38 0.020343043 
865 308 15 19 0.020131702 
