25_Soldier_Patrol_Soldier_Patrol_25_18
29
230 41 49 60 0.99588996 
753 393 18 21 0.9600576 
830 411 12 15 0.93769276 
906 439 17 20 0.69664353 
505 375 15 19 0.4721305 
588 437 9 12 0.4655966 
644 402 16 18 0.088401236 
314 284 24 28 0.07758977 
789 451 12 15 0.06839787 
1012 533 9 13 0.06505724 
771 414 11 13 0.05202651 
783 453 12 15 0.05152431 
804 501 11 14 0.04560507 
244 102 33 32 0.04505616 
825 435 17 19 0.04390887 
876 480 10 13 0.04066015 
918 478 36 47 0.034735076 
639 394 14 17 0.028637556 
827 428 14 17 0.028161723 
203 264 16 20 0.027968861 
168 288 430 566 0.02702695 
248 356 11 13 0.025070714 
651 409 14 16 0.023971349 
788 429 10 13 0.023835616 
509 368 12 15 0.023295674 
274 383 39 62 0.022791132 
313 149 45 68 0.022064127 
527 458 14 18 0.021001209 
513 372 13 17 0.02070853 
