25_Soldier_Patrol_Soldier_Patrol_25_986
23
397 110 139 176 0.99783856 
182 385 210 361 0.7150209 
546 1376 26 36 0.06795207 
1006 1253 12 17 0.06506027 
986 1493 21 22 0.058524415 
957 1275 13 17 0.037781812 
841 1370 17 19 0.034334477 
727 1450 38 44 0.034205377 
986 1247 9 12 0.032940116 
154 315 399 521 0.03003016 
142 1875 59 50 0.029847194 
544 1343 70 97 0.029543445 
272 336 22 34 0.027589666 
605 1281 101 144 0.027239976 
998 1258 12 15 0.026017696 
27 1390 34 44 0.026006889 
868 1264 24 30 0.024140596 
572 1378 29 35 0.022426868 
181 1359 399 482 0.021933796 
-80 1485 462 509 0.021141643 
582 1303 81 128 0.021065194 
304 772 191 307 0.02099806 
973 1237 10 13 0.020894378 
