25_Soldier_Patrol_Soldier_Patrol_25_873
49
411 141 32 35 0.9967746 
489 133 40 46 0.9876511 
748 109 23 26 0.9835475 
231 190 23 26 0.95424235 
571 139 30 39 0.7120681 
105 205 14 17 0.6567043 
331 183 12 14 0.5390865 
64 215 10 13 0.33652997 
746 0 210 118 0.23082303 
46 228 10 13 0.17123598 
939 498 41 54 0.13365039 
546 141 24 33 0.06465407 
126 279 15 20 0.060450178 
141 300 10 13 0.039997105 
823 201 13 15 0.039378736 
451 198 30 39 0.03783486 
143 213 13 18 0.03612355 
221 218 14 19 0.03400315 
52 228 10 13 0.033262946 
77 224 10 12 0.03242341 
932 513 70 60 0.03171308 
213 261 9 11 0.031150334 
92 189 12 14 0.030645259 
153 261 10 12 0.0299758 
219 211 15 19 0.029090175 
774 197 9 11 0.028357912 
405 225 29 36 0.026792768 
280 197 10 15 0.026722671 
216 197 12 16 0.026526524 
18 195 15 17 0.024363877 
318 205 13 17 0.024111459 
86 238 9 12 0.023977041 
117 285 13 16 0.023356099 
576 238 26 40 0.023077339 
216 269 10 13 0.02305005 
549 200 33 42 0.022518653 
71 221 9 12 0.022398837 
138 317 17 22 0.022178333 
142 282 12 16 0.02204616 
772 220 14 18 0.021611713 
326 174 15 18 0.021314105 
343 196 13 15 0.02129523 
53 261 10 12 0.021281946 
352 247 8 11 0.021124266 
285 151 25 33 0.02092661 
219 202 14 19 0.020839276 
224 172 13 17 0.020838965 
203 168 13 17 0.0205812 
137 216 20 27 0.020082267 
