25_Soldier_Patrol_Soldier_Patrol_25_679
52
122 199 36 44 0.99852633 
868 40 39 45 0.99764377 
435 61 38 44 0.9975827 
202 175 44 52 0.9972045 
85 179 28 35 0.99681026 
599 152 83 105 0.9958475 
309 97 28 31 0.99054796 
307 128 40 50 0.98954576 
491 150 29 37 0.98420286 
33 123 15 18 0.9712554 
367 133 44 58 0.12367348 
51 185 17 21 0.09681235 
161 92 30 36 0.08409618 
252 147 39 47 0.08285052 
145 419 27 30 0.07950116 
7 142 42 53 0.07853331 
54 164 25 33 0.065521866 
141 149 10 13 0.058604192 
278 133 20 31 0.057026956 
420 73 18 24 0.051172297 
119 171 14 17 0.04614233 
135 149 10 14 0.042713113 
7 160 23 36 0.03776657 
36 150 12 16 0.034024578 
105 174 22 32 0.03394964 
339 377 17 22 0.033465296 
25 159 18 21 0.03124744 
348 383 12 17 0.029344551 
327 379 29 38 0.02821632 
244 129 22 32 0.026489964 
285 132 23 36 0.025903895 
-1 166 18 33 0.025680171 
266 140 27 34 0.025206521 
477 209 26 34 0.025187569 
380 149 52 58 0.02487522 
427 71 28 32 0.024417508 
18 166 19 25 0.024145074 
61 163 16 21 0.02367729 
18 178 14 20 0.022885073 
66 182 14 21 0.022565672 
318 329 19 21 0.022311745 
829 91 10 13 0.022221131 
940 268 12 15 0.022081578 
115 169 21 29 0.022014432 
63 263 11 13 0.021312134 
504 152 28 35 0.0212938 
246 139 28 35 0.021273565 
175 96 17 21 0.02107072 
355 197 11 15 0.020678159 
856 254 11 14 0.02035253 
516 148 27 37 0.020207891 
20 155 16 20 0.020028275 
