25_Soldier_Patrol_Soldier_Patrol_25_527
19
332 200 45 62 0.9980946 
754 192 30 34 0.99794155 
108 285 37 45 0.9882012 
864 152 42 58 0.9878687 
698 158 32 50 0.9035401 
509 269 26 28 0.8736311 
249 243 183 324 0.06219879 
782 325 13 17 0.044670884 
582 21 9 11 0.03616721 
523 306 16 20 0.032751013 
322 127 415 575 0.031767733 
366 51 15 18 0.028668081 
537 153 9 12 0.024905873 
705 161 19 28 0.024234869 
474 285 401 534 0.024008002 
108 343 37 46 0.023238959 
171 110 368 492 0.022862723 
697 273 442 559 0.020837827 
708 165 36 46 0.020655056 
