25_Soldier_Patrol_Soldier_Patrol_25_936
22
208 101 60 72 0.99436307 
635 244 121 124 0.04999176 
463 304 157 204 0.048664406 
8 333 85 107 0.04652347 
228 485 59 66 0.04504512 
418 176 287 334 0.041855898 
605 151 484 572 0.040006865 
303 466 123 110 0.036643047 
566 190 201 233 0.030092314 
529 316 370 461 0.029201142 
219 464 112 116 0.027593497 
784 91 218 196 0.025734484 
529 448 239 268 0.025318107 
161 265 362 441 0.024204299 
326 478 75 71 0.023666522 
252 499 54 65 0.023324544 
207 408 223 213 0.022350758 
239 476 33 41 0.021772258 
387 -9 111 105 0.02169394 
111 146 25 26 0.02121181 
181 485 213 211 0.021121496 
67 468 376 363 0.021081464 
