25_Soldier_Patrol_Soldier_Patrol_25_1029
43
254 360 58 70 0.99861896 
119 438 62 77 0.9985802 
155 201 49 59 0.9967732 
580 141 31 43 0.99653983 
555 328 29 39 0.99267864 
660 309 35 43 0.99126196 
458 178 46 56 0.99117345 
514 385 40 65 0.9906096 
609 295 39 44 0.9887362 
735 139 61 75 0.987375 
248 181 42 54 0.96953773 
500 185 31 41 0.96866727 
716 185 39 48 0.963848 
872 169 43 48 0.9631851 
658 192 29 41 0.9130726 
624 226 16 19 0.29659024 
609 139 22 30 0.17881182 
738 357 26 36 0.09201936 
478 187 40 43 0.0815292 
257 616 15 20 0.07494304 
433 163 9 11 0.06672213 
628 159 12 17 0.062132973 
421 172 10 12 0.061331905 
640 182 22 32 0.05817466 
384 182 9 11 0.05166413 
593 144 26 34 0.04856029 
968 237 46 67 0.047782067 
864 614 52 56 0.047637127 
740 363 16 22 0.04723391 
785 113 42 65 0.040561195 
829 109 51 73 0.037177697 
856 176 62 72 0.035196643 
406 166 9 12 0.03275096 
389 182 8 11 0.028029207 
654 197 17 27 0.026463486 
444 618 49 48 0.025130259 
410 184 8 10 0.02268816 
708 338 50 66 0.022634527 
622 154 15 20 0.022570921 
605 222 24 29 0.021991333 
598 51 427 481 0.020442052 
411 204 11 16 0.020356825 
545 154 23 29 0.02035042 
