25_Soldier_Patrol_Soldier_Patrol_25_9
34
522 397 50 79 0.86404735 
709 153 139 178 0.24315469 
254 349 11 13 0.19277859 
247 339 13 17 0.15219276 
566 162 137 104 0.14002141 
722 204 62 96 0.06879832 
254 354 12 15 0.06844361 
672 155 113 140 0.0517818 
187 316 11 14 0.050857272 
496 432 480 399 0.041506328 
542 405 66 74 0.04094129 
300 691 12 15 0.038501814 
233 279 10 12 0.032984916 
616 565 317 209 0.032908406 
723 150 223 248 0.03201503 
766 140 142 166 0.029330771 
227 355 12 13 0.028306035 
253 308 13 14 0.02756664 
278 352 8 10 0.02749145 
197 307 11 14 0.026994988 
258 350 12 14 0.026709765 
381 350 11 13 0.026518162 
291 679 7 9 0.026154112 
352 336 15 19 0.025284423 
602 103 409 424 0.025070434 
318 312 10 12 0.024908073 
248 344 20 23 0.023410412 
273 352 9 10 0.022848826 
206 341 15 18 0.022743635 
182 334 9 11 0.02225486 
213 316 13 16 0.021918343 
176 316 10 13 0.020700293 
191 311 11 15 0.020077994 
644 392 44 51 0.020020768 
