25_Soldier_Patrol_Soldier_Patrol_25_700
35
81 426 25 33 0.9839535 
540 369 31 42 0.91081023 
477 415 19 23 0.6043947 
172 390 25 34 0.23665561 
586 416 15 20 0.22002804 
209 403 24 28 0.13719258 
228 406 15 24 0.112068385 
67 391 15 20 0.0906822 
99 401 21 26 0.08088306 
150 389 23 33 0.07174187 
51 424 15 17 0.06266021 
123 394 15 21 0.06135148 
127 392 21 27 0.051391277 
875 388 31 33 0.044238612 
459 422 11 13 0.038207594 
429 418 13 17 0.03680139 
111 395 20 29 0.036757693 
157 388 33 40 0.035403382 
137 397 17 23 0.034153424 
184 398 17 23 0.03185037 
188 396 25 33 0.031352602 
674 322 120 108 0.030817121 
397 511 12 15 0.030636508 
524 372 32 37 0.02948091 
574 420 15 17 0.028592572 
233 406 24 28 0.027066417 
680 465 74 63 0.026157841 
594 411 14 21 0.025796833 
74 390 14 19 0.025156474 
94 407 16 20 0.023866052 
597 407 11 13 0.022845687 
60 395 19 26 0.022556005 
197 410 13 19 0.02166366 
553 377 27 37 0.021508208 
101 408 23 32 0.020221176 
