25_Soldier_Patrol_Soldier_Patrol_25_728
18
606 87 120 153 0.9989312 
430 238 11 15 0.063125156 
98 652 38 34 0.04679631 
274 670 19 18 0.04675634 
334 286 14 17 0.036478873 
42 28 32 39 0.03437407 
809 380 10 13 0.031213755 
155 658 27 28 0.029914439 
46 99 24 29 0.028680298 
158 271 27 32 0.026606165 
644 42 43 53 0.02605638 
351 475 14 16 0.025533073 
816 403 25 28 0.023593137 
164 228 22 28 0.022528896 
432 345 12 15 0.021986406 
455 211 10 13 0.021819217 
138 565 55 72 0.020916233 
827 404 14 17 0.020306392 
