25_Soldier_Patrol_Soldier_Patrol_25_614
19
337 310 21 27 0.0855459 
320 326 12 15 0.084022865 
384 281 16 18 0.057135284 
252 328 424 508 0.0436475 
273 91 34 49 0.042857505 
112 483 77 79 0.038212415 
295 220 14 16 0.03795996 
477 285 56 66 0.035918817 
370 272 30 32 0.029547652 
321 18 509 497 0.028196184 
317 27 15 18 0.026465837 
98 386 169 212 0.025831608 
823 145 12 18 0.024663014 
323 317 11 16 0.024071347 
224 330 39 36 0.023410551 
102 195 53 77 0.022561876 
318 325 19 24 0.022014435 
73 438 112 145 0.020923251 
856 110 11 12 0.020668881 
