25_Soldier_Patrol_Soldier_Patrol_25_121
125
685 91 58 70 0.99683005 
274 93 15 17 0.3177498 
229 195 12 15 0.24374755 
188 83 11 14 0.24343167 
230 167 9 11 0.13499 
360 328 10 13 0.12703304 
705 50 16 19 0.12099408 
200 85 12 14 0.09317538 
200 192 10 13 0.090737015 
265 287 10 12 0.06781851 
397 189 14 18 0.06329569 
253 111 10 13 0.059500027 
58 130 20 22 0.056350704 
35 180 11 14 0.050827675 
351 317 10 12 0.05049795 
93 431 11 14 0.05037521 
252 140 10 13 0.04949234 
207 209 10 12 0.049036566 
226 379 27 30 0.046354573 
213 281 16 20 0.046335004 
395 190 23 28 0.04622876 
137 198 11 14 0.046012547 
186 300 15 20 0.04459773 
38 248 11 13 0.04408817 
269 291 10 12 0.04118236 
697 455 30 39 0.039414544 
429 222 12 15 0.038086787 
64 62 8 12 0.035624627 
279 294 11 13 0.035402905 
194 134 10 13 0.034331065 
351 322 11 14 0.03380584 
186 187 12 15 0.033190027 
309 92 10 12 0.032111287 
197 79 13 16 0.032073956 
129 411 12 14 0.031694513 
680 112 39 46 0.03158632 
265 94 10 14 0.03134453 
230 159 10 14 0.031338155 
489 224 35 51 0.030088624 
264 -49 483 461 0.030037018 
405 216 12 16 0.02951483 
101 100 9 12 0.029433139 
117 0 10 10 0.029203724 
26 593 25 29 0.02919792 
225 192 11 13 0.029046817 
234 198 12 14 0.028964963 
232 125 8 10 0.028758364 
269 87 14 17 0.028402837 
776 189 31 40 0.028341034 
13 109 10 14 0.028086213 
356 316 11 14 0.028001893 
295 276 9 11 0.027825134 
213 184 8 9 0.027701033 
247 147 10 13 0.027465444 
251 116 9 12 0.027144376 
437 225 14 16 0.027121393 
301 305 12 15 0.026930852 
191 62 9 11 0.026790893 
264 256 8 10 0.02666066 
35 3 13 15 0.026447667 
358 79 10 12 0.026363308 
125 157 11 13 0.02629799 
206 190 9 11 0.02629594 
5 118 12 14 0.026283052 
706 379 18 20 0.025691455 
100 8 9 11 0.025557185 
134 422 13 16 0.025543995 
341 2 13 13 0.025085602 
310 286 8 11 0.02505588 
32 13 12 15 0.024781227 
280 92 16 18 0.024665654 
787 207 53 74 0.024599846 
681 414 10 13 0.024474116 
280 300 10 13 0.024417307 
214 158 9 11 0.024246162 
236 375 18 22 0.024229705 
200 116 12 15 0.024068857 
112 180 9 12 0.0240446 
290 79 10 13 0.024002943 
287 182 10 12 0.02400187 
765 259 10 13 0.02389735 
257 75 9 12 0.023858821 
236 334 12 14 0.023812374 
238 56 8 10 0.023469826 
457 206 10 14 0.023405533 
95 146 12 16 0.023362508 
45 253 9 13 0.023200706 
573 227 72 84 0.023167456 
185 79 19 23 0.02295182 
196 139 10 13 0.022844905 
205 281 15 19 0.022819722 
109 133 10 13 0.022720203 
54 220 12 16 0.022609843 
159 71 9 11 0.022476574 
223 136 8 9 0.022103857 
250 110 9 12 0.02191256 
261 279 12 15 0.021884238 
253 284 12 15 0.021861095 
280 140 11 13 0.021677082 
118 182 8 11 0.021594176 
6 85 9 13 0.021555442 
95 619 13 16 0.021385824 
434 216 22 26 0.021298312 
113 237 11 14 0.021285105 
56 216 10 12 0.021266747 
213 188 9 12 0.021255573 
17 236 8 11 0.021240167 
62 610 140 91 0.021187017 
159 76 11 15 0.02099572 
113 93 8 11 0.020863935 
81 8 8 11 0.020861402 
110 88 10 12 0.020809095 
165 76 12 16 0.020777706 
96 97 10 12 0.020775251 
185 62 9 10 0.020752516 
670 64 51 64 0.020749973 
141 191 14 17 0.020716878 
85 102 10 13 0.020689402 
179 212 14 16 0.020581963 
700 55 16 20 0.020555835 
203 90 11 13 0.020479014 
74 2 370 512 0.02041793 
306 89 9 11 0.020225817 
351 276 9 11 0.02005919 
375 222 10 12 0.02005727 
