25_Soldier_Patrol_Soldier_Patrol_25_440
19
558 74 60 72 0.9927119 
36 186 52 61 0.8626061 
314 593 47 52 0.06993185 
323 614 29 30 0.062521935 
-37 2 483 576 0.061682835 
337 618 16 21 0.045021955 
206 732 9 11 0.043951612 
519 -153 506 560 0.04167724 
578 495 17 21 0.032513898 
1003 374 10 13 0.030396659 
595 708 56 56 0.02926157 
465 604 18 22 0.027947582 
706 40 263 292 0.024935607 
930 633 8 9 0.02263095 
272 726 10 13 0.021693056 
855 377 86 124 0.021300752 
583 474 12 15 0.021279171 
698 492 9 11 0.020920064 
303 441 8 10 0.02007469 
