9.548230868985193354e+01
8.410750860309008203e+01
7.839915857552000489e+01
7.445083189602964069e+01
7.145526145852130639e+01
6.878377367843012280e+01
6.654139897541969617e+01
6.435171528188338641e+01
6.246160505425115872e+01
6.067588347381686731e+01
5.902847586211210285e+01
5.740838311621861578e+01
5.602299011420019070e+01
5.468946801653559930e+01
5.334262012694933475e+01
5.209064969068728601e+01
5.095519191730096509e+01
4.980098146533373438e+01
4.876451251817785959e+01
4.850242929577086670e+01
4.836557606140279120e+01
4.818112270876487457e+01
4.826334976705705060e+01
4.816915091372424484e+01
4.820611462237672384e+01
