3.064630303818308033e+00
2.024299044025361027e+01
3.456419816231211684e+01
4.377837310982201302e+01
4.955438199894015128e+01
5.339379062852916036e+01
5.531967223525961685e+01
5.748064990093354254e+01
5.795463200762183220e+01
5.936990976603994596e+01
6.049623550963565322e+01
6.243479453311304184e+01
6.250561395141682652e+01
6.231461272216966307e+01
6.355827320619632559e+01
6.405594750088656042e+01
6.456036569757749533e+01
6.460855802398765491e+01
6.676794859186928477e+01
6.699852041258147040e+01
6.714847627843232658e+01
6.748195453115110354e+01
6.768095525517182409e+01
6.692266998691023616e+01
6.731270950034638645e+01
