1.404222366019435597e+01
9.067624696385786720e+00
7.078043572882317669e+00
6.030555597512248234e+00
5.400395966788626545e+00
4.880710158867310078e+00
4.557807062700483414e+00
4.202505555964126671e+00
3.970652023931930508e+00
3.755280155214185900e+00
3.633302910762451265e+00
3.446497422174452208e+00
3.318453324773574575e+00
3.190412725084779577e+00
3.100819089559849751e+00
3.002810862216149790e+00
2.953140708843466022e+00
2.863348038867115974e+00
2.604004931433693049e+00
2.513598889372779865e+00
2.504053269073320820e+00
2.465405219240310863e+00
2.537380550762418530e+00
2.476546687438436312e+00
2.542567298412091503e+00
