3.357006464037835869e+00
2.867512466790883341e+00
2.575510415693988087e+00
2.379118138125964510e+00
2.242262406887845394e+00
2.130808051837527195e+00
2.045510420517891781e+00
1.977015756186306206e+00
1.914690646186748557e+00
1.875364703999728100e+00
1.838265130192226593e+00
1.785143149773711801e+00
1.763813161308535937e+00
1.740700943939248901e+00
1.702900454772185102e+00
1.681387016815798718e+00
1.669924260874897870e+00
1.653467006911957471e+00
1.573399310549778995e+00
1.551732558086051705e+00
1.545858655078625743e+00
1.528494743965797653e+00
1.550031904038620345e+00
1.537731487882433523e+00
1.529530520811214211e+00
