2.990729677714175860e+00
2.494219042351527360e+00
2.266970304487654797e+00
2.126360354105137684e+00
2.028206177009558964e+00
1.981120502263862937e+00
1.928465397942880744e+00
1.898367134291933267e+00
1.839200296720362671e+00
1.824596554799849946e+00
1.791037001928187378e+00
1.775181412160026451e+00
1.766326639222802530e+00
1.742894214502772821e+00
1.726211816461189930e+00
1.713035754313380066e+00
1.679862358832951763e+00
1.687159884864499082e+00
1.668190776468804204e+00
1.659739155243642683e+00
1.660536870082713001e+00
1.644678774901798812e+00
