2.608127576094236399e+00
1.827708176194881018e+00
1.614034245140063772e+00
1.510216129399974960e+00
1.414290826286403346e+00
1.362560437790910628e+00
1.296041230047526582e+00
1.277904627157479434e+00
1.250048542929732331e+00
1.221172244009208985e+00
1.197921360256323897e+00
1.166190863016599355e+00
1.134352819362412390e+00
1.130370903663013182e+00
1.113827793825394652e+00
1.093047772278511687e+00
1.101075915807152361e+00
1.085580097050955484e+00
1.075285717595067858e+00
1.062348161730336749e+00
1.043372234160670597e+00
1.057678029903714068e+00
1.031820165176199122e+00
1.034565754239418434e+00
1.025429762404712841e+00
1.022087325333901120e+00
1.019420565900780451e+00
inf
1.006856629733713593e+00
1.004843563558707409e+00
9.858388796078492167e-01
9.930087933027595959e-01
9.922985820018727088e-01
9.731372598581802258e-01
9.678579575341680341e-01
9.737396423282645985e-01
9.794773079963944307e-01
9.724513608615220628e-01
9.570921403488942270e-01
9.561495171871429166e-01
9.593352455460691930e-01
9.561675989896244454e-01
9.491415665016411651e-01
9.529805510727145101e-01
9.502220374919613244e-01
9.530854608423962038e-01
9.477950800511036888e-01
9.472594617732933431e-01
9.447003299682776856e-01
9.297887962149536945e-01
9.357728896118839845e-01
9.262479928617151081e-01
9.302615069685885585e-01
9.341246590481041556e-01
9.247291288159278366e-01
inf
9.237254001431584038e-01
9.310378551483153853e-01
9.336506086615672384e-01
9.162159638213259738e-01
9.198440914614970376e-01
9.128012108668592806e-01
9.111241510334592286e-01
9.173722599557837531e-01
9.207063653500553446e-01
9.125233683850824118e-01
9.177259252076933604e-01
9.128370904890091841e-01
inf
9.057963867735417951e-01
9.044201052846004840e-01
inf
9.064487695092370290e-01
9.044050378481979235e-01
8.890736554165064032e-01
8.978351724582799287e-01
8.926352633267455872e-01
inf
9.046009416165559092e-01
9.103409350890180329e-01
8.377722665505564770e-01
8.192284990773067710e-01
8.071706610436765184e-01
7.999557214933707971e-01
8.010264105956006464e-01
7.965879659960913850e-01
7.891576091834107132e-01
7.907314994736858171e-01
7.918812458582731306e-01
7.754269812788282534e-01
7.835913390684756674e-01
7.782251411296936539e-01
7.759288477393225802e-01
7.847971104201137971e-01
7.796512663109887997e-01
inf
7.757537082323561206e-01
7.771230579995961341e-01
7.749441157471134156e-01
7.782620652700248387e-01
7.684421861486405714e-01
7.803712690885392655e-01
7.785490201126714638e-01
7.755747194916750020e-01
7.727849100132165860e-01
7.738495348287480757e-01
7.734146004808800656e-01
7.699101806658765756e-01
7.766125234202568839e-01
7.658932237891676875e-01
7.719923198014867483e-01
7.751388666260501381e-01
7.764454792166903818e-01
7.743525694014492533e-01
7.786158956124545893e-01
7.714251899455459860e-01
7.749216093895783253e-01
7.772546662862256373e-01
7.705620503041500369e-01
7.693378585627915767e-01
7.693827501457670692e-01
7.719668221885558346e-01
7.653025827746583465e-01
inf
7.716599541999723533e-01
7.617264701296453389e-01
7.652067045085363395e-01
7.696602003637308398e-01
7.700649867216067257e-01
7.657465875889203355e-01
7.678911023258422341e-01
7.722348674067429641e-01
7.726134443019302411e-01
7.696468502815280166e-01
7.691093950029115334e-01
7.751380445724873613e-01
7.678962559780534436e-01
7.658003143919921429e-01
7.705672244523993353e-01
7.689645406113277959e-01
7.683569349070883403e-01
7.689274595367797671e-01
7.676742048459763712e-01
7.718783122944350428e-01
7.770382201356917928e-01
7.694721087790239444e-01
7.767864680901077623e-01
7.669745466515699439e-01
7.750711288904736929e-01
7.626817204636631153e-01
7.667889627842059408e-01
7.674896404239701653e-01
7.696280022215399308e-01
7.643183588287475461e-01
7.713132586353314002e-01
7.678973064705821860e-01
7.653099212286450514e-01
7.638144858227753353e-01
7.627684472950163608e-01
7.622841497732800731e-01
7.703914306919026345e-01
7.655609416804328715e-01
7.650661716966525860e-01
7.625409163442087301e-01
7.642517719602918147e-01
7.634000574070844980e-01
7.676270742524670121e-01
7.627309477778140279e-01
7.553694830733056476e-01
7.629990522767076122e-01
7.634667450388581411e-01
7.611553943073897655e-01
7.646255248081610389e-01
7.702619585376349054e-01
7.687989533595417369e-01
7.660509667064276940e-01
7.623386807369519902e-01
7.621830633777824104e-01
7.574645699551386668e-01
7.667236673582044082e-01
7.635294147298572476e-01
7.654341259612614801e-01
7.585693302894045420e-01
7.583327541417032025e-01
7.602707576423143321e-01
7.589492598536962120e-01
7.678972139931428131e-01
7.627566913432031193e-01
7.625438974857885466e-01
7.636240213970589830e-01
7.632091928666793201e-01
7.588103281993487936e-01
7.563772698366864056e-01
7.662564123963346852e-01
inf
7.628189105471098186e-01
7.623994635128826802e-01
7.685495130926000007e-01
7.611011870066571872e-01
7.592738446542379727e-01
7.626183644723818489e-01
7.563694703467884750e-01
7.647401670838549492e-01
7.610880992219130059e-01
7.631260492509196469e-01
7.621506432591943492e-01
7.644533162971275386e-01
7.563145188047833978e-01
7.632075034035659122e-01
7.661565657959591435e-01
7.623691110576716889e-01
7.598788055134301223e-01
7.544234965644452950e-01
7.628061916517174801e-01
7.578853512981108542e-01
inf
7.594789770958216835e-01
7.669350897418971691e-01
7.575185477964996306e-01
7.586677202954887900e-01
7.663842568625204299e-01
7.653942047346452560e-01
7.546957937595637489e-01
7.579157034640912061e-01
7.588213062411324206e-01
7.670141963831941245e-01
7.649114927589337753e-01
7.525276425485469822e-01
7.650389804996503562e-01
7.600153370072012526e-01
7.572879976714435024e-01
7.568466675462004467e-01
7.529053831553977894e-01
7.590818513323616124e-01
7.639594726264476998e-01
7.572519029635265131e-01
7.567935328884339841e-01
7.562496769201496605e-01
7.535246023804134108e-01
7.540681140994803799e-01
7.594322239297517374e-01
7.562029565690282507e-01
7.600279383315062809e-01
7.535112901619687165e-01
7.613345218787652691e-01
7.522204479306751068e-01
7.510732310853018845e-01
7.577779971595320907e-01
7.595091491960775931e-01
