23_Shoppers_Shoppers_23_60
41
144 507 22 36 0.9835443 
393 583 15 21 0.9485709 
268 551 16 21 0.5204153 
211 552 14 18 0.36770117 
518 587 10 13 0.20583339 
102 518 21 25 0.19843002 
221 548 15 21 0.14554483 
693 604 12 15 0.11678832 
559 577 11 11 0.080598205 
167 626 22 30 0.07945668 
257 551 24 29 0.06934918 
0 662 22 53 0.051009167 
463 589 13 15 0.048576817 
200 597 49 69 0.045874257 
503 583 9 11 0.031934496 
108 510 14 20 0.030144453 
701 604 10 13 0.029890742 
464 595 20 26 0.029175792 
113 514 15 24 0.029153317 
195 596 30 41 0.028989172 
121 803 18 21 0.028452875 
776 608 9 12 0.028011397 
848 466 19 24 0.026915487 
513 584 10 12 0.026387751 
477 588 10 15 0.026349755 
711 607 8 11 0.025706815 
213 551 22 28 0.025240948 
193 568 58 70 0.024698585 
562 579 12 14 0.024482409 
495 584 9 11 0.024157908 
672 600 9 11 0.023999132 
178 614 32 43 0.023816226 
191 545 43 49 0.023388958 
481 614 10 15 0.022791704 
649 587 10 12 0.022096118 
193 588 25 32 0.021869918 
125 520 19 23 0.021791445 
653 584 8 11 0.020646024 
648 597 9 13 0.020590322 
149 503 14 19 0.020348515 
121 507 47 48 0.020146485 
