23_Shoppers_Shoppers_23_511
136
748 573 10 13 0.5949493 
55 302 9 11 0.36635715 
645 302 13 16 0.2977083 
322 209 14 17 0.28676677 
220 582 14 16 0.24924688 
637 300 13 17 0.21876012 
64 285 8 10 0.21282974 
853 560 7 10 0.19783923 
500 318 13 15 0.19401735 
134 554 13 15 0.16483521 
843 322 14 19 0.16064014 
780 633 19 21 0.14197923 
718 334 10 14 0.13349453 
741 214 11 15 0.124134 
243 122 12 17 0.116508 
893 342 11 13 0.11640742 
650 307 12 14 0.098170094 
344 213 10 12 0.09809431 
729 194 13 17 0.09793073 
694 318 12 14 0.09728204 
47 39 10 12 0.094485864 
736 323 12 14 0.09265911 
292 135 10 14 0.092502035 
531 13 8 11 0.08693985 
704 603 22 28 0.08657439 
82 91 11 15 0.08028987 
749 277 10 12 0.07710234 
448 302 8 11 0.075764254 
605 340 9 12 0.07513085 
480 320 10 13 0.07209917 
382 250 11 14 0.068713 
86 46 11 14 0.06494497 
142 353 39 53 0.06360762 
417 284 9 11 0.06018947 
168 583 10 15 0.05971151 
98 36 8 11 0.055301283 
31 54 28 33 0.05506091 
836 253 11 14 0.04971374 
618 358 11 13 0.04939911 
871 335 9 12 0.047424406 
100 60 13 17 0.04329412 
708 600 12 16 0.043282554 
760 286 7 9 0.043206654 
200 118 8 11 0.041873176 
670 367 9 11 0.041735113 
702 612 31 35 0.0391225 
732 27 9 12 0.038923495 
846 595 13 15 0.03821814 
142 342 17 21 0.035847757 
45 56 25 30 0.035667337 
56 320 10 13 0.034823302 
484 23 11 13 0.034054946 
131 356 12 18 0.03378227 
687 342 9 12 0.0336954 
478 9 7 9 0.033692762 
47 589 10 12 0.03367232 
60 300 11 15 0.032649964 
230 107 12 14 0.032416053 
913 330 11 16 0.032038473 
314 204 22 27 0.031809177 
75 319 11 13 0.03172323 
94 52 12 15 0.031667072 
128 524 12 15 0.031352356 
360 75 11 13 0.03090991 
751 282 10 12 0.0308566 
144 539 10 13 0.030766584 
283 182 21 28 0.030485258 
170 561 19 20 0.030450234 
823 259 12 14 0.030349515 
851 616 14 20 0.030328052 
737 342 9 12 0.029957915 
171 581 13 16 0.029636469 
68 67 13 18 0.029528573 
841 318 12 15 0.029354883 
125 530 13 17 0.029202648 
140 549 12 15 0.028906194 
798 15 9 11 0.028846636 
93 45 12 14 0.028829359 
715 606 27 36 0.028781287 
101 33 9 10 0.028695753 
823 581 9 13 0.028146701 
113 374 18 22 0.027847162 
771 284 16 20 0.027833112 
107 65 13 18 0.02703237 
845 584 9 11 0.026860245 
844 605 25 34 0.02667942 
161 91 9 12 0.026528765 
12 601 12 17 0.026503269 
94 66 11 15 0.026051298 
701 335 9 13 0.025989579 
17 475 10 14 0.025785225 
588 332 13 16 0.025660492 
58 58 17 22 0.025628116 
829 239 9 12 0.025140109 
69 298 12 16 0.024929095 
747 620 12 15 0.02481168 
78 51 10 13 0.024460524 
324 21 10 12 0.02437054 
902 325 10 14 0.024311839 
789 213 10 12 0.024201093 
831 264 20 26 0.02372907 
164 571 24 30 0.023534149 
225 583 15 18 0.023410503 
814 259 10 12 0.023344945 
768 272 9 10 0.023295576 
625 334 8 10 0.02313237 
145 503 9 12 0.02302333 
70 47 12 14 0.022868872 
124 357 23 31 0.02277419 
766 204 8 11 0.022668552 
742 571 18 22 0.02264172 
16 294 8 10 0.022603145 
87 40 9 11 0.022374412 
828 256 14 16 0.022371136 
236 101 10 13 0.022206344 
262 436 33 49 0.022084443 
740 615 16 21 0.022037618 
132 520 10 12 0.02193936 
342 216 13 19 0.021772815 
621 310 9 12 0.0216444 
831 576 9 12 0.021541635 
809 259 9 12 0.021511374 
192 116 7 11 0.021460008 
328 218 52 65 0.021378802 
311 38 9 12 0.02126101 
824 267 10 14 0.021245249 
744 271 13 15 0.020978298 
721 632 14 18 0.020918401 
636 356 10 12 0.02076295 
249 575 57 65 0.020709157 
247 164 10 12 0.020513672 
273 31 8 11 0.020436844 
719 327 12 14 0.02034354 
823 15 9 11 0.020323075 
830 350 12 15 0.020286214 
192 131 9 12 0.020233067 
