23_Shoppers_Shoppers_23_459
98
106 113 16 18 0.894341 
7 749 12 15 0.45067006 
253 488 9 12 0.4427335 
780 125 9 12 0.4401991 
650 523 14 17 0.3491935 
134 123 11 14 0.17651002 
507 533 13 17 0.13829307 
668 506 12 16 0.12805296 
655 494 12 16 0.108924165 
806 428 11 15 0.09510571 
751 131 12 15 0.08490816 
342 126 8 11 0.08435358 
445 511 8 11 0.07866436 
760 430 8 10 0.07627665 
661 499 12 16 0.06942833 
798 120 9 12 0.06810044 
697 579 13 16 0.06652783 
600 527 10 13 0.0662565 
9 752 16 16 0.06591058 
414 284 7 10 0.062046796 
253 431 8 9 0.056144353 
436 271 8 10 0.05600162 
402 308 10 13 0.047985237 
774 108 8 11 0.04628628 
646 530 15 21 0.04350223 
130 119 10 13 0.0417395 
817 480 8 11 0.041602243 
378 232 16 22 0.040690005 
375 672 13 15 0.04046829 
755 126 13 17 0.040399045 
448 540 10 12 0.04002 
405 269 8 11 0.039706912 
47 119 11 13 0.03966493 
476 639 12 13 0.038210258 
670 632 12 17 0.03790845 
236 95 42 45 0.037721884 
425 525 11 14 0.037273243 
478 552 9 11 0.035817742 
571 519 16 21 0.035290726 
-79 503 375 395 0.03528315 
405 304 9 12 0.033315413 
385 311 9 13 0.032515276 
53 611 34 54 0.031966977 
749 158 9 12 0.03161193 
656 147 8 11 0.03140276 
551 565 9 13 0.030517133 
111 472 51 62 0.030138923 
694 126 11 15 0.030122684 
2 746 11 18 0.029842457 
391 304 8 10 0.029569514 
35 106 11 14 0.02833561 
649 499 12 16 0.028082179 
622 619 12 17 0.027776854 
324 416 8 11 0.02768846 
35 134 13 16 0.027640376 
91 511 31 32 0.027474908 
599 545 23 28 0.027419863 
193 107 14 16 0.027110023 
447 526 9 11 0.026952595 
653 507 10 14 0.0268148 
169 341 210 203 0.02618379 
514 532 14 18 0.02605472 
441 527 10 12 0.025169065 
581 522 12 16 0.025126446 
658 524 13 16 0.024818094 
509 526 13 17 0.024246626 
50 124 13 18 0.023924302 
525 455 9 12 0.023833431 
662 129 14 17 0.023662606 
567 513 14 21 0.02363076 
305 418 7 9 0.023289636 
588 524 11 15 0.02318791 
805 119 9 11 0.022933958 
757 120 10 12 0.022834769 
18 748 14 16 0.022814045 
38 565 28 35 0.022489803 
690 280 10 12 0.022384042 
445 325 7 10 0.02238161 
196 102 13 16 0.022244686 
731 66 12 15 0.022103082 
452 560 10 13 0.022097288 
429 317 8 11 0.021954611 
165 119 10 12 0.021897817 
383 120 8 10 0.021800788 
669 655 9 12 0.021680826 
374 126 11 15 0.021497732 
446 534 11 14 0.021422273 
276 431 8 11 0.02137982 
190 394 32 40 0.021277936 
589 594 12 18 0.02115426 
103 495 38 45 0.020889618 
454 340 9 11 0.020725898 
815 135 9 11 0.020695983 
511 476 9 11 0.020435149 
794 124 10 12 0.02043177 
603 541 15 19 0.020285731 
411 280 7 9 0.020240743 
662 497 20 25 0.020049015 
