23_Shoppers_Shoppers_23_571
34
873 358 101 146 0.987404 
74 611 9 12 0.060958553 
277 567 24 32 0.05599598 
166 653 10 14 0.048702247 
656 244 378 488 0.048680726 
463 624 9 11 0.047321416 
785 572 10 13 0.04590993 
38 601 8 11 0.044423893 
631 707 9 11 0.0376886 
791 539 15 17 0.036926225 
256 638 9 12 0.03580344 
110 622 9 13 0.03472385 
486 624 8 10 0.030797875 
262 349 473 568 0.029596344 
688 548 9 11 0.027689295 
593 716 9 11 0.026739556 
750 764 16 16 0.026659906 
352 483 20 24 0.025420306 
581 717 9 12 0.025309037 
253 599 9 11 0.024828356 
277 767 11 14 0.024684874 
54 620 8 11 0.023912935 
912 649 12 16 0.023912014 
55 640 11 17 0.023730027 
268 581 11 14 0.023666147 
260 638 9 11 0.023117095 
225 596 9 11 0.023006495 
573 563 10 14 0.022702042 
646 601 8 10 0.022211293 
420 700 9 12 0.0210403 
817 568 10 12 0.02077577 
56 604 8 10 0.020607257 
589 599 9 11 0.0204951 
166 631 8 11 0.020150917 
