23_Shoppers_Shoppers_23_450
106
248 432 17 23 0.9129686 
659 352 21 27 0.86462736 
430 681 20 29 0.7282526 
352 371 24 31 0.5044985 
782 587 25 30 0.30001697 
684 298 11 15 0.2580653 
681 583 21 28 0.23714578 
614 770 14 16 0.21017684 
574 624 26 34 0.1133029 
781 264 10 12 0.11068832 
356 107 15 17 0.1101669 
945 284 16 21 0.10983009 
852 631 22 30 0.099390075 
448 261 10 13 0.09390873 
343 262 11 13 0.09136437 
2 341 9 13 0.08157639 
832 322 13 16 0.08144403 
627 284 11 14 0.0785086 
809 575 20 26 0.07695045 
292 431 18 21 0.072877295 
764 619 16 22 0.07282284 
426 642 16 19 0.06797281 
541 689 16 19 0.06788113 
360 431 41 51 0.06583064 
580 621 13 15 0.064175166 
580 780 13 15 0.062268894 
680 594 27 28 0.060372528 
612 578 11 13 0.06009485 
750 247 10 13 0.054120466 
765 255 10 11 0.052619927 
607 244 9 12 0.051316265 
461 619 15 19 0.05005679 
288 252 11 13 0.0490382 
729 614 22 26 0.04854067 
580 579 9 12 0.048278004 
696 316 10 13 0.04802865 
730 285 8 11 0.04701963 
895 447 12 17 0.045571283 
761 254 9 12 0.04512935 
784 581 18 23 0.042730596 
596 578 11 13 0.041938648 
826 373 12 15 0.041480232 
503 271 9 12 0.039065275 
732 621 44 64 0.038617622 
317 415 26 41 0.03689444 
713 285 10 13 0.034914654 
726 263 10 12 0.034526672 
437 260 11 13 0.033356745 
751 236 10 14 0.033253256 
818 572 16 24 0.033171825 
496 687 11 13 0.032064624 
733 238 10 14 0.03142421 
740 615 14 21 0.030756254 
285 319 10 12 0.030670047 
783 256 10 12 0.03004426 
757 404 8 10 0.029936623 
451 637 25 26 0.029697953 
727 612 15 19 0.02859324 
908 364 10 12 0.028030608 
333 432 42 49 0.027877681 
489 579 9 10 0.027429236 
853 245 10 13 0.027015211 
891 602 15 19 0.026066143 
612 244 11 13 0.026045771 
850 613 34 44 0.025884068 
792 577 23 28 0.025737958 
288 428 13 16 0.025643904 
668 270 11 14 0.025306787 
240 451 9 13 0.024875896 
532 428 9 11 0.024286022 
564 580 9 11 0.024124606 
268 429 13 16 0.02410056 
610 624 24 29 0.023831297 
624 288 12 16 0.023581687 
758 344 9 12 0.023524756 
318 407 12 16 0.023452088 
767 206 11 13 0.023449255 
802 207 10 12 0.023394434 
606 293 11 13 0.02322592 
782 276 11 14 0.023018308 
837 358 9 12 0.022904705 
302 420 27 37 0.022874136 
549 579 8 11 0.022868754 
414 687 27 27 0.022865528 
538 623 25 32 0.022719502 
247 104 8 10 0.022670789 
779 267 9 11 0.02266328 
235 116 13 17 0.022657553 
257 478 11 14 0.022336155 
813 226 10 14 0.022239313 
956 504 10 14 0.022223422 
788 593 30 31 0.022120103 
611 613 23 27 0.022076719 
689 579 22 30 0.021688784 
744 245 11 14 0.021538453 
561 214 9 11 0.021490933 
677 600 17 22 0.021277476 
440 580 8 10 0.0212626 
421 579 11 12 0.021256864 
970 440 14 19 0.02121299 
423 626 12 14 0.021118714 
456 580 9 10 0.02102669 
595 255 13 15 0.020922989 
414 640 14 19 0.020590566 
560 616 45 53 0.02041274 
731 621 27 41 0.020252816 
