23_Shoppers_Shoppers_23_461
42
742 146 21 27 0.91391575 
649 186 19 22 0.85935295 
604 171 14 20 0.8557189 
690 141 17 22 0.7027948 
314 37 88 145 0.5379573 
700 195 16 19 0.28254104 
620 200 18 21 0.1837221 
691 201 15 20 0.10698859 
917 139 20 26 0.09175918 
677 182 15 18 0.07750231 
551 186 14 17 0.06150111 
609 172 15 23 0.058913615 
769 83 11 14 0.051296152 
788 219 14 19 0.043497913 
688 209 14 18 0.03575364 
913 177 11 15 0.034841202 
270 8 47 56 0.032768577 
817 174 11 14 0.03234905 
796 161 18 22 0.032214433 
670 180 16 20 0.030871293 
69 142 12 14 0.030039838 
634 183 22 28 0.02899479 
707 229 14 17 0.028258892 
829 217 13 15 0.027753105 
566 150 20 28 0.027705882 
676 186 20 27 0.027116451 
625 189 18 22 0.02698122 
504 213 45 50 0.026251731 
683 192 20 26 0.02553741 
698 204 20 26 0.025511153 
679 173 11 14 0.025351085 
619 171 13 17 0.025029402 
534 190 13 15 0.023886673 
163 232 140 172 0.022014672 
696 191 12 16 0.021920977 
518 235 30 31 0.021725886 
669 234 24 30 0.021682898 
716 166 14 17 0.021591451 
908 256 40 49 0.021320375 
723 162 15 21 0.021078652 
712 170 14 16 0.020348972 
689 213 20 24 0.020343231 
