23_Shoppers_Shoppers_23_43
97
355 232 62 76 0.9988758 
168 232 55 71 0.99839956 
156 396 64 84 0.99583995 
572 146 46 61 0.995741 
941 122 25 32 0.9950045 
67 147 36 44 0.9934911 
925 199 52 64 0.9796602 
790 133 32 43 0.92183703 
601 122 34 47 0.92026395 
867 149 34 42 0.8186217 
386 141 22 36 0.7069456 
70 214 41 55 0.60004234 
360 139 45 51 0.5677473 
721 339 41 49 0.5320334 
518 454 43 73 0.24740005 
441 325 40 56 0.24638267 
24 146 23 32 0.21617278 
230 151 27 41 0.20429923 
349 349 52 57 0.19808555 
154 146 34 57 0.19617191 
741 180 14 19 0.195885 
460 112 36 41 0.15650882 
875 139 16 24 0.15169224 
433 393 42 56 0.14988787 
345 127 44 55 0.12507148 
961 90 26 31 0.10544788 
548 131 27 38 0.07442701 
508 524 50 50 0.067221634 
698 333 55 71 0.0589942 
455 103 28 41 0.05448486 
980 118 16 23 0.052427918 
211 148 24 36 0.052139606 
484 521 54 55 0.05073157 
233 146 18 25 0.049603645 
271 268 46 56 0.04900437 
685 260 15 20 0.045080997 
894 120 24 28 0.043834545 
848 157 51 61 0.043717843 
893 136 16 23 0.043423936 
334 135 29 39 0.042739075 
326 338 52 64 0.04098717 
316 131 29 35 0.04097054 
171 160 46 57 0.04004756 
97 153 21 31 0.0379627 
548 106 36 50 0.03788671 
883 143 28 38 0.037714306 
945 96 18 22 0.03766546 
459 324 44 61 0.037544604 
560 113 44 54 0.03678516 
624 516 75 58 0.036532145 
885 127 21 29 0.036022305 
681 226 23 30 0.035371322 
688 246 19 27 0.03402912 
874 230 59 99 0.03308196 
785 0 35 37 0.033061136 
971 107 22 32 0.032038707 
956 97 18 21 0.030984776 
652 443 59 66 0.030957146 
281 480 44 64 0.030449634 
258 232 67 76 0.030041926 
148 169 47 67 0.030001229 
235 153 41 50 0.029657766 
874 152 20 25 0.028803248 
843 142 42 52 0.02596782 
852 100 27 35 0.025861442 
1009 122 14 20 0.025673952 
220 155 23 38 0.02517498 
635 177 43 51 0.025066486 
825 193 59 62 0.023997264 
307 141 31 39 0.023990156 
449 525 56 55 0.023910198 
807 133 41 51 0.023815434 
811 100 12 16 0.023368185 
516 466 27 51 0.023339448 
999 61 23 33 0.023153493 
947 174 58 84 0.02313141 
429 410 53 63 0.023082111 
906 128 16 19 0.022228137 
262 172 43 54 0.021804744 
193 156 38 49 0.021585999 
338 121 78 93 0.021469796 
925 91 28 33 0.021322835 
975 35 12 15 0.021318493 
447 90 24 36 0.020989956 
981 87 37 60 0.020989848 
229 139 17 24 0.020822916 
298 149 27 33 0.020797696 
718 7 12 15 0.020795973 
315 141 18 24 0.020671275 
593 506 59 54 0.02056519 
891 154 43 56 0.020456683 
171 132 29 45 0.02033391 
-1 479 43 80 0.020284044 
424 341 35 40 0.020241603 
812 92 35 38 0.020179242 
736 12 14 16 0.020164596 
338 145 35 43 0.020077782 
