23_Shoppers_Shoppers_23_197
397
449 103 135 180 0.998823 
421 1081 34 40 0.7474613 
692 125 147 187 0.70575476 
667 205 494 428 0.59785914 
670 1284 35 51 0.36072618 
248 1308 14 18 0.28103587 
277 642 10 14 0.2571932 
429 1503 18 21 0.24333893 
53 1492 16 19 0.24097246 
655 1247 11 16 0.18685573 
383 1398 11 14 0.17305562 
397 1294 10 12 0.16384193 
333 1204 17 21 0.16041926 
208 1499 15 18 0.13445045 
188 532 22 25 0.13423185 
124 1501 25 30 0.12762529 
366 1366 11 13 0.12481372 
788 1504 15 17 0.124808095 
284 1371 14 17 0.12384517 
252 1300 12 15 0.108383164 
209 1260 15 18 0.106717184 
614 1390 11 14 0.09977955 
142 1300 15 18 0.094059646 
420 1474 15 19 0.09300434 
131 1500 14 19 0.0921494 
498 1226 16 22 0.09003434 
453 1330 14 21 0.08903792 
318 1385 14 17 0.087971844 
264 1504 36 32 0.08589906 
812 1471 12 15 0.08567799 
163 1258 11 13 0.08094579 
76 1261 11 14 0.07864738 
86 1411 12 15 0.0765158 
513 1398 8 11 0.07544362 
211 1154 12 16 0.07438254 
172 1309 12 16 0.07393817 
17 590 18 21 0.069283664 
461 1386 11 13 0.06904074 
511 1243 12 16 0.06737984 
797 1475 12 17 0.06553562 
398 1501 11 13 0.065332495 
265 1299 11 15 0.064903915 
68 1146 12 15 0.06397109 
641 1428 9 12 0.06349733 
14 1107 12 16 0.06283807 
286 1396 11 14 0.06247092 
50 1146 18 21 0.062219877 
717 142 199 249 0.061646365 
659 1245 13 15 0.06122793 
498 1518 13 14 0.061197624 
116 1146 11 15 0.06059284 
4 1364 14 19 0.05936751 
57 1094 11 13 0.05798968 
865 1002 62 75 0.057200424 
462 1332 13 18 0.055382825 
157 1467 11 14 0.053458244 
364 1186 14 18 0.05313991 
131 1157 15 19 0.05185644 
367 1302 8 12 0.05035106 
420 785 50 56 0.049957573 
127 1158 24 30 0.049743485 
408 1509 12 15 0.049549304 
111 1505 27 29 0.048909582 
117 1282 11 15 0.04859156 
472 1447 9 12 0.046725407 
95 1149 10 14 0.04574833 
456 1482 15 18 0.045319706 
515 1238 12 16 0.0452619 
518 1391 9 11 0.04507238 
342 1388 13 16 0.045063954 
431 1060 10 12 0.044623956 
511 1222 11 13 0.04410222 
176 1186 11 14 0.044041924 
7 1360 9 12 0.04380073 
503 660 13 16 0.043343056 
95 1222 10 13 0.042994462 
458 1438 14 17 0.042952083 
112 1141 12 16 0.04281826 
550 1231 9 11 0.042629935 
231 1435 12 15 0.04244785 
505 1231 19 26 0.041874267 
85 1155 16 18 0.041780867 
291 1397 13 15 0.041717704 
508 1248 11 17 0.041369155 
390 1196 12 15 0.040741947 
338 1462 13 15 0.04067267 
318 1267 11 13 0.04066546 
764 1494 12 15 0.04058935 
93 1474 12 14 0.040402118 
431 1438 12 16 0.0403948 
131 1364 11 15 0.04039084 
805 1475 12 14 0.040343985 
295 671 9 12 0.03919932 
143 1060 9 12 0.03915807 
629 1444 11 14 0.039053418 
832 1473 12 14 0.03877581 
110 1283 11 16 0.03846294 
287 1253 12 15 0.038385727 
311 1143 10 12 0.03836403 
652 1406 13 16 0.03789161 
72 570 29 36 0.037644014 
573 1317 9 12 0.037510745 
662 1377 13 16 0.03743697 
258 1334 12 14 0.03738907 
348 1363 12 14 0.037348438 
289 1364 13 17 0.037318725 
105 1366 12 15 0.03639957 
989 1037 31 37 0.03632232 
175 1117 11 14 0.03611756 
467 1335 13 16 0.036069244 
523 991 39 48 0.036006536 
109 1356 12 15 0.03598946 
676 1253 11 14 0.03595598 
548 1277 14 17 0.035512522 
32 886 8 10 0.035453737 
581 1405 11 13 0.035430375 
7 1411 12 15 0.035359193 
518 1363 10 12 0.035245202 
73 1415 9 11 0.035220057 
224 1358 12 16 0.035177216 
409 1388 10 12 0.034922455 
120 1423 7 10 0.03490281 
422 1488 12 15 0.034573622 
60 1145 16 18 0.034560427 
478 1398 10 12 0.0344889 
4 1418 12 16 0.03446435 
445 1059 11 14 0.034225896 
278 1305 13 15 0.034116615 
125 1167 16 20 0.03386634 
10 1333 14 19 0.033801075 
310 1353 11 13 0.03371536 
494 1398 9 12 0.033665683 
71 1498 14 17 0.033654492 
377 1382 10 12 0.033653367 
79 1429 9 11 0.033599444 
350 1372 11 14 0.03335456 
288 966 9 11 0.033164132 
-1 579 23 35 0.03311082 
784 1379 10 13 0.03310244 
102 1142 10 12 0.03308746 
0 579 11 16 0.032868374 
285 1388 14 18 0.032739073 
357 1454 11 13 0.032597512 
374 1052 13 15 0.0325926 
38 1387 12 16 0.03246493 
181 1182 10 13 0.032263394 
623 1372 8 11 0.03188191 
394 1476 9 12 0.031594146 
348 1314 13 15 0.031411853 
120 1225 13 18 0.031343024 
51 1414 12 17 0.03121708 
948 621 14 18 0.03120292 
513 1276 9 12 0.03117692 
373 1417 12 15 0.030946402 
337 1197 14 17 0.030919008 
221 1498 12 15 0.030799374 
295 1404 11 13 0.03073224 
502 1326 10 13 0.03072423 
444 762 227 260 0.030596461 
304 678 10 13 0.03057072 
716 1495 14 16 0.03033464 
317 1438 10 13 0.03028325 
343 1358 12 14 0.030280668 
395 1198 14 17 0.030155776 
564 1334 13 15 0.030108323 
536 1366 10 12 0.030017992 
516 1396 10 12 0.02993869 
244 749 13 15 0.029803922 
371 1470 12 14 0.029578893 
236 1442 11 14 0.02951505 
506 1226 15 19 0.029465858 
305 1144 8 11 0.029447583 
13 1307 12 16 0.02925132 
825 1455 10 13 0.02922708 
260 1350 14 17 0.029106084 
295 1310 12 13 0.028707275 
506 1438 9 12 0.028536998 
404 1500 13 16 0.02852349 
237 1301 10 13 0.028486561 
279 1350 9 11 0.028372917 
384 1307 11 14 0.028343588 
807 1452 9 12 0.028327538 
291 1118 14 19 0.028209783 
422 1353 21 26 0.028182456 
325 1358 11 13 0.028034104 
488 1398 10 12 0.027993038 
639 1475 12 15 0.027891366 
323 1267 12 15 0.027780546 
70 1404 9 11 0.027656091 
376 1397 13 16 0.02758256 
71 1196 11 15 0.02755927 
383 1479 9 12 0.027549542 
266 1285 9 11 0.027493788 
834 549 182 263 0.027449643 
421 1046 9 11 0.027434623 
326 1315 10 13 0.027257254 
535 1372 11 14 0.027172105 
67 1172 13 16 0.027155736 
583 1266 13 17 0.027146984 
142 1206 10 13 0.027073624 
269 1278 10 11 0.027029835 
100 1451 12 16 0.02699239 
320 1287 11 14 0.026974568 
299 699 13 17 0.026968062 
97 1143 10 14 0.026959946 
584 1423 9 12 0.026856048 
57 1152 16 19 0.026819155 
246 1475 9 12 0.026812857 
436 1210 24 27 0.026691264 
817 1440 8 10 0.026677335 
167 1041 11 15 0.026644308 
119 1166 26 32 0.026585797 
77 1361 10 11 0.026545165 
76 1381 10 13 0.026468048 
241 1141 8 10 0.026449934 
333 1355 13 16 0.026435992 
288 1103 9 13 0.026396316 
276 1496 24 28 0.026330873 
289 1416 10 12 0.026289782 
387 1302 15 20 0.026252864 
421 1268 8 11 0.0261464 
288 1238 9 11 0.026111225 
518 1517 14 15 0.026102534 
37 1169 14 20 0.026049118 
634 824 9 10 0.02604524 
344 1373 12 13 0.026019739 
140 1436 10 13 0.026007969 
167 1313 14 18 0.02598048 
408 1485 12 14 0.025818352 
430 1383 11 14 0.025791503 
542 1381 14 17 0.025767585 
320 1358 10 12 0.025716318 
187 1029 19 22 0.02557252 
356 1467 14 17 0.025541147 
141 1155 12 15 0.025531963 
631 1357 12 14 0.025531651 
116 1143 21 24 0.025509045 
230 1044 12 14 0.025481438 
310 677 10 12 0.025404502 
479 1496 10 12 0.025306849 
577 1470 10 12 0.025290033 
503 1293 10 14 0.025225326 
97 1428 10 13 0.02520496 
117 1479 10 13 0.02515218 
99 1147 11 14 0.024980186 
371 1365 10 13 0.024950184 
542 1322 10 13 0.024928382 
323 1411 13 18 0.024881817 
702 1404 11 13 0.024854243 
855 973 101 119 0.024824513 
310 1158 8 11 0.024809746 
568 1360 9 11 0.024738314 
44 1388 11 15 0.024677962 
380 1411 14 18 0.024558526 
354 1475 16 19 0.02448796 
373 1302 9 11 0.024477394 
546 1229 8 11 0.024464317 
397 1472 10 14 0.02446352 
109 1512 17 19 0.02446077 
534 1298 11 13 0.02445771 
302 1243 9 12 0.024422862 
439 1314 14 19 0.024391027 
663 1384 14 16 0.024354268 
53 1450 12 17 0.024351751 
430 1429 13 15 0.02434827 
357 1460 11 14 0.024327945 
430 1380 23 26 0.024325611 
80 1412 11 14 0.024306184 
681 220 256 299 0.024280634 
398 1445 13 15 0.024264805 
514 1005 39 47 0.024255686 
792 1483 11 13 0.024247212 
881 1505 38 30 0.024238892 
740 231 118 162 0.02422148 
44 1496 15 18 0.024204768 
807 1501 13 15 0.024189675 
157 1229 25 32 0.024126066 
80 566 38 45 0.024016084 
104 1262 11 14 0.023965009 
494 1344 10 14 0.023895768 
529 1380 9 12 0.023788588 
310 693 11 13 0.02366353 
126 1445 8 12 0.023660852 
135 1462 11 14 0.023413649 
217 1243 11 14 0.023396736 
288 1214 8 10 0.023374172 
300 1085 14 19 0.023326956 
25 1422 9 11 0.023295538 
63 1508 11 15 0.023238549 
406 1492 12 14 0.023172164 
267 1514 17 17 0.023169128 
35 1203 12 15 0.02310662 
259 1160 34 41 0.02309674 
504 1382 11 13 0.023079095 
60 1159 23 28 0.023017565 
204 598 31 40 0.022956388 
87 1187 9 12 0.02293018 
72 1443 10 12 0.02284658 
271 1270 11 13 0.022844424 
318 677 7 9 0.022839162 
77 1091 10 14 0.022783931 
0 1445 20 35 0.022768702 
532 1437 21 27 0.02262985 
140 1492 33 34 0.02260105 
414 1395 13 18 0.022596141 
77 1373 11 14 0.022517921 
409 1280 10 12 0.022517787 
193 1179 12 16 0.022503877 
527 1286 11 12 0.022497948 
447 1395 24 30 0.022427335 
79 1181 10 14 0.022384835 
342 1313 14 17 0.022302829 
413 1480 15 18 0.022243584 
326 1229 9 11 0.02216752 
366 1167 11 14 0.022126494 
426 1482 12 16 0.022124315 
199 1132 10 12 0.022093851 
41 1156 20 29 0.022085922 
529 1230 9 12 0.022033716 
340 1293 11 15 0.02197717 
273 1319 9 12 0.021940017 
476 1446 9 12 0.021934273 
72 1093 10 12 0.021929733 
46 1476 13 14 0.02192008 
502 1332 10 13 0.021911185 
116 1052 13 16 0.02188923 
175 1373 9 12 0.021706874 
605 1495 8 10 0.021705715 
595 1385 13 16 0.021615434 
557 1356 9 11 0.021556117 
314 1264 9 11 0.021551533 
484 1269 10 12 0.021525243 
262 1459 10 13 0.021515355 
311 1300 11 13 0.0214916 
173 1301 13 17 0.021448936 
358 1381 10 12 0.0214328 
585 1327 9 11 0.021410994 
362 1151 9 11 0.021363692 
125 1453 9 12 0.021350188 
118 1172 14 16 0.021308301 
289 1377 15 18 0.021275412 
96 1198 10 12 0.021264791 
31 891 10 13 0.021203855 
235 1372 13 15 0.021200906 
365 1120 13 16 0.02120042 
309 1380 15 17 0.021130161 
542 1301 8 11 0.021126252 
33 651 26 29 0.021100353 
420 1451 14 16 0.0210842 
302 1148 9 12 0.02101492 
294 1242 11 15 0.021007195 
13 1405 11 16 0.021002896 
600 1495 9 12 0.021000106 
64 1187 11 15 0.02088045 
2 1464 15 20 0.020879827 
141 1237 10 13 0.020828588 
196 1485 10 12 0.020810844 
4 1111 14 19 0.020798497 
268 1295 18 22 0.020789603 
255 1494 12 14 0.020778919 
389 1367 10 11 0.020772243 
311 1443 10 12 0.020761926 
365 1213 22 26 0.020751338 
678 1461 10 13 0.020707894 
270 1124 10 13 0.020697314 
336 1237 11 14 0.020633334 
220 1446 12 16 0.020611318 
285 1438 10 16 0.020594731 
176 1382 10 13 0.020588651 
813 1500 13 16 0.020539623 
385 1162 12 16 0.020511162 
790 1467 11 15 0.02047453 
327 1501 27 27 0.020468794 
179 1499 13 15 0.020467704 
472 1494 10 13 0.020451473 
193 1224 10 12 0.02045057 
512 1403 11 13 0.020415638 
970 1051 32 39 0.020414568 
46 1140 17 19 0.020391168 
828 72 164 192 0.020372849 
544 1281 13 16 0.020324947 
332 1460 22 25 0.020271543 
63 1238 10 13 0.02025661 
359 1263 9 12 0.020206554 
751 1425 9 10 0.020186504 
782 1465 11 15 0.020184735 
218 1310 8 11 0.020172223 
39 1497 11 16 0.020159952 
811 960 208 240 0.020138912 
399 1504 22 23 0.02013023 
540 1373 13 16 0.020127347 
494 1298 12 15 0.02011273 
360 1239 10 14 0.020112175 
484 1413 14 19 0.020109894 
31 1436 11 14 0.020077778 
399 1427 14 18 0.020070286 
250 1295 11 14 0.020018222 
