23_Shoppers_Shoppers_23_817
60
670 3 200 293 0.9526027 
477 -48 386 438 0.2590909 
338 413 15 19 0.19932048 
576 606 11 13 0.17676564 
355 610 13 16 0.14905627 
506 524 441 400 0.122427836 
461 670 11 14 0.088772535 
533 522 16 18 0.08723049 
383 675 12 17 0.081984356 
301 567 9 12 0.074187525 
316 91 479 415 0.06859857 
470 508 14 18 0.065932564 
305 659 511 551 0.05135345 
438 628 10 13 0.050328393 
81 384 369 420 0.04661216 
565 619 13 16 0.046577226 
352 425 13 16 0.044442397 
438 678 12 16 0.04307762 
572 530 15 17 0.03920282 
533 540 15 19 0.038908776 
427 475 14 17 0.03700826 
332 583 11 14 0.036571197 
389 625 10 13 0.03639285 
447 523 16 20 0.03633113 
420 654 12 15 0.03628023 
323 430 13 15 0.035135467 
541 495 10 12 0.035023615 
369 381 16 19 0.034583338 
62 590 535 456 0.034037925 
352 541 11 14 0.033844188 
421 460 12 14 0.033587314 
382 607 12 14 0.033552483 
534 470 12 15 0.031217547 
589 660 13 15 0.031021364 
318 637 10 13 0.029297989 
367 589 10 14 0.029142033 
417 636 9 11 0.02844349 
582 474 11 14 0.028072491 
320 491 22 29 0.027853731 
589 627 13 17 0.027690683 
770 521 15 17 0.027471023 
595 537 16 19 0.026922196 
487 535 23 29 0.026803803 
345 560 9 10 0.02651696 
340 606 9 12 0.026188334 
570 537 17 19 0.02372701 
402 677 11 15 0.02334198 
321 572 10 13 0.022261377 
725 0 175 173 0.022238983 
417 30 297 286 0.02212479 
491 602 14 17 0.02148221 
736 612 10 13 0.021439835 
708 511 10 12 0.02124886 
370 628 14 19 0.020988006 
745 608 16 19 0.020616854 
559 547 22 26 0.020432686 
431 640 10 13 0.020308554 
564 562 23 24 0.020267949 
579 457 13 17 0.02019609 
577 452 12 16 0.02014596 
