23_Shoppers_Shoppers_23_561
22
687 214 60 71 0.9989808 
236 232 61 72 0.9989473 
468 223 58 69 0.99847645 
449 612 54 61 0.99688005 
649 605 54 60 0.99578273 
675 494 29 30 0.89790994 
234 514 31 32 0.8409524 
248 1121 110 97 0.147579 
92 401 438 501 0.0860037 
656 512 25 29 0.06896597 
99 1120 106 105 0.045750327 
503 675 17 20 0.027942402 
19 784 373 490 0.027874412 
335 503 460 501 0.027570985 
524 242 26 33 0.027235813 
250 1105 83 72 0.024868935 
633 5 402 447 0.02345213 
453 502 28 29 0.022547705 
90 1101 87 66 0.022090377 
297 954 73 53 0.021585051 
730 501 10 13 0.021083921 
291 245 29 40 0.020680275 
