23_Shoppers_Shoppers_23_22
51
621 257 44 61 0.99161106 
416 289 38 51 0.98868 
346 293 32 42 0.9764298 
236 245 36 59 0.9351819 
334 253 34 47 0.85441977 
710 259 37 59 0.48239005 
26 114 32 50 0.28611547 
722 248 37 60 0.094765745 
70 107 30 57 0.084163845 
734 117 11 13 0.08039232 
313 258 43 51 0.06647881 
745 93 12 14 0.06280163 
577 226 51 70 0.0601 
601 241 47 67 0.05879043 
686 139 12 17 0.055354357 
44 112 48 59 0.038172778 
211 29 16 20 0.03676686 
1 281 10 17 0.035782382 
621 122 18 22 0.03564655 
11 334 12 15 0.033507247 
835 244 27 35 0.0327021 
685 115 14 22 0.032129493 
709 56 8 11 0.032097448 
772 91 14 17 0.032052103 
738 140 13 16 0.030814376 
139 0 31 27 0.030346923 
670 106 11 14 0.029630786 
694 86 9 11 0.029422997 
700 148 10 13 0.029118728 
654 63 9 12 0.028711874 
341 270 36 46 0.027228823 
692 61 11 15 0.026821284 
995 0 26 30 0.026649378 
692 141 10 14 0.025668107 
720 83 12 15 0.025491254 
749 159 9 11 0.025447013 
801 292 32 45 0.02498829 
678 137 15 20 0.024139514 
0 116 8 15 0.02391552 
697 246 40 62 0.023300875 
750 182 10 13 0.023245323 
628 100 12 15 0.022990637 
688 120 25 33 0.022060897 
988 284 32 72 0.021517871 
729 61 8 10 0.021097224 
693 134 11 14 0.020951144 
697 114 26 33 0.020905372 
770 187 15 19 0.020887742 
389 261 9 13 0.020533485 
681 96 9 11 0.020422734 
735 145 13 15 0.020045316 
