23_Shoppers_Shoppers_23_514
18
941 520 53 62 0.47528416 
337 184 20 25 0.11305174 
260 2 66 57 0.08813235 
637 153 180 226 0.08588193 
758 285 39 47 0.07489242 
517 26 15 19 0.040385008 
500 0 46 46 0.03709676 
656 76 34 59 0.036126606 
298 386 20 24 0.030590845 
475 24 15 18 0.028046353 
263 4 33 35 0.026384646 
351 260 14 17 0.026118357 
266 0 19 17 0.023905892 
203 498 98 135 0.022508336 
340 341 29 36 0.02179934 
645 37 52 89 0.020617565 
517 41 37 35 0.020502962 
275 161 49 56 0.020130077 
