13_Interview_Interview_Sequences_13_3
91
188 51 325 453 0.9976457 
855 158 15 20 0.2906602 
894 284 10 13 0.22057962 
866 402 17 19 0.19218706 
732 431 24 34 0.096439876 
814 204 12 14 0.092836745 
917 538 30 31 0.08253656 
889 282 11 14 0.08184911 
974 126 13 18 0.06523022 
953 372 12 14 0.06509741 
887 252 13 17 0.059280418 
910 93 13 16 0.051205352 
725 236 8 10 0.0473627 
899 418 25 36 0.04637941 
784 381 10 12 0.043789882 
877 307 9 12 0.04029101 
77 348 12 15 0.04006617 
673 443 12 16 0.03838264 
815 211 11 14 0.03751309 
958 72 15 17 0.03517101 
647 279 9 12 0.03496837 
81 344 9 12 0.034940217 
900 286 9 12 0.033966035 
659 526 29 30 0.03389868 
782 213 10 12 0.032799117 
720 223 7 10 0.031081121 
791 422 10 13 0.030988105 
76 553 12 13 0.030705808 
583 274 13 17 0.030475415 
631 448 10 12 0.030474905 
925 271 9 11 0.030302148 
738 245 9 10 0.030063955 
55 143 10 13 0.029050728 
713 214 7 9 0.028841583 
848 158 13 16 0.02855111 
853 445 10 13 0.028533535 
70 350 19 24 0.028229069 
677 327 10 13 0.027487718 
14 206 10 14 0.027316183 
81 387 15 19 0.027293524 
103 517 13 15 0.02692954 
835 458 13 17 0.026654199 
844 427 11 13 0.026612073 
658 443 14 17 0.026308097 
719 389 11 14 0.025310459 
893 387 12 16 0.025241438 
776 391 9 10 0.025112197 
606 277 8 10 0.02481177 
882 279 8 11 0.024788648 
47 200 9 12 0.024756992 
580 500 11 14 0.024672415 
318 7 395 503 0.024608681 
903 270 9 11 0.02452647 
998 326 10 13 0.02440779 
951 111 10 13 0.02428617 
713 221 8 11 0.024211178 
621 268 9 12 0.024210917 
943 115 9 12 0.024164531 
790 215 8 11 0.024031322 
846 174 10 13 0.023921864 
32 197 9 12 0.023773534 
781 207 10 13 0.023647202 
878 388 12 14 0.02359324 
678 189 7 11 0.023382116 
893 380 13 15 0.02323132 
687 276 9 13 0.023111744 
700 513 14 17 0.02303028 
777 211 10 13 0.02285944 
927 278 10 13 0.022431115 
37 199 9 11 0.022404784 
623 265 8 10 0.022277802 
608 248 8 11 0.022220025 
632 254 8 10 0.022046046 
884 385 14 18 0.02172601 
874 305 9 11 0.021163879 
697 189 9 11 0.021112636 
657 438 12 14 0.021097925 
766 399 8 10 0.020953292 
939 112 8 11 0.020841926 
925 401 13 18 0.02081459 
791 444 11 16 0.020716093 
836 495 13 17 0.020633046 
736 306 12 15 0.02054183 
897 303 8 10 0.020487998 
838 365 11 14 0.020370979 
821 372 9 12 0.020326251 
695 260 11 15 0.020298036 
946 243 10 13 0.020208409 
871 325 9 10 0.02012543 
589 245 7 10 0.020111885 
621 444 9 13 0.020025061 
