13_Interview_Interview_On_Location_13_246
17
229 353 521 655 0.99992764 
766 1005 84 152 0.6424647 
224 943 102 197 0.3542719 
359 82 17 21 0.11844366 
402 74 15 17 0.104796864 
550 1024 379 501 0.09159011 
720 982 106 198 0.091380976 
544 815 229 382 0.057473436 
339 1163 181 297 0.038290568 
352 86 26 30 0.028638434 
283 1049 308 468 0.02824862 
340 762 531 493 0.027410937 
261 941 63 113 0.025747778 
234 1031 128 178 0.022987664 
390 623 340 388 0.022490958 
342 1257 107 187 0.020461267 
230 496 319 420 0.020203235 
