13_Interview_Interview_Sequences_13_557
54
506 346 87 104 0.9871493 
130 355 73 69 0.2049049 
133 149 13 15 0.10388923 
639 301 42 47 0.07528963 
141 352 10 12 0.071755655 
215 324 11 14 0.054750655 
87 215 10 12 0.051829476 
44 259 17 21 0.049232025 
129 214 10 12 0.04731998 
127 149 13 15 0.044970073 
766 284 14 17 0.04432333 
155 296 9 12 0.04282383 
7 239 11 13 0.03855984 
222 328 14 18 0.03724738 
77 157 9 13 0.03465477 
72 247 8 11 0.034024835 
72 252 9 13 0.031573743 
120 196 8 11 0.031482276 
85 260 13 17 0.030324277 
743 388 9 11 0.029471127 
95 207 8 10 0.029045269 
0 380 25 59 0.028982155 
964 340 17 19 0.028249051 
108 328 127 113 0.028141964 
125 146 23 26 0.027288284 
142 311 10 14 0.027035158 
958 277 11 13 0.026515566 
121 315 9 12 0.026172785 
204 336 10 13 0.025926402 
104 283 9 13 0.025024643 
91 213 12 14 0.024909746 
48 169 12 15 0.02465493 
959 344 24 30 0.024425097 
70 222 10 12 0.02427106 
802 332 10 12 0.023942677 
515 316 65 92 0.023776587 
12 371 48 73 0.023284102 
803 327 11 12 0.023012647 
82 216 8 10 0.022575593 
912 172 10 12 0.022375226 
955 352 16 21 0.022305114 
41 189 8 11 0.022300312 
145 354 36 39 0.02225525 
486 531 16 20 0.022234628 
11 213 12 15 0.02220857 
142 294 8 11 0.02196223 
953 73 10 12 0.021438057 
156 325 13 16 0.021408154 
176 336 11 12 0.021280514 
125 251 513 478 0.020986341 
169 294 8 12 0.020933816 
519 319 36 45 0.02054833 
1 33 26 37 0.020228054 
864 125 11 14 0.020089729 
