13_Interview_Interview_2_People_Visible_13_1001
54
815 314 24 33 0.9900158 
124 366 18 23 0.95458615 
187 353 18 23 0.94397944 
472 350 21 28 0.94165415 
576 338 19 29 0.8536456 
297 357 17 23 0.8496772 
625 324 21 28 0.84508264 
958 333 15 21 0.8335305 
293 142 17 21 0.8329037 
725 342 17 21 0.75629586 
211 368 14 20 0.6747987 
214 147 16 20 0.65293384 
93 338 13 20 0.3043588 
204 330 13 16 0.26036462 
662 334 14 20 0.25682908 
463 140 11 17 0.14238703 
347 302 17 23 0.06783293 
326 165 11 14 0.06305231 
240 147 10 13 0.06261951 
157 377 15 20 0.049789075 
467 405 19 28 0.049124043 
734 74 53 58 0.040297765 
412 148 10 12 0.04018223 
916 277 13 17 0.039858293 
376 149 12 15 0.038085476 
229 146 12 17 0.03581077 
662 381 15 18 0.03371938 
735 28 13 16 0.030726546 
232 140 10 16 0.030669363 
178 402 19 21 0.028819505 
480 163 11 15 0.02781024 
152 373 13 18 0.026555782 
500 158 10 12 0.026180424 
319 166 11 14 0.026145265 
675 382 12 16 0.025230331 
752 26 15 18 0.024448412 
294 173 16 19 0.024337266 
401 141 8 11 0.02407538 
94 332 21 28 0.02396874 
118 396 24 30 0.023777856 
301 358 24 27 0.023536101 
744 45 12 14 0.022342393 
239 165 11 15 0.022173276 
141 332 14 18 0.021964101 
585 340 21 27 0.021829417 
822 141 8 12 0.021687238 
923 277 13 17 0.020958517 
105 336 17 22 0.020870268 
288 176 25 30 0.020775529 
665 337 18 23 0.020753602 
470 307 12 16 0.02042249 
726 90 29 39 0.02034557 
216 374 18 20 0.02019973 
236 330 14 18 0.020186992 
