13_Interview_Interview_Sequences_13_717
34
307 165 168 234 0.9970092 
630 154 79 107 0.98383313 
132 305 18 22 0.93617254 
73 310 16 21 0.91385615 
680 447 17 25 0.8968307 
599 407 25 32 0.8835714 
844 278 20 25 0.7909463 
650 465 23 31 0.5349674 
389 411 17 20 0.4322862 
157 108 21 26 0.35757282 
635 380 44 44 0.1273177 
832 457 23 38 0.1099972 
808 408 18 23 0.10971439 
907 309 12 15 0.061982 
572 139 11 14 0.05685149 
163 422 16 20 0.05425972 
498 384 31 35 0.048357658 
828 306 15 17 0.035226338 
296 144 19 21 0.031187017 
902 324 15 19 0.028301772 
554 147 15 17 0.028092697 
904 314 13 17 0.028054368 
128 388 9 13 0.026677793 
926 327 14 16 0.026315296 
391 419 19 23 0.025286106 
260 445 13 16 0.02521325 
393 704 35 35 0.024331883 
251 445 23 27 0.024245333 
81 307 14 20 0.02148963 
166 405 11 14 0.020762336 
584 169 46 69 0.020482441 
825 307 26 26 0.020372665 
564 145 12 17 0.02023982 
172 110 12 17 0.020096553 
