13_Interview_Interview_On_Location_13_921
52
753 393 28 34 0.9993161 
660 387 26 34 0.9979906 
937 385 18 33 0.95760494 
201 390 20 26 0.9262674 
508 386 11 16 0.10588986 
638 352 24 31 0.10363812 
289 507 12 15 0.0949721 
542 383 13 17 0.092455335 
961 332 16 19 0.09011258 
495 358 18 21 0.07876184 
443 393 15 25 0.0635844 
812 327 11 13 0.052385405 
971 330 13 16 0.048311274 
636 398 21 27 0.046942994 
592 385 12 17 0.046611395 
639 397 13 17 0.04600964 
644 368 15 19 0.042645626 
937 382 11 17 0.04263712 
150 397 9 12 0.041955467 
69 380 10 12 0.040844124 
837 342 24 33 0.040245134 
183 395 13 17 0.03730181 
721 339 26 29 0.035175644 
157 374 9 12 0.0342288 
645 331 12 13 0.034109488 
701 390 23 29 0.033415884 
94 386 12 15 0.03176687 
643 350 16 20 0.029908724 
501 382 13 18 0.028452545 
700 403 19 21 0.027688544 
180 351 22 29 0.027157098 
279 372 13 16 0.026993318 
418 343 16 21 0.026918972 
544 401 11 15 0.026388165 
628 330 12 14 0.02563871 
733 343 25 30 0.02492582 
533 379 12 17 0.024712581 
958 336 24 34 0.024126023 
687 347 26 33 0.02376693 
596 382 11 16 0.023559663 
231 493 11 14 0.023210818 
630 349 10 13 0.02286885 
747 354 15 19 0.021950249 
135 387 8 11 0.02169833 
626 358 24 32 0.021252146 
513 387 14 16 0.02102687 
833 325 10 12 0.020801347 
541 376 13 16 0.020657118 
725 336 42 52 0.020545207 
694 369 13 17 0.020443007 
442 351 18 21 0.020442395 
482 376 31 38 0.020353952 
