13_Interview_Interview_Sequences_13_373
37
487 186 74 94 0.99711645 
713 109 29 37 0.18443587 
281 135 9 11 0.11293042 
886 286 12 15 0.049898963 
401 414 30 29 0.048918914 
332 46 12 15 0.04804598 
355 56 15 20 0.046546023 
656 493 14 17 0.043471895 
853 549 10 14 0.037438035 
839 569 7 9 0.03687382 
817 556 10 13 0.036847454 
711 121 12 17 0.03659403 
875 556 17 18 0.035860408 
638 498 15 18 0.03287713 
320 46 12 14 0.03196054 
931 557 12 14 0.03156249 
325 48 16 18 0.031000916 
83 529 8 10 0.030720653 
182 632 55 47 0.030302402 
231 487 10 13 0.029524598 
833 552 7 10 0.02912771 
849 550 9 13 0.028681405 
854 542 11 15 0.028183118 
776 543 10 13 0.026639532 
400 422 13 15 0.025686149 
297 104 7 9 0.025119558 
714 100 46 58 0.024328321 
877 134 11 15 0.024130799 
583 444 14 18 0.02409593 
807 557 8 11 0.024029465 
636 232 14 18 0.02374001 
886 533 10 13 0.0229167 
666 566 18 20 0.021200884 
299 669 18 16 0.021167386 
891 284 12 15 0.020445717 
871 571 10 13 0.020247482 
285 230 29 39 0.020059833 
