13_Interview_Interview_Sequences_13_495
37
538 71 45 53 0.97577375 
429 143 33 36 0.960033 
410 141 24 32 0.8515173 
494 120 30 35 0.8418003 
352 125 26 32 0.43268102 
401 119 22 28 0.36792025 
405 126 25 33 0.30976397 
670 111 10 14 0.19766957 
591 99 13 17 0.12549713 
413 156 15 21 0.11848318 
-1 120 24 44 0.08951899 
60 81 24 32 0.059581958 
387 106 15 19 0.053847972 
462 19 13 18 0.05088999 
108 121 22 28 0.04807742 
341 118 28 36 0.042191844 
50 95 25 27 0.04049397 
398 113 17 22 0.039597385 
192 138 13 19 0.037549336 
110 42 13 17 0.035269056 
82 96 20 28 0.034625933 
366 85 25 27 0.03415827 
592 128 19 22 0.032741647 
581 88 23 33 0.030799162 
154 100 14 18 0.02920917 
354 139 18 24 0.026728828 
93 43 9 12 0.026546627 
394 107 16 21 0.02639652 
102 239 23 26 0.026167534 
52 103 31 33 0.026139738 
117 362 17 23 0.023525462 
119 123 20 28 0.023130074 
376 94 23 27 0.022977948 
364 84 16 20 0.022485014 
308 134 23 26 0.021199346 
72 90 15 19 0.02078728 
98 107 29 37 0.020056158 
