13_Interview_Interview_2_People_Visible_13_223
50
571 106 31 38 0.99665594 
278 105 32 40 0.99352723 
456 374 30 37 0.9877484 
291 373 33 39 0.9826749 
120 316 42 51 0.9780451 
121 44 42 51 0.97170335 
865 321 37 46 0.9687017 
823 106 31 38 0.9672907 
652 317 40 49 0.96218306 
421 48 40 50 0.9582876 
696 62 40 49 0.82000345 
808 330 20 27 0.11774331 
788 292 31 47 0.080011405 
743 259 12 15 0.062758155 
549 353 17 22 0.05806657 
839 335 17 21 0.045293078 
64 21 28 41 0.045021888 
1 58 12 19 0.03754702 
316 105 31 42 0.03584837 
752 291 11 12 0.03521108 
17 51 10 14 0.03366755 
0 329 12 21 0.03292501 
364 330 12 16 0.03139684 
559 331 13 15 0.031310443 
431 339 15 20 0.031189356 
56 288 31 44 0.031083234 
82 21 25 34 0.0295031 
246 148 22 31 0.028663363 
696 46 32 44 0.02802828 
544 332 12 16 0.027807865 
406 356 26 34 0.026432456 
432 334 11 14 0.02606083 
726 336 35 47 0.025716137 
246 421 12 15 0.024721788 
509 351 14 16 0.024668204 
23 335 16 20 0.023491934 
437 332 12 16 0.023212813 
69 290 26 36 0.023103029 
612 102 29 40 0.022870112 
844 78 10 12 0.022663828 
808 298 24 34 0.021822257 
229 454 68 57 0.021510685 
319 456 58 59 0.021348862 
804 345 13 18 0.020669414 
631 337 11 14 0.020550996 
575 294 26 36 0.02042678 
530 332 10 13 0.020140149 
227 23 13 18 0.020130375 
54 258 15 18 0.02012209 
445 329 13 17 0.020026937 
