13_Interview_Interview_On_Location_13_238
24
645 124 85 98 0.9957632 
784 89 35 50 0.13177626 
244 189 16 20 0.12544176 
10 36 15 18 0.06914942 
685 413 104 113 0.05133109 
251 340 14 22 0.04171084 
452 -1 29 28 0.03830935 
250 603 12 13 0.037719782 
28 134 61 88 0.030017149 
905 3 23 29 0.029968003 
572 375 19 23 0.027920857 
754 39 28 33 0.027657688 
921 318 18 23 0.02749351 
-1 175 22 44 0.02729457 
515 221 13 18 0.025901798 
406 533 8 11 0.0254565 
253 246 14 16 0.024103966 
506 -10 103 94 0.023201182 
344 -19 449 526 0.022242034 
286 511 15 21 0.021766273 
1013 31 11 19 0.021576341 
7 37 23 30 0.021218842 
325 479 10 14 0.021089774 
403 60 206 282 0.020529706 
