13_Interview_Interview_On_Location_13_426
17
304 298 84 98 0.98083705 
275 284 17 19 0.26715967 
271 324 19 21 0.076890185 
144 373 24 31 0.039882127 
492 284 73 82 0.03546505 
42 47 435 531 0.02834019 
451 300 20 29 0.028025558 
510 307 36 46 0.024633747 
436 451 114 110 0.023814436 
464 261 116 135 0.023541305 
526 314 32 38 0.023433909 
701 622 11 13 0.023101663 
756 615 49 58 0.022961084 
734 605 10 13 0.021487396 
55 286 39 46 0.021295946 
974 386 10 13 0.02124181 
166 341 28 31 0.020358266 
