13_Interview_Interview_Sequences_13_2
56
266 190 53 69 0.997644 
494 172 50 63 0.9974125 
638 237 54 77 0.9969975 
324 29 31 40 0.992923 
315 138 26 34 0.9928653 
644 147 29 38 0.9922559 
569 29 38 45 0.9916427 
944 20 52 58 0.9905441 
655 27 36 44 0.9897597 
237 28 37 45 0.98825747 
550 202 29 38 0.98689276 
917 217 37 50 0.98311067 
125 274 51 61 0.9783587 
742 288 80 98 0.9732925 
0 24 22 42 0.9428061 
228 189 26 40 0.844757 
12 241 21 26 0.8428744 
572 520 19 28 0.42791182 
-1 133 16 37 0.32314745 
565 103 19 31 0.14312835 
248 186 45 63 0.12648688 
8 209 53 71 0.09117232 
120 0 30 21 0.07985885 
237 97 19 30 0.07838522 
736 619 61 54 0.065297976 
324 233 33 36 0.06402864 
674 164 33 41 0.063619204 
340 375 29 38 0.055986844 
449 0 31 29 0.05351205 
610 110 16 21 0.051882464 
306 439 25 30 0.045705713 
10 169 77 124 0.04523364 
938 27 10 13 0.043287177 
255 561 12 16 0.040695783 
151 265 45 61 0.039938685 
425 313 39 49 0.033603523 
234 176 42 60 0.032789588 
374 177 17 21 0.032130234 
277 104 17 21 0.030846471 
486 547 31 33 0.029920043 
693 599 103 88 0.029678028 
185 69 24 32 0.029548012 
710 190 26 32 0.029494992 
373 149 17 21 0.028757831 
340 152 24 32 0.02873531 
300 442 14 19 0.02785953 
332 240 19 22 0.027305033 
105 66 23 28 0.025460327 
523 182 43 56 0.02424569 
807 1 32 40 0.02390385 
389 370 10 13 0.023673354 
173 268 29 44 0.02350768 
296 430 25 30 0.022594102 
297 447 23 30 0.021835458 
229 442 37 43 0.02040382 
415 170 32 33 0.0201354 
