13_Interview_Interview_On_Location_13_138
49
673 277 17 21 0.910494 
334 228 15 19 0.8278473 
48 335 45 52 0.797423 
495 246 15 21 0.7580607 
97 260 17 20 0.6101505 
230 137 39 52 0.09267322 
352 379 49 62 0.083543085 
726 318 11 14 0.07060254 
413 248 12 16 0.065895736 
491 92 473 595 0.05708826 
59 338 60 66 0.048157927 
410 239 8 10 0.04736685 
408 252 11 14 0.037821617 
408 243 12 14 0.035749294 
52 497 17 24 0.035716627 
205 424 66 63 0.03439926 
168 142 18 23 0.033714302 
952 452 9 12 0.03191189 
965 471 10 13 0.030966664 
243 124 42 58 0.030862173 
187 416 104 101 0.030607712 
502 248 18 21 0.030045275 
331 195 14 18 0.029635292 
646 269 9 11 0.028365783 
373 308 28 41 0.027857296 
28 139 232 260 0.027640458 
218 152 45 53 0.027556209 
228 199 8 10 0.027291626 
31 333 38 46 0.025711427 
446 319 28 40 0.025414357 
252 371 116 158 0.02532092 
925 337 11 14 0.025066448 
-1 486 27 42 0.025054513 
413 184 217 228 0.024118124 
969 5 50 78 0.024063664 
678 164 267 347 0.02343984 
976 304 9 10 0.023231367 
49 486 30 34 0.023217687 
79 376 15 19 0.023114914 
332 276 15 16 0.02276253 
-64 61 408 402 0.022750536 
90 261 11 15 0.021700485 
357 275 9 12 0.02111829 
640 285 9 11 0.020958006 
114 280 49 52 0.0208154 
647 621 12 13 0.020372288 
160 134 23 26 0.020225605 
636 597 11 14 0.02011375 
367 285 11 13 0.020000435 
