13_Interview_Interview_2_People_Visible_13_325
41
290 124 38 51 0.99347526 
227 520 13 16 0.790709 
176 525 12 15 0.51566434 
367 634 34 38 0.5060002 
498 581 15 16 0.50297 
455 571 13 16 0.48231736 
88 506 9 10 0.32965145 
179 530 11 14 0.22064273 
455 578 11 14 0.19691022 
101 522 10 12 0.17996919 
198 532 9 12 0.17439559 
423 571 9 12 0.1555502 
66 488 16 20 0.09864919 
138 527 8 10 0.07169379 
171 92 17 22 0.046752922 
158 525 9 11 0.046401177 
193 527 10 14 0.042249095 
437 571 10 11 0.041099586 
254 76 30 34 0.04106757 
145 69 42 45 0.039893355 
428 630 10 13 0.03844253 
486 604 14 17 0.037031975 
285 552 8 10 0.03616414 
408 616 12 17 0.03503852 
233 828 14 16 0.033564623 
269 70 14 19 0.031190785 
296 583 10 13 0.030701589 
118 527 9 12 0.02983532 
179 519 12 16 0.029091815 
449 571 10 14 0.028083403 
56 481 25 31 0.026690096 
172 25 31 39 0.023108596 
407 610 22 29 0.022676341 
29 823 16 18 0.022227742 
91 507 10 13 0.021257956 
413 58 439 487 0.020771854 
261 67 48 60 0.02051391 
456 637 12 15 0.02048009 
205 535 9 12 0.020441366 
137 531 10 12 0.020436456 
471 606 12 16 0.020020587 
