15_Stock_Market_Stock_Market_15_569
29
184 441 52 64 0.9986462 
322 438 34 38 0.99843544 
232 373 46 62 0.9970559 
58 347 92 121 0.9969049 
467 462 15 23 0.9961188 
401 433 20 27 0.96666694 
392 470 21 28 0.9459723 
24 290 82 179 0.9059913 
362 457 18 21 0.85058355 
114 371 56 83 0.7952877 
5 401 43 88 0.06879317 
378 465 14 18 0.060549162 
315 528 58 71 0.049521286 
-5 270 79 225 0.049042452 
370 462 17 20 0.04729314 
342 429 27 31 0.045515373 
435 465 13 21 0.045169286 
428 483 12 14 0.044620547 
345 449 27 33 0.044218477 
11 253 62 123 0.035293728 
354 457 29 33 0.03389012 
453 450 12 16 0.031519666 
419 532 16 21 0.028542347 
283 426 33 38 0.025598854 
409 523 10 14 0.024531838 
353 422 22 30 0.023064557 
392 501 13 17 0.021035226 
201 312 44 55 0.020825978 
33 334 423 407 0.020338403 
