15_Stock_Market_Stock_Market_15_554
19
495 198 88 116 0.9972778 
345 111 88 128 0.9945539 
221 75 161 210 0.9874746 
0 171 66 108 0.9469569 
674 216 40 49 0.941209 
737 255 23 30 0.18653007 
748 250 14 21 0.11096467 
193 105 37 57 0.10423625 
637 252 49 64 0.08926478 
113 178 17 23 0.07841785 
528 517 129 135 0.04994325 
789 213 12 14 0.03385008 
275 173 444 438 0.0309116 
707 230 22 33 0.029310495 
583 138 62 80 0.02814807 
112 174 34 43 0.027303215 
663 227 54 66 0.026104787 
698 223 24 36 0.023531295 
743 212 11 15 0.022273919 
