15_Stock_Market_Stock_Market_15_542
23
483 301 33 44 0.9983448 
617 284 33 39 0.99809355 
879 251 45 57 0.99806184 
225 276 29 38 0.9978764 
140 280 34 39 0.9972705 
383 274 33 41 0.996421 
284 317 34 43 0.99615896 
764 237 41 45 0.9757983 
898 215 33 39 0.039285313 
694 222 12 15 0.034435153 
332 273 35 47 0.033390325 
266 483 42 31 0.032891806 
226 196 26 31 0.027591959 
336 269 25 31 0.025852347 
717 235 12 14 0.025493102 
221 237 10 12 0.025260005 
121 172 10 13 0.02486249 
110 50 521 495 0.024562163 
686 227 14 17 0.024391105 
702 240 22 29 0.023530856 
95 244 11 12 0.021881625 
681 219 26 32 0.021579357 
756 240 26 37 0.020393396 
