15_Stock_Market_Stock_Market_15_706
27
326 169 178 243 0.9993722 
158 298 24 37 0.6450031 
129 314 27 37 0.25340766 
145 303 25 37 0.08611257 
699 313 23 27 0.07261376 
136 308 16 18 0.056653224 
709 151 55 65 0.049130376 
830 257 13 15 0.042824734 
349 50 17 19 0.035488676 
680 344 30 43 0.032203346 
683 325 42 53 0.031205213 
75 368 17 22 0.030752672 
654 320 15 21 0.029971557 
132 312 18 23 0.029868642 
802 292 15 17 0.027024118 
748 483 11 15 0.026595997 
639 315 11 15 0.024662785 
167 294 25 36 0.024501061 
779 154 23 27 0.022645686 
203 220 25 32 0.022584116 
893 318 18 23 0.022569101 
881 294 42 58 0.022446284 
187 372 29 33 0.022192739 
712 111 30 39 0.021996303 
850 283 25 36 0.021489508 
827 267 14 17 0.020572407 
143 252 23 32 0.020472493 
