48_Parachutist_Paratrooper_Parachutist_Paratrooper_48_678
17
648 304 55 71 0.98967373 
337 324 43 65 0.9891473 
250 274 75 129 0.76840174 
579 319 15 21 0.0868537 
282 289 67 107 0.06660419 
915 354 17 22 0.064142585 
899 300 14 17 0.057425413 
484 241 90 103 0.042737514 
311 306 52 81 0.04153295 
639 564 121 99 0.035915237 
392 348 34 38 0.035376877 
625 274 13 16 0.024472415 
223 311 75 97 0.023113338 
649 601 75 61 0.02310318 
487 266 21 27 0.022161392 
913 349 12 15 0.020805825 
574 235 62 89 0.020140303 
