48_Parachutist_Paratrooper_Parachutist_Paratrooper_48_164
50
193 335 485 552 0.76125026 
392 131 29 31 0.15344685 
388 121 25 32 0.120713815 
506 334 332 452 0.11107344 
910 430 24 34 0.102661125 
924 839 14 20 0.09783579 
968 1189 11 15 0.0943439 
905 764 18 23 0.07285573 
965 1055 11 14 0.07160521 
207 947 504 647 0.06770636 
961 1099 12 17 0.05918672 
397 140 33 33 0.05589091 
310 197 12 17 0.054352563 
323 530 469 538 0.04965436 
943 913 19 22 0.049242415 
144 202 420 455 0.045554213 
558 146 23 29 0.04517785 
963 1225 14 19 0.042676777 
270 298 229 250 0.03892073 
388 133 17 24 0.03879133 
100 257 26 29 0.038298115 
388 116 15 21 0.037939716 
928 775 13 14 0.03536557 
500 104 32 35 0.034517158 
166 397 304 392 0.03183126 
171 148 16 23 0.031653173 
1003 1061 12 14 0.030761704 
134 643 507 554 0.02971644 
564 140 14 20 0.029075885 
968 724 32 50 0.028753182 
972 633 12 16 0.02839918 
422 104 62 58 0.027095523 
888 783 17 20 0.02689152 
26 288 95 126 0.0255409 
135 163 13 18 0.025420371 
958 1090 14 20 0.02428642 
958 1033 14 17 0.024146706 
391 143 46 60 0.02347386 
961 1058 13 16 0.023248324 
937 1016 21 32 0.023226742 
900 926 25 33 0.022808013 
963 1028 15 17 0.022750566 
883 746 45 52 0.02215547 
965 1419 14 17 0.021627778 
910 768 23 28 0.02138197 
403 93 121 92 0.021219317 
975 688 25 26 0.021059778 
247 256 56 61 0.020600272 
951 645 12 15 0.020536724 
630 452 144 180 0.020203378 
