48_Parachutist_Paratrooper_Parachutist_Paratrooper_48_122
82
401 161 126 158 0.9990042 
632 614 115 131 0.20503803 
168 778 37 37 0.19902968 
101 363 10 14 0.15988879 
814 535 68 82 0.14284836 
282 455 35 40 0.0836351 
237 1381 10 15 0.068632394 
86 827 25 35 0.06457121 
262 1027 59 83 0.06143223 
765 1036 15 20 0.059506282 
17 0 22 18 0.05272956 
153 1007 48 65 0.05126507 
208 857 45 55 0.048980962 
209 1375 11 13 0.04873605 
137 114 14 17 0.04736625 
110 357 13 17 0.04730521 
150 237 11 14 0.047034428 
150 1050 154 207 0.041145157 
581 83 45 61 0.039382204 
512 59 17 19 0.03936637 
262 195 96 146 0.038784772 
67 826 30 34 0.03819728 
171 731 42 50 0.038016204 
635 606 71 79 0.03769105 
26 28 12 15 0.037493885 
6 1174 39 68 0.035908006 
677 1387 10 12 0.035805088 
339 1197 11 13 0.035473116 
181 994 65 72 0.03522304 
651 34 38 43 0.034731794 
365 1193 15 18 0.032660026 
701 1325 10 13 0.03265498 
452 663 96 122 0.03204669 
352 725 45 77 0.031485315 
624 1312 10 13 0.030826699 
758 1022 10 12 0.03024007 
641 21 62 67 0.028700324 
358 1375 10 14 0.028340297 
765 1030 11 15 0.028303398 
103 820 44 49 0.027089333 
192 1357 12 15 0.026853045 
50 966 40 55 0.026465895 
170 1322 13 19 0.026161455 
359 1178 14 18 0.025833879 
409 1293 10 11 0.025637235 
357 1181 22 26 0.024626302 
234 551 62 68 0.02454678 
5 909 11 15 0.024369584 
445 361 372 457 0.024102384 
215 1302 11 13 0.024075963 
726 974 11 13 0.023673585 
193 1335 20 26 0.023631586 
351 1285 9 12 0.023522817 
35 863 314 470 0.023428105 
581 896 10 12 0.02340944 
761 1028 11 14 0.023340229 
164 787 17 22 0.023271747 
674 1384 10 12 0.023214726 
71 918 26 34 0.023213878 
298 430 15 17 0.023137001 
364 1307 14 17 0.02310492 
194 1297 13 18 0.023104606 
598 1214 11 14 0.022414552 
731 557 44 53 0.022072978 
660 53 18 23 0.021799374 
107 349 22 27 0.021649173 
86 1032 14 19 0.021526588 
981 952 36 58 0.021059198 
125 981 53 76 0.021038996 
674 135 12 14 0.020930419 
122 1349 18 22 0.020723097 
91 844 15 21 0.020713462 
364 60 27 38 0.020638352 
42 0 13 11 0.02063665 
495 671 67 92 0.020591537 
115 237 13 16 0.020483311 
372 1226 12 14 0.020451238 
104 236 11 14 0.020447934 
604 125 15 22 0.020432156 
524 693 34 40 0.020349013 
353 1247 9 11 0.020203453 
127 7 12 14 0.02006529 
