48_Parachutist_Paratrooper_Parachutist_Paratrooper_48_656
48
29 349 170 215 0.459759 
616 359 30 38 0.44764122 
485 435 23 28 0.33573726 
290 267 64 80 0.27179754 
24 -1 161 183 0.20069844 
562 196 34 33 0.08417689 
503 691 15 19 0.07552225 
428 392 22 31 0.061226618 
450 137 16 20 0.058131453 
515 394 15 17 0.05636994 
612 400 58 67 0.05185353 
473 171 24 32 0.039318178 
1 242 213 258 0.037860435 
460 179 28 32 0.03708631 
838 388 10 13 0.034793507 
222 401 13 15 0.034376286 
397 364 42 50 0.032863148 
852 95 133 153 0.03286183 
379 718 12 14 0.032443948 
785 630 9 11 0.03176294 
560 679 11 13 0.03174542 
805 629 9 12 0.029789586 
517 173 12 15 0.029751062 
185 741 17 18 0.02971644 
413 696 13 16 0.029395826 
771 389 23 34 0.02926578 
607 368 50 61 0.029201813 
422 716 11 14 0.029176524 
618 173 47 56 0.028573086 
470 119 12 14 0.028403282 
816 140 217 256 0.027821157 
517 168 28 30 0.027558742 
461 702 11 13 0.026936011 
318 260 49 69 0.026829207 
715 666 125 108 0.026054634 
721 620 10 13 0.025814192 
729 575 8 10 0.02436352 
44 210 47 54 0.024225194 
353 413 106 89 0.023612957 
764 44 373 411 0.023529377 
713 666 15 18 0.022521585 
821 381 9 11 0.021172596 
118 710 67 65 0.021153273 
445 695 12 17 0.020480737 
264 685 9 10 0.020330425 
468 405 17 21 0.020228231 
355 255 42 60 0.020219367 
658 25 112 149 0.02019139 
