48_Parachutist_Paratrooper_Parachutist_Paratrooper_48_596
24
451 180 110 135 0.9918297 
506 1084 69 80 0.3257156 
261 1188 126 171 0.28488433 
261 810 198 280 0.16276288 
478 101 387 540 0.094254345 
543 117 50 71 0.06937944 
417 749 127 151 0.066042505 
645 1156 96 119 0.059894986 
624 657 146 128 0.050876554 
163 803 388 385 0.040159967 
471 1066 116 131 0.036943067 
502 808 62 88 0.036526088 
183 966 43 52 0.027775533 
388 174 177 221 0.027471874 
426 1106 40 58 0.026776602 
466 665 75 88 0.026283162 
310 765 57 88 0.025343865 
453 806 98 114 0.024485381 
414 250 109 153 0.023474641 
568 303 17 20 0.022290956 
319 737 202 257 0.022100527 
434 673 114 145 0.021145089 
364 725 134 170 0.021069363 
226 1077 193 238 0.020278756 
