48_Parachutist_Paratrooper_Parachutist_Paratrooper_48_1015
100
96 126 42 59 0.98931 
859 317 51 59 0.9884093 
219 405 29 35 0.98828423 
343 211 24 29 0.9862801 
630 348 34 40 0.9846956 
959 317 23 29 0.9742536 
328 385 34 41 0.9651129 
553 354 39 43 0.95290387 
677 344 40 52 0.9512272 
981 303 39 47 0.9511741 
851 209 22 24 0.9212608 
633 210 19 23 0.88884133 
180 377 31 39 0.88133144 
570 225 17 21 0.8443455 
222 245 21 25 0.83190984 
454 223 23 27 0.8269174 
238 271 21 25 0.8231258 
463 362 34 40 0.822392 
967 193 20 24 0.8052338 
706 222 23 26 0.73449093 
5 276 14 18 0.70111156 
547 238 17 22 0.6044067 
964 455 32 33 0.49334008 
279 260 21 26 0.47421926 
789 214 15 23 0.4404686 
797 335 34 37 0.37428 
781 347 47 54 0.34915403 
427 363 23 29 0.30663547 
763 213 18 22 0.3017351 
509 240 18 23 0.2586381 
455 353 27 33 0.25455314 
226 295 10 13 0.2527193 
452 354 18 23 0.20633236 
1 280 21 26 0.20093675 
440 237 11 16 0.113056794 
602 248 13 17 0.091024324 
440 356 22 29 0.08855803 
566 222 13 16 0.08250276 
431 344 41 59 0.07194354 
193 378 38 55 0.06876636 
927 321 27 35 0.05957859 
173 386 24 31 0.057841633 
741 230 12 15 0.056634676 
160 399 18 21 0.05495529 
781 213 17 22 0.04747415 
747 244 16 20 0.046873752 
228 252 23 27 0.04491811 
222 367 16 21 0.043385506 
216 331 12 15 0.043189608 
747 234 14 19 0.042704463 
846 338 23 30 0.04172895 
1011 394 12 21 0.041341092 
429 252 10 12 0.037166618 
686 325 13 16 0.03658296 
971 651 50 49 0.034822166 
288 212 458 459 0.033153154 
252 251 15 17 0.032777783 
750 210 10 14 0.031601284 
160 356 23 27 0.03079009 
758 222 13 19 0.029993013 
768 421 27 30 0.029738465 
0 292 13 20 0.029402556 
268 356 17 19 0.027056623 
245 252 16 19 0.026823575 
524 345 30 41 0.026691612 
999 629 25 44 0.026593348 
326 397 17 25 0.026367128 
737 230 10 13 0.026264362 
562 220 10 14 0.026248762 
188 487 10 12 0.026076958 
535 364 23 33 0.025883254 
443 231 20 26 0.025803508 
884 311 48 58 0.025645673 
288 260 16 20 0.025174443 
313 456 12 17 0.02502316 
576 222 15 20 0.024978561 
462 481 14 18 0.024771145 
640 204 17 24 0.024577118 
183 373 11 16 0.024252618 
802 332 19 21 0.023527367 
982 386 38 58 0.02311718 
847 214 14 19 0.02178156 
531 233 15 21 0.021781549 
424 368 15 21 0.021742867 
191 316 10 12 0.021669783 
218 235 47 43 0.020840809 
439 230 13 16 0.020740049 
999 390 23 36 0.020653224 
945 329 15 21 0.020589797 
289 268 17 23 0.020534003 
459 451 50 73 0.020521328 
550 231 12 15 0.020494096 
453 331 57 71 0.020375492 
923 305 25 30 0.020293305 
331 401 18 26 0.020282391 
964 468 20 21 0.020275736 
262 359 16 18 0.020262243 
163 366 42 56 0.02024625 
461 375 17 23 0.02024432 
0 283 27 42 0.02016841 
