48_Parachutist_Paratrooper_Parachutist_Paratrooper_48_75
21
384 93 39 46 0.9211395 
857 155 40 58 0.45598587 
484 286 11 15 0.29095298 
739 206 71 83 0.116291195 
501 121 10 14 0.041561518 
763 186 56 71 0.038687557 
0 261 24 40 0.033669468 
527 158 11 15 0.029706938 
2 268 15 20 0.028176611 
738 509 14 17 0.027125167 
672 346 117 153 0.026690163 
-3 157 35 53 0.025490072 
844 153 39 43 0.025376445 
714 154 43 51 0.02365489 
850 286 14 22 0.02136999 
876 165 15 20 0.021274852 
783 179 45 58 0.021105578 
239 155 49 52 0.02109817 
569 42 14 18 0.0208323 
63 383 25 31 0.020295937 
89 240 10 14 0.020058492 
