1_Handshaking_Handshaking_1_236
23
503 190 50 66 0.99859816 
860 247 24 34 0.9979995 
193 139 59 79 0.99608266 
729 238 30 40 0.9932372 
916 231 26 30 0.9901363 
382 187 42 63 0.9659566 
979 273 21 26 0.9490548 
892 518 31 48 0.7817086 
0 192 34 87 0.7805238 
1006 271 13 19 0.17290924 
613 285 33 40 0.14630683 
392 218 34 51 0.0991467 
213 103 12 16 0.07831987 
1013 242 10 17 0.07816735 
7 323 71 123 0.058131855 
51 357 16 22 0.05326742 
849 499 16 18 0.048256047 
1005 279 17 21 0.030083906 
1000 269 13 19 0.024051886 
208 102 12 16 0.023583643 
897 538 20 27 0.022430228 
945 252 24 32 0.02183653 
96 455 17 20 0.021168258 
