1_Handshaking_Handshaking_1_579
580
625 234 25 35 0.99622583 
883 273 29 39 0.99537945 
144 312 32 40 0.9951747 
940 428 34 42 0.99489695 
595 415 37 46 0.9946919 
651 278 29 39 0.994239 
498 405 32 45 0.99413824 
584 318 33 41 0.993771 
77 359 33 37 0.99339503 
788 411 33 41 0.99283 
471 350 27 35 0.9926489 
529 312 29 36 0.9925512 
384 279 24 29 0.9922799 
396 381 31 38 0.9921638 
749 303 29 37 0.9891472 
636 196 23 29 0.988441 
584 248 29 39 0.9882284 
439 308 28 38 0.9856962 
775 354 29 39 0.98553354 
858 342 34 45 0.98371005 
272 214 25 33 0.9836231 
493 284 25 31 0.98061407 
244 147 15 22 0.97657406 
530 238 21 27 0.9748702 
676 363 33 43 0.9726155 
499 201 19 25 0.96876526 
861 257 23 33 0.9658698 
908 147 17 22 0.96465087 
587 205 20 25 0.96353745 
171 283 22 28 0.9593955 
530 194 22 29 0.9591977 
307 260 21 26 0.9571081 
74 189 17 22 0.9565631 
892 173 24 32 0.9565263 
149 205 22 26 0.9540879 
415 333 34 40 0.952919 
24 202 23 31 0.94930774 
120 254 22 27 0.94452554 
32 162 22 26 0.94014496 
265 146 17 21 0.93862396 
645 172 16 20 0.9378211 
734 144 18 22 0.91775304 
4 258 19 25 0.91129154 
303 76 11 14 0.90536636 
485 162 18 19 0.90419316 
442 132 15 19 0.9020961 
302 101 12 15 0.8961284 
927 107 14 17 0.88530684 
238 196 24 31 0.88168603 
362 196 21 29 0.8813299 
765 152 15 25 0.880938 
190 150 16 21 0.87311995 
570 189 17 21 0.8665178 
949 160 16 21 0.86127 
131 153 17 21 0.86123145 
476 133 13 16 0.85862297 
35 117 15 19 0.8554836 
798 138 14 18 0.82260835 
840 139 15 20 0.8184643 
171 117 14 18 0.8082459 
738 190 25 29 0.7944439 
678 126 13 16 0.79318416 
387 73 12 16 0.7899449 
145 85 12 15 0.78882617 
220 182 16 21 0.7841556 
960 108 16 20 0.77035534 
721 160 17 21 0.75519663 
374 94 11 15 0.7519729 
616 98 11 15 0.7517565 
1006 133 17 27 0.74772334 
1003 232 21 33 0.7361628 
678 94 12 16 0.7323338 
662 187 19 26 0.73225737 
21 130 12 15 0.72183514 
278 310 21 25 0.720429 
781 201 16 25 0.7188645 
622 118 12 15 0.71868503 
903 96 12 16 0.70737183 
838 512 24 39 0.69567585 
376 177 21 25 0.6808623 
179 314 31 35 0.67143804 
886 144 16 20 0.6683547 
872 236 26 32 0.6557914 
126 130 14 19 0.64638877 
564 141 15 19 0.6452607 
426 97 12 16 0.6445157 
88 212 21 25 0.62938166 
976 190 21 27 0.62425965 
326 206 19 27 0.6228914 
10 117 11 14 0.60978 
989 105 13 16 0.5969025 
324 350 29 33 0.5960807 
647 126 13 15 0.58291906 
175 244 21 26 0.56866354 
465 226 18 22 0.5562533 
455 166 19 21 0.53770804 
254 394 23 31 0.534728 
7 386 38 46 0.5291189 
827 109 16 19 0.519576 
575 76 11 15 0.50855577 
38 257 13 17 0.50440365 
453 82 8 11 0.49594477 
271 114 13 17 0.47367838 
782 124 12 15 0.4705138 
402 211 15 21 0.45445892 
730 112 14 17 0.44385198 
310 154 14 17 0.43836746 
708 130 12 14 0.43074486 
660 66 12 15 0.42777154 
613 72 10 13 0.40671742 
27 257 16 21 0.40059805 
744 67 12 15 0.3839024 
249 106 12 15 0.38320425 
22 191 19 23 0.37784117 
509 117 12 15 0.37014592 
593 99 10 14 0.36886272 
59 282 12 15 0.3648444 
524 129 13 18 0.36452556 
103 182 16 21 0.36012262 
639 102 11 14 0.35626304 
245 124 10 14 0.35210282 
401 151 15 19 0.33879793 
423 154 11 15 0.33511868 
845 117 14 18 0.3348052 
651 143 13 17 0.31842926 
201 78 11 15 0.3170226 
698 76 11 15 0.31604287 
867 82 11 16 0.30969706 
379 410 20 35 0.3058473 
640 82 12 13 0.29250577 
830 242 23 29 0.2911584 
798 216 28 34 0.28077418 
603 166 11 13 0.27476755 
319 332 31 38 0.27435124 
532 156 11 14 0.26864186 
418 67 9 11 0.2415646 
279 134 11 13 0.240359 
954 211 13 17 0.23397489 
320 291 18 20 0.233889 
537 59 10 13 0.23176757 
874 180 13 18 0.22997883 
955 185 13 16 0.22941475 
202 233 15 19 0.21073097 
103 120 12 16 0.2091112 
363 139 12 16 0.20813411 
473 80 11 13 0.20681104 
77 270 13 15 0.19916065 
1002 342 16 20 0.19548935 
869 155 12 15 0.19322133 
67 212 13 16 0.1874122 
229 100 11 14 0.18119006 
296 133 13 16 0.17745057 
967 163 14 19 0.17546418 
555 162 13 16 0.1672221 
132 107 12 16 0.15842761 
549 92 11 14 0.15352483 
12 155 15 20 0.15287538 
820 143 11 14 0.15061508 
0 185 10 17 0.14379354 
665 131 11 14 0.13887306 
260 133 10 12 0.13462716 
447 224 12 16 0.13333601 
396 96 10 13 0.12730438 
356 95 10 12 0.12722348 
376 253 12 15 0.12642623 
885 480 54 60 0.12336495 
430 318 28 36 0.123089984 
457 119 10 13 0.116695285 
182 117 11 15 0.11292158 
415 107 9 11 0.112673976 
333 94 12 14 0.111803055 
372 75 9 13 0.11049046 
710 192 15 18 0.109640874 
166 191 15 20 0.1064807 
356 99 12 15 0.102045976 
359 108 10 13 0.10173058 
529 149 12 15 0.10141472 
68 222 15 20 0.10115481 
476 245 9 13 0.10067521 
359 132 11 16 0.100153014 
82 117 12 16 0.10001714 
253 284 18 24 0.097264476 
70 156 21 25 0.093757704 
106 262 10 13 0.08864926 
740 208 17 21 0.08647735 
358 173 11 15 0.08625885 
229 145 12 16 0.08571895 
669 224 16 18 0.08466702 
318 313 32 38 0.08454564 
613 142 10 13 0.0832613 
663 117 8 11 0.08199752 
30 108 14 17 0.080736995 
557 229 24 35 0.08003533 
491 252 13 18 0.07982018 
175 92 9 13 0.07961026 
651 407 27 30 0.07788397 
788 199 19 28 0.077682994 
505 150 11 14 0.07524263 
69 212 21 27 0.074958354 
900 465 27 31 0.07495372 
150 148 10 13 0.07343787 
806 203 15 19 0.07319131 
987 124 13 16 0.07286757 
891 474 32 42 0.072829194 
792 81 12 15 0.072423846 
871 265 28 35 0.07207579 
972 86 10 14 0.07186361 
542 235 21 30 0.07060167 
293 60 8 11 0.06849714 
833 112 19 23 0.06790704 
275 342 15 21 0.066969 
63 218 13 19 0.06689141 
616 180 12 14 0.066889666 
366 302 11 14 0.06656975 
915 131 13 15 0.06521339 
508 156 11 14 0.06504424 
531 141 12 16 0.06458365 
743 73 14 18 0.06392727 
834 179 11 16 0.06299416 
30 100 28 36 0.062096253 
452 378 25 34 0.06157781 
559 145 15 19 0.061488144 
4 294 20 30 0.061112735 
360 128 9 10 0.06103569 
588 94 13 16 0.060489357 
319 295 26 31 0.060432553 
654 188 19 30 0.05995606 
253 91 9 12 0.05930814 
262 336 14 18 0.05929302 
373 257 15 20 0.059019983 
42 298 16 21 0.05855703 
196 196 17 19 0.058465313 
835 69 11 13 0.058344312 
84 77 13 15 0.0569755 
474 62 8 11 0.05680181 
888 67 11 14 0.056327343 
387 31 8 12 0.055681802 
781 102 11 14 0.055488337 
805 211 16 19 0.055021934 
341 235 22 28 0.054831687 
155 309 39 49 0.05481356 
448 99 9 13 0.054654993 
480 112 10 13 0.05456477 
222 185 23 27 0.05431449 
509 162 11 14 0.054240275 
947 144 14 18 0.054139115 
794 208 22 31 0.05404521 
341 75 10 13 0.053622384 
265 90 10 14 0.053497765 
356 249 12 15 0.053021375 
17 258 19 26 0.051512815 
1001 82 11 14 0.05134135 
389 389 29 41 0.050836265 
83 266 13 18 0.050657474 
223 223 12 14 0.05061416 
92 258 11 17 0.05053725 
544 116 12 16 0.050070867 
678 139 11 14 0.049862664 
557 169 12 15 0.04981924 
327 160 9 12 0.049720004 
588 87 10 12 0.048976485 
855 154 11 14 0.04890727 
266 335 19 24 0.04822322 
460 135 11 14 0.047813162 
852 364 16 25 0.047646172 
10 291 26 36 0.047585018 
918 183 13 19 0.04667951 
585 92 11 15 0.0465831 
513 359 28 34 0.04641382 
56 270 13 16 0.04631912 
406 147 19 23 0.046186317 
925 292 17 22 0.046146836 
445 386 13 19 0.046093594 
354 269 14 19 0.045962166 
859 461 17 23 0.045627758 
390 217 12 15 0.045188725 
329 164 9 13 0.044705454 
734 101 12 14 0.044627573 
820 177 12 15 0.044441495 
831 204 14 19 0.04387734 
634 45 9 12 0.043870345 
868 239 43 52 0.043383688 
695 115 11 15 0.043261036 
758 257 23 29 0.04283496 
796 298 16 20 0.04276682 
624 196 11 14 0.042240325 
432 231 8 12 0.042002708 
643 107 12 14 0.04125248 
230 251 14 18 0.04119628 
558 179 11 15 0.041004773 
710 95 10 12 0.04071798 
34 212 16 21 0.040010016 
92 391 19 20 0.039751235 
56 221 12 17 0.039254706 
413 85 10 13 0.03841735 
376 132 10 14 0.03804807 
604 111 10 12 0.03799373 
398 237 11 14 0.037768453 
313 57 8 10 0.037508424 
534 95 10 13 0.037441112 
516 76 12 16 0.03702873 
839 519 37 50 0.037003405 
688 149 10 13 0.036907565 
154 186 26 30 0.03686593 
545 112 9 12 0.03654969 
318 308 13 17 0.036177564 
351 159 9 12 0.036049627 
845 191 11 15 0.035466846 
76 37 20 29 0.035456922 
825 158 10 13 0.03520769 
423 55 9 11 0.03511983 
962 187 13 16 0.0347431 
350 72 9 12 0.034655575 
764 141 12 15 0.034499783 
669 127 12 15 0.034358628 
818 336 25 33 0.03434699 
490 181 13 16 0.034312036 
471 117 10 12 0.03429922 
643 415 39 46 0.034105215 
112 306 17 22 0.034084935 
755 231 17 23 0.034062188 
325 78 9 12 0.033848636 
965 190 21 27 0.033636246 
185 235 22 28 0.03360669 
415 155 10 14 0.03354413 
146 301 18 21 0.033532374 
342 112 8 10 0.033520907 
72 152 12 16 0.033463705 
273 307 13 18 0.033168055 
650 130 13 16 0.033020392 
399 207 13 18 0.03251567 
337 72 11 13 0.03245431 
529 133 13 16 0.03220967 
77 196 23 28 0.032208562 
386 151 7 10 0.03193298 
71 275 13 15 0.031898685 
453 134 11 15 0.031821158 
425 145 9 11 0.031725194 
25 289 28 34 0.031692274 
1005 372 15 20 0.031684607 
834 175 9 13 0.03163606 
558 225 15 20 0.0315491 
276 123 13 15 0.03144369 
711 350 16 22 0.031413868 
982 482 36 63 0.031290527 
712 188 22 27 0.03125252 
328 305 27 31 0.03105728 
234 374 39 47 0.030998822 
967 211 11 15 0.03085442 
562 117 9 11 0.030724725 
220 381 24 35 0.030678298 
387 338 22 28 0.03047274 
473 234 13 18 0.030261414 
93 181 19 26 0.030176746 
500 86 11 14 0.030116966 
376 175 14 18 0.029872594 
843 530 18 27 0.029825944 
405 145 9 12 0.029763462 
28 31 11 14 0.029669361 
551 110 9 12 0.029651696 
690 156 10 13 0.029629324 
381 52 9 12 0.029600918 
190 200 25 27 0.029481066 
221 175 15 17 0.029475396 
782 71 10 12 0.02943122 
702 154 11 15 0.029304089 
483 275 15 20 0.02927966 
236 270 24 35 0.029208401 
786 448 27 30 0.029153086 
765 134 11 14 0.029122708 
162 108 9 12 0.029011596 
161 125 9 13 0.028993689 
584 85 10 13 0.028971747 
663 156 10 14 0.028932035 
95 115 14 18 0.028675426 
5 292 13 18 0.028619695 
324 130 12 14 0.028414646 
623 203 13 18 0.028407484 
160 103 10 12 0.028397633 
1001 358 23 36 0.02831395 
251 89 8 11 0.028158298 
520 125 11 14 0.027979076 
949 102 10 13 0.027978003 
836 183 13 18 0.027931843 
540 147 13 16 0.027863406 
955 192 14 18 0.027847745 
283 137 11 15 0.027683975 
752 235 26 36 0.027542293 
175 238 14 18 0.027453704 
388 35 9 12 0.027410965 
161 278 38 47 0.027396265 
757 47 9 11 0.027377846 
29 246 13 17 0.02727632 
495 127 9 12 0.027162025 
223 124 10 12 0.027113473 
334 60 11 14 0.027102893 
367 264 13 19 0.027084704 
760 148 15 23 0.027060287 
175 303 27 32 0.02700877 
935 187 11 14 0.026991244 
672 111 9 12 0.026953768 
123 224 14 18 0.026913578 
694 151 10 14 0.02687102 
600 115 10 12 0.026661182 
626 121 12 16 0.026576167 
451 221 18 24 0.026524445 
439 235 11 14 0.026331797 
894 87 9 11 0.026159193 
357 418 37 46 0.026111593 
351 233 21 27 0.026077472 
61 403 16 21 0.02604832 
377 263 16 20 0.025861397 
955 244 15 22 0.025812928 
790 108 10 13 0.025681192 
177 414 20 37 0.025607763 
954 147 15 18 0.025592849 
419 325 17 21 0.025573827 
372 270 14 20 0.025526788 
860 150 12 16 0.025449414 
67 281 15 18 0.025416546 
859 508 45 53 0.025334649 
403 395 20 24 0.02530038 
373 140 11 14 0.025282465 
927 265 13 17 0.025173012 
812 564 30 27 0.025156528 
504 78 8 12 0.025070224 
77 338 50 63 0.024930585 
343 116 9 12 0.024879402 
323 333 18 21 0.024862643 
621 187 13 16 0.024858221 
814 171 13 20 0.024833959 
361 240 15 19 0.02470069 
830 255 17 20 0.024572654 
298 77 11 14 0.024553722 
358 144 12 16 0.024549406 
440 228 12 15 0.024510236 
236 396 44 49 0.024432926 
1014 181 10 16 0.024415877 
849 170 9 14 0.024394069 
8 162 13 17 0.024384134 
142 132 11 15 0.024377571 
109 432 31 37 0.024373982 
713 51 9 12 0.024285598 
400 241 11 16 0.024284128 
704 138 11 16 0.024249805 
543 175 10 13 0.024204599 
452 275 10 15 0.0241331 
893 93 11 13 0.024117878 
353 174 11 13 0.024106108 
918 226 12 15 0.024091238 
63 32 7 9 0.024064817 
300 126 13 15 0.024037529 
431 54 9 12 0.023988374 
494 132 10 13 0.023972107 
984 102 14 16 0.02388276 
143 141 12 13 0.023878213 
187 122 11 14 0.02384258 
879 148 12 16 0.023829838 
320 126 12 15 0.023816042 
540 156 12 16 0.023804449 
570 209 15 19 0.023748724 
565 166 10 14 0.023715513 
666 181 14 18 0.023700412 
758 108 11 14 0.023619585 
853 171 9 13 0.023471357 
266 116 10 14 0.02338605 
345 164 8 10 0.023317875 
326 117 9 11 0.023238268 
485 226 13 17 0.02315945 
541 98 11 14 0.023135923 
26 109 10 13 0.023115173 
229 247 24 30 0.023047317 
444 214 14 17 0.022975942 
244 52 9 12 0.022969622 
870 151 19 24 0.022877296 
941 510 15 21 0.02285712 
245 118 12 15 0.02285265 
661 456 22 39 0.022840593 
619 174 14 17 0.022654187 
501 161 13 17 0.022640266 
364 111 9 11 0.02259227 
753 243 38 49 0.0225701 
627 187 15 18 0.022505177 
358 134 20 28 0.022500167 
621 161 14 16 0.022497004 
391 210 21 27 0.022481091 
998 130 19 26 0.022424081 
501 59 9 12 0.022419395 
556 94 9 12 0.022368344 
307 404 33 35 0.022354126 
499 278 17 21 0.022331469 
245 286 15 22 0.022286238 
71 167 15 18 0.022218496 
839 197 13 17 0.022172222 
442 94 8 11 0.022125812 
561 70 8 10 0.022049716 
225 141 12 16 0.022049172 
29 332 12 14 0.022033436 
343 182 9 12 0.022016227 
7 111 18 24 0.021993626 
493 77 10 13 0.021887394 
921 108 12 15 0.0218349 
316 210 20 28 0.021830436 
139 149 14 18 0.021810971 
81 168 16 20 0.021808371 
355 324 24 29 0.021779906 
759 158 13 20 0.021724192 
129 284 12 15 0.02161409 
409 211 12 18 0.021574179 
320 143 9 11 0.02151272 
15 189 12 16 0.021457637 
382 48 8 11 0.021441458 
641 126 10 13 0.02140304 
465 170 15 19 0.021385986 
492 277 16 20 0.021338226 
525 265 13 18 0.021210104 
518 73 10 12 0.02117727 
510 69 9 11 0.021149877 
18 157 20 25 0.021133224 
776 129 13 16 0.02110426 
101 111 13 17 0.021061873 
983 127 20 24 0.021024307 
705 95 9 11 0.021019347 
917 193 14 18 0.021010872 
354 107 9 13 0.021008847 
444 231 14 18 0.021004707 
953 477 26 36 0.020997183 
335 240 14 19 0.020968856 
83 254 15 17 0.02096062 
700 109 12 15 0.020924365 
597 166 19 23 0.020858876 
966 195 12 16 0.020840123 
393 236 11 14 0.020839073 
379 248 15 18 0.02081993 
190 133 13 17 0.020806132 
994 342 11 14 0.02070855 
790 292 16 20 0.020707887 
219 391 15 23 0.02067855 
109 110 11 16 0.020678302 
611 75 8 12 0.02067577 
430 258 14 18 0.020620149 
963 134 12 14 0.020611655 
981 208 15 19 0.020596325 
870 426 28 38 0.020592768 
768 263 16 20 0.020579588 
313 161 14 17 0.020578414 
800 304 16 20 0.020546898 
300 188 24 30 0.020517612 
77 252 15 17 0.020510167 
558 110 9 12 0.020504486 
864 161 13 17 0.020495025 
573 239 28 39 0.020494848 
569 76 11 15 0.02047238 
409 104 9 11 0.020453513 
786 299 37 49 0.020450179 
471 102 7 10 0.020417873 
609 147 10 13 0.0204021 
257 410 45 66 0.020373985 
268 178 14 18 0.020339562 
472 249 12 15 0.020333344 
102 278 12 15 0.020332254 
365 250 13 16 0.020320188 
77 328 16 20 0.020287978 
899 479 18 24 0.02026293 
431 264 22 26 0.020249708 
704 189 15 18 0.020247266 
121 125 11 14 0.020232232 
674 228 18 22 0.020217441 
290 337 21 32 0.020209821 
439 70 10 13 0.020174084 
852 68 10 11 0.020122558 
518 354 20 23 0.020119846 
767 125 12 15 0.020109432 
207 247 11 16 0.020103691 
442 378 23 30 0.020102035 
189 139 16 22 0.02009309 
672 148 9 12 0.020088958 
654 111 10 13 0.020077772 
326 112 8 11 0.020029815 
935 206 11 15 0.020002615 
