1_Handshaking_Handshaking_1_380
28
677 0 144 139 0.99652725 
243 55 16 20 0.21367362 
565 0 413 446 0.101199314 
294 52 16 20 0.081226364 
402 662 20 23 0.07261462 
430 642 11 15 0.053779345 
659 587 18 25 0.050153792 
682 641 22 26 0.04432455 
325 50 12 16 0.043228053 
737 16 84 71 0.04093963 
619 581 12 14 0.033559695 
330 69 40 51 0.03182591 
255 67 12 14 0.030654116 
551 602 13 16 0.028551836 
589 604 21 26 0.027502954 
686 19 83 89 0.027445318 
470 298 42 48 0.027324075 
319 48 14 19 0.026393784 
283 241 31 35 0.025584089 
614 585 12 14 0.024996825 
231 55 9 12 0.024545956 
462 603 12 15 0.023794921 
699 27 203 193 0.023415823 
540 628 11 14 0.022931043 
226 113 24 29 0.022495732 
276 245 49 58 0.021800999 
118 365 48 59 0.0213283 
646 592 11 14 0.021256605 
