1_Handshaking_Handshaking_1_602
80
841 235 12 15 0.86546683 
609 226 11 15 0.82828957 
509 224 8 11 0.7948258 
251 345 27 29 0.7783935 
915 269 12 15 0.76213497 
374 240 14 18 0.7457109 
546 225 8 10 0.6936203 
644 222 11 13 0.64017975 
753 245 9 12 0.61193544 
946 242 16 26 0.5494974 
687 226 10 13 0.52685636 
399 321 12 18 0.39472535 
137 197 8 11 0.39016527 
639 245 11 14 0.38720328 
288 284 18 20 0.29725382 
574 221 14 19 0.28925574 
189 187 9 12 0.258702 
366 237 15 20 0.25472385 
673 241 15 19 0.25378817 
436 232 12 13 0.24903186 
720 237 10 13 0.2333929 
476 217 10 11 0.20262726 
722 257 15 18 0.18965037 
676 307 13 19 0.121721484 
679 228 11 14 0.098827064 
924 248 18 20 0.09387187 
605 293 20 30 0.0878034 
694 243 12 15 0.06654412 
286 278 15 19 0.05420977 
933 247 21 25 0.05200336 
435 236 16 21 0.049212858 
486 234 14 18 0.046779238 
472 243 12 17 0.037872545 
508 234 14 17 0.037263796 
665 247 9 13 0.036040965 
504 226 12 14 0.035484236 
116 303 16 19 0.034571182 
674 230 9 12 0.03385405 
361 236 13 18 0.032625668 
685 233 14 17 0.032522567 
517 324 22 32 0.031504434 
502 231 14 18 0.031205757 
648 314 12 15 0.030903276 
281 284 11 16 0.030742481 
669 298 14 22 0.030452332 
921 243 12 19 0.028808406 
557 244 9 13 0.028456677 
277 285 23 28 0.02810322 
722 242 13 17 0.027421637 
577 221 21 29 0.027406177 
517 238 11 14 0.027240785 
653 236 10 14 0.02707508 
683 243 14 17 0.026746843 
477 236 24 27 0.02625217 
714 237 10 14 0.025895763 
547 226 11 14 0.025506517 
745 245 12 14 0.025216462 
580 245 11 13 0.025156206 
730 254 16 18 0.024657957 
568 225 14 20 0.024541916 
442 240 13 17 0.024504717 
264 338 18 26 0.024300527 
754 249 12 15 0.024293466 
831 264 8 11 0.023923712 
464 245 11 16 0.023010878 
477 236 13 18 0.022836633 
457 246 10 13 0.022794817 
549 238 12 15 0.022722494 
773 254 9 12 0.022664167 
639 217 17 22 0.02261175 
652 298 15 18 0.02257049 
618 297 15 21 0.022374557 
542 243 10 15 0.022140661 
402 323 18 22 0.022001557 
687 242 23 28 0.021547973 
427 319 16 24 0.020844651 
484 250 13 16 0.020800522 
235 346 31 33 0.020600222 
488 340 50 57 0.020544851 
740 252 12 16 0.020425804 
