40_Gymnastics_Gymnastics_40_646
34
770 316 54 67 0.9987802 
918 303 55 67 0.99843806 
380 275 48 60 0.9963993 
261 255 45 55 0.99600524 
548 197 46 57 0.99580306 
119 295 50 54 0.99495995 
840 163 46 56 0.9947543 
595 305 44 56 0.9947384 
393 152 39 50 0.993526 
502 310 46 57 0.99343324 
713 170 40 49 0.99171185 
959 66 16 19 0.41661265 
999 78 12 15 0.24414882 
276 64 10 12 0.15862007 
173 82 17 20 0.104045354 
934 82 13 15 0.088583894 
997 81 22 36 0.079668276 
1001 82 13 17 0.066511534 
893 77 12 15 0.060491398 
1 81 36 61 0.0369796 
177 75 16 19 0.032420658 
168 93 25 27 0.031271286 
1004 43 10 14 0.030698232 
543 282 47 57 0.027741889 
164 85 40 49 0.02611106 
270 64 20 26 0.024075665 
181 70 12 15 0.024037998 
523 268 53 63 0.02344478 
765 78 22 31 0.023285747 
123 531 36 50 0.021627402 
368 72 16 22 0.021530187 
165 89 18 21 0.020674808 
952 69 11 16 0.0205683 
750 138 42 52 0.02014038 
