40_Gymnastics_Gymnastics_40_1043
23
554 418 16 23 0.9937336 
955 408 19 28 0.9706259 
882 427 17 23 0.9661913 
782 409 20 23 0.9575198 
550 480 21 27 0.94879353 
343 426 17 22 0.8854105 
841 455 18 20 0.5398718 
84 659 17 32 0.23803498 
524 224 38 48 0.05822508 
714 548 10 15 0.05615122 
864 424 21 27 0.044737067 
52 653 20 32 0.03930315 
88 650 17 31 0.035266366 
530 455 16 22 0.032204416 
844 445 14 20 0.029953556 
190 81 24 32 0.029249296 
565 461 18 21 0.027635826 
860 453 14 17 0.025746519 
536 462 22 25 0.02465806 
793 440 108 121 0.021685151 
59 664 27 31 0.02163059 
848 448 22 26 0.021209028 
835 461 19 21 0.021012614 
