40_Gymnastics_Gymnastics_40_24
34
695 281 76 64 0.5171555 
990 480 12 15 0.06967406 
667 449 14 17 0.06579275 
173 531 18 23 0.06486617 
661 266 128 102 0.05738204 
226 476 16 21 0.051547654 
797 551 15 19 0.050885934 
118 520 16 20 0.049850453 
138 556 15 20 0.048023913 
666 225 18 24 0.043840073 
965 360 13 16 0.040783413 
432 322 248 281 0.03366844 
341 486 22 30 0.032800995 
677 301 79 62 0.031081278 
977 221 15 18 0.029867897 
1001 225 22 35 0.029760865 
570 467 11 15 0.029485673 
697 431 11 14 0.027041363 
272 450 12 14 0.026569955 
620 239 30 32 0.02493 
620 233 195 177 0.024011098 
501 269 240 262 0.023722667 
80 354 36 48 0.023137122 
573 499 12 15 0.022749089 
561 564 16 21 0.022179589 
535 445 13 15 0.021903303 
662 475 15 18 0.021728909 
114 236 19 23 0.021441475 
292 534 44 51 0.020629585 
502 497 13 17 0.020536343 
79 620 13 16 0.020320721 
597 550 11 15 0.020266106 
447 436 23 27 0.020226842 
634 469 15 19 0.020179478 
