40_Gymnastics_Gymnastics_40_422
140
371 524 10 14 0.1543187 
704 475 11 15 0.15083838 
62 435 13 18 0.12215881 
812 523 9 13 0.11544957 
808 478 11 15 0.11263756 
787 470 10 14 0.09571325 
292 238 15 19 0.089544155 
372 502 9 12 0.0707611 
385 312 81 64 0.06912852 
532 466 11 14 0.067632355 
338 511 9 11 0.061996445 
508 523 11 14 0.0600842 
509 420 12 14 0.056900673 
563 565 15 16 0.05254097 
25 525 10 13 0.05234938 
776 439 9 11 0.04917467 
781 543 10 14 0.04834653 
867 542 8 10 0.046640508 
245 472 11 14 0.04562679 
568 521 7 10 0.045087047 
822 510 12 14 0.044163674 
649 551 9 11 0.043851282 
589 525 10 13 0.04355586 
495 547 10 14 0.04314508 
849 581 9 12 0.04134129 
724 524 12 15 0.041012827 
1009 464 8 11 0.040764306 
796 534 9 12 0.03987061 
293 507 13 17 0.039535034 
806 576 8 11 0.039114844 
239 538 11 14 0.036972888 
878 420 8 11 0.036590848 
534 535 11 13 0.036126584 
438 535 11 13 0.035467193 
269 464 9 10 0.034929488 
553 524 8 11 0.034306217 
7 536 11 13 0.034162834 
147 241 15 17 0.0337426 
914 656 15 15 0.033712298 
839 558 9 11 0.03341462 
557 525 9 11 0.03287899 
569 502 9 12 0.032780085 
478 510 8 11 0.032456126 
838 502 11 15 0.032355614 
212 501 11 13 0.0322429 
300 530 15 18 0.031587385 
678 501 14 16 0.031323113 
313 500 16 18 0.031132286 
634 515 9 12 0.03090403 
614 543 8 12 0.030896991 
542 519 10 13 0.030600155 
826 527 9 11 0.030593332 
559 509 8 10 0.030378362 
728 494 10 13 0.030197449 
974 518 9 11 0.029918876 
81 551 9 12 0.029529758 
669 517 9 10 0.029428266 
327 306 13 18 0.029147891 
726 461 8 10 0.028952459 
254 626 51 50 0.028819913 
445 511 12 14 0.028798781 
952 517 9 11 0.028728973 
69 512 9 12 0.028319651 
781 521 11 14 0.028223656 
707 532 12 14 0.028210409 
547 470 12 16 0.02791696 
821 565 9 11 0.027694484 
14 486 13 17 0.027648771 
936 496 8 9 0.027491283 
479 479 10 12 0.027178094 
951 541 7 10 0.027170394 
978 374 8 10 0.026849015 
550 520 9 12 0.026832538 
327 540 11 14 0.026739638 
938 447 9 11 0.026734939 
860 493 9 12 0.026674781 
847 535 7 10 0.026661772 
848 525 8 10 0.026474139 
543 535 11 13 0.02641469 
536 502 11 14 0.026078884 
615 535 9 11 0.025668876 
67 642 18 20 0.025483947 
1009 219 13 18 0.025385667 
278 525 11 14 0.025304 
50 479 14 17 0.025099233 
855 526 8 10 0.025084803 
878 479 8 11 0.025041366 
358 524 10 13 0.024979793 
790 494 10 13 0.0247441 
540 508 10 11 0.024731345 
535 524 11 14 0.024633382 
654 478 9 12 0.024631022 
807 459 11 15 0.024580635 
559 520 9 12 0.02435557 
672 463 9 12 0.024352998 
197 554 12 16 0.02419372 
465 551 10 12 0.02417236 
873 416 10 12 0.023933172 
361 429 10 13 0.023488017 
593 552 9 12 0.023331014 
223 485 11 14 0.023297897 
630 564 10 13 0.02329634 
135 420 15 18 0.023227628 
774 452 9 12 0.023030033 
230 467 9 12 0.022968316 
823 561 8 10 0.02292346 
461 507 10 13 0.022725077 
276 611 58 61 0.022591626 
760 501 8 11 0.022481991 
789 572 10 14 0.022477256 
915 508 12 14 0.022344809 
829 509 11 14 0.022004705 
852 549 9 11 0.021963941 
485 525 11 14 0.02190943 
861 453 9 12 0.02188112 
886 439 9 12 0.021831837 
281 547 15 16 0.021614037 
587 559 8 10 0.021470403 
601 508 9 12 0.021458086 
749 514 10 13 0.021297147 
200 540 12 15 0.021262337 
567 506 9 13 0.021055456 
814 461 10 12 0.021052253 
845 454 9 12 0.021010477 
1014 486 8 12 0.021004703 
590 557 8 10 0.020910608 
132 421 22 31 0.020880885 
597 494 10 11 0.020841962 
857 502 8 10 0.02083877 
991 519 8 11 0.020696418 
334 514 12 14 0.020685866 
526 517 10 13 0.02058145 
808 471 10 13 0.020569097 
895 489 8 10 0.020488393 
703 502 12 15 0.020367544 
829 517 9 12 0.020364596 
997 469 8 10 0.020350168 
505 520 9 13 0.020278128 
964 507 9 12 0.020231899 
8 551 9 12 0.02016347 
