40_Gymnastics_Gymnastics_40_420
19
757 464 91 120 0.99926776 
595 409 89 115 0.9991371 
163 177 67 83 0.9986904 
314 212 62 91 0.99798054 
474 392 82 107 0.99786586 
241 194 66 85 0.9971046 
404 327 80 103 0.99367416 
383 293 57 79 0.8276921 
376 226 66 78 0.43684325 
286 196 61 97 0.25353774 
552 95 97 95 0.21078461 
384 256 68 91 0.12782875 
184 513 40 57 0.12131625 
499 287 65 79 0.045403086 
329 490 48 62 0.03575199 
284 552 25 30 0.031407762 
48 228 42 60 0.031004798 
804 284 14 16 0.02200369 
772 388 54 60 0.0216398 
