40_Gymnastics_Gymnastics_40_175
26
564 209 58 61 0.88634896 
206 74 68 63 0.7145757 
569 341 51 49 0.67200136 
445 345 30 58 0.6247101 
598 187 55 67 0.55010647 
653 354 38 66 0.2332442 
116 233 42 52 0.21084577 
649 168 50 60 0.17040132 
125 253 40 51 0.0911173 
553 176 52 75 0.065864354 
663 366 53 63 0.04504596 
443 358 55 66 0.037942514 
558 314 79 92 0.037432462 
632 155 94 101 0.03738829 
564 352 33 42 0.034502316 
611 171 75 93 0.031154236 
146 217 56 58 0.030003626 
135 268 45 50 0.026889836 
152 255 49 51 0.023675315 
457 347 57 57 0.023007091 
444 320 36 57 0.021987021 
95 212 97 85 0.021082953 
577 354 20 25 0.020797633 
229 50 60 80 0.02073539 
631 338 47 70 0.020579347 
559 200 96 94 0.020324452 
