40_Gymnastics_Gymnastics_40_48
24
28 418 12 22 0.81667763 
149 304 35 43 0.2130526 
810 173 28 33 0.1879041 
797 190 30 36 0.052843787 
495 86 28 48 0.05228907 
15 420 15 17 0.04857206 
791 203 13 17 0.04624492 
176 251 13 16 0.043699916 
571 68 17 19 0.039831076 
819 191 17 22 0.037017275 
197 280 15 22 0.036237307 
480 96 40 50 0.035404865 
159 261 14 16 0.034957472 
277 343 11 13 0.03305917 
300 347 12 16 0.03243819 
791 197 23 28 0.030682104 
32 420 16 23 0.027972993 
258 285 13 17 0.024828574 
564 66 17 18 0.024638006 
208 430 10 14 0.02293256 
208 476 12 18 0.021079833 
249 284 21 25 0.020386862 
144 295 28 41 0.020304361 
156 482 26 33 0.020225925 
