40_Gymnastics_Gymnastics_40_740
65
394 794 228 319 0.9995016 
879 1302 12 15 0.27973875 
973 1302 11 14 0.1934479 
981 1227 11 14 0.17493542 
840 1306 11 13 0.16393974 
944 1222 12 15 0.14099753 
69 1293 13 16 0.13709243 
916 1222 13 16 0.12594174 
148 1282 11 14 0.10731609 
107 1282 14 16 0.08991717 
838 1325 14 17 0.08349095 
171 1370 12 15 0.0795607 
984 1366 12 15 0.07732161 
980 1299 13 16 0.07593785 
957 1440 24 30 0.07425084 
979 1272 16 18 0.072606616 
955 1364 14 20 0.06475823 
55 1308 13 15 0.04947182 
990 1429 11 15 0.04939656 
866 1362 13 17 0.047455743 
661 774 16 19 0.044186402 
124 1386 12 15 0.04402686 
957 1404 19 22 0.043722946 
914 1325 13 16 0.041994337 
101 1443 25 28 0.040575545 
140 1365 15 17 0.040299848 
965 1476 11 15 0.03952466 
827 1382 12 15 0.0386199 
949 1293 11 14 0.035573173 
28 1292 15 17 0.034504656 
932 1116 10 13 0.034432165 
28 1077 12 16 0.03369443 
909 1433 16 22 0.033380862 
964 1109 14 16 0.033153057 
23 1296 23 30 0.033009693 
132 1345 12 17 0.02960044 
112 1276 14 17 0.029159278 
26 1313 23 31 0.029008554 
874 1227 12 15 0.027622549 
1003 1331 13 16 0.027366675 
939 1326 12 14 0.026641544 
982 1339 14 19 0.026240345 
29 1411 12 15 0.026003681 
136 1368 13 19 0.025935587 
20 1423 24 27 0.025622278 
79 1495 17 21 0.025444025 
96 1317 12 16 0.025210697 
97 1341 17 21 0.02496197 
1000 1356 21 33 0.024758842 
113 1445 24 29 0.024245733 
140 1477 17 19 0.024126941 
887 1316 11 15 0.02401658 
949 1095 11 13 0.023877446 
956 1453 15 20 0.023866702 
61 1298 15 17 0.023477279 
148 1430 16 19 0.02264286 
913 1426 16 21 0.022332156 
23 1394 12 15 0.022107475 
967 1439 20 25 0.022023184 
816 1372 11 13 0.021704977 
155 1462 16 20 0.0214243 
90 1484 11 13 0.0211062 
173 1331 11 14 0.020503355 
38 1446 24 30 0.020325586 
928 1331 11 15 0.02017794 
