40_Gymnastics_Gymnastics_40_401
25
413 427 148 187 0.9992403 
549 1455 54 84 0.21377401 
702 131 12 14 0.16930157 
744 577 438 423 0.16861363 
89 577 403 430 0.15086633 
331 1338 277 319 0.13251555 
774 589 252 271 0.086401194 
953 1526 58 77 0.06688502 
508 1445 101 132 0.05236899 
877 1580 69 56 0.04243363 
107 629 268 254 0.036884762 
792 1489 95 133 0.032544345 
205 111 443 593 0.031308442 
828 1522 55 82 0.029876962 
835 1536 93 90 0.028563702 
920 1500 98 119 0.027994217 
493 1367 135 181 0.024894312 
713 644 244 305 0.02400272 
788 1458 215 209 0.023650018 
21 371 218 140 0.023549562 
694 586 224 223 0.022955405 
754 1018 36 47 0.022672767 
-23 173 404 525 0.021250436 
-57 861 382 447 0.020842185 
168 1269 406 457 0.020127587 
