40_Gymnastics_Gymnastics_40_950
22
110 84 63 71 0.99928075 
341 46 63 78 0.9991658 
642 77 61 77 0.99894625 
485 76 55 71 0.9988469 
861 43 66 91 0.9976738 
958 21 33 42 0.9922902 
1008 31 16 29 0.43103498 
652 2 55 57 0.2049188 
977 11 24 33 0.1817995 
266 -66 404 457 0.0734541 
912 3 35 45 0.05480982 
647 326 10 12 0.037772484 
732 13 36 40 0.03693195 
687 9 33 43 0.034605112 
587 5 52 64 0.03033871 
859 250 13 15 0.024877498 
869 -2 42 34 0.02479024 
811 -1 42 34 0.023274666 
631 3 53 61 0.021530796 
974 83 40 60 0.020786477 
982 66 17 20 0.020548739 
975 62 27 34 0.020210689 
