40_Gymnastics_Gymnastics_40_698
33
357 75 37 42 0.9974482 
778 89 44 40 0.99710685 
862 40 34 38 0.99689364 
581 44 37 40 0.992502 
253 42 40 53 0.97715783 
525 479 32 49 0.5818696 
291 110 60 59 0.3717701 
199 24 40 49 0.30568564 
157 0 22 21 0.25103188 
574 133 41 54 0.07032053 
530 486 44 61 0.06803123 
630 35 25 27 0.05802366 
652 403 431 498 0.052334618 
828 96 43 56 0.05102981 
771 444 43 58 0.04908857 
528 11 31 37 0.046657737 
438 67 46 66 0.034196816 
130 11 26 28 0.0312697 
107 194 131 175 0.030760065 
140 1 32 33 0.030495856 
631 282 48 49 0.029374516 
954 18 22 26 0.02768393 
801 440 41 54 0.026975162 
493 314 30 36 0.025748717 
234 403 51 49 0.024919575 
492 305 57 54 0.024751283 
786 95 49 58 0.023638403 
218 385 45 54 0.02321049 
180 37 24 35 0.021484774 
124 7 48 49 0.020968527 
206 370 41 60 0.020499771 
-75 450 359 461 0.02035256 
536 8 18 22 0.020172475 
