40_Gymnastics_Gymnastics_40_197
52
625 1492 62 84 0.99081516 
474 493 150 163 0.966081 
825 1182 58 75 0.94279647 
239 1146 56 98 0.474141 
484 378 197 288 0.33170894 
196 254 39 51 0.30298892 
524 1033 56 90 0.26508096 
100 836 52 70 0.152433 
485 1516 70 81 0.125053 
927 879 48 63 0.11706044 
722 1296 50 67 0.108418554 
487 518 106 87 0.09917385 
879 119 108 133 0.09234573 
-99 2 432 428 0.08637483 
92 271 323 458 0.07882418 
186 1118 121 136 0.078604124 
60 1498 52 82 0.076612025 
41 293 44 55 0.068522595 
253 443 40 49 0.060704768 
919 783 88 159 0.059344083 
615 103 42 55 0.05073576 
151 318 221 229 0.044171624 
311 1510 43 53 0.044149224 
330 69 256 274 0.04374342 
27 69 278 259 0.04217511 
352 42 401 432 0.04147966 
502 330 139 188 0.040098988 
325 379 41 56 0.0385525 
814 1152 63 79 0.036806293 
232 801 58 68 0.035559665 
88 397 37 52 0.03456525 
88 600 52 77 0.034475192 
606 1493 49 78 0.031107027 
766 861 135 177 0.03047861 
705 1283 83 114 0.029180776 
923 1016 36 43 0.02863415 
91 495 39 49 0.028309902 
120 728 375 440 0.027004413 
209 376 123 144 0.02520067 
152 514 40 57 0.024994204 
72 552 84 128 0.024670323 
78 988 43 49 0.023988018 
190 908 39 54 0.023954025 
776 766 357 448 0.023450863 
11 1489 109 120 0.02301118 
922 343 43 57 0.021567866 
805 89 170 188 0.02113392 
136 692 56 71 0.02097304 
122 721 68 84 0.020558672 
683 821 200 270 0.020228641 
78 528 57 85 0.020197913 
477 736 53 63 0.020141657 
