40_Gymnastics_Gymnastics_40_273
42
487 62 29 37 0.9990803 
318 69 28 37 0.9989379 
592 126 31 39 0.99855477 
824 59 29 37 0.99834347 
390 122 31 41 0.99826294 
407 78 29 38 0.9981438 
896 128 31 40 0.9981267 
202 127 30 38 0.9980326 
693 125 34 41 0.9979873 
794 125 32 40 0.9976114 
375 231 36 47 0.9975841 
672 72 30 38 0.9971149 
488 259 35 46 0.99684465 
181 231 36 42 0.996807 
298 128 35 43 0.9967295 
99 112 34 41 0.99659926 
581 75 29 36 0.99641764 
827 233 36 46 0.9955928 
671 249 36 46 0.99552685 
231 66 29 36 0.99457645 
491 126 32 40 0.9941795 
756 66 28 37 0.9936872 
550 274 35 44 0.98836166 
147 68 29 39 0.9833839 
423 132 26 36 0.23305969 
821 189 40 52 0.18809134 
542 220 46 57 0.11338622 
397 204 14 17 0.07937357 
422 278 32 41 0.050945546 
333 130 25 34 0.04687213 
203 201 18 25 0.04577516 
207 190 32 42 0.033708338 
640 207 40 54 0.031826288 
367 187 28 32 0.031380665 
218 228 33 39 0.028806064 
735 266 56 62 0.026986878 
134 116 24 31 0.026163759 
488 192 37 42 0.024421118 
315 125 31 41 0.023813952 
564 275 50 58 0.023731515 
752 285 61 66 0.021777261 
234 129 31 37 0.020713631 
