40_Gymnastics_Gymnastics_40_668
79
386 178 97 128 0.9985582 
285 202 108 135 0.9981238 
194 74 99 129 0.9974367 
654 195 77 89 0.99476516 
499 193 82 110 0.99437803 
866 213 89 98 0.99200094 
111 255 155 159 0.98743314 
333 198 101 127 0.93984795 
692 78 10 13 0.8292034 
582 32 8 10 0.7532532 
653 32 8 11 0.49082425 
673 39 11 15 0.48991615 
761 246 12 16 0.33496115 
610 45 10 13 0.31452143 
712 41 10 14 0.29608917 
96 55 11 14 0.21831454 
980 277 15 19 0.19850156 
638 45 9 12 0.17734131 
69 99 15 19 0.14582056 
753 35 10 13 0.13463438 
557 44 11 13 0.111154705 
20 43 11 14 0.10705275 
89 39 9 12 0.10233528 
85 59 9 12 0.092774935 
847 59 13 17 0.08300623 
2 98 9 15 0.08252533 
710 60 8 11 0.08241983 
391 663 14 20 0.078061014 
59 49 12 17 0.07548351 
694 32 10 12 0.07249428 
438 93 9 12 0.06452296 
688 33 9 11 0.06332005 
661 46 9 12 0.061712027 
787 54 10 13 0.05968225 
877 51 14 16 0.057708595 
877 34 11 15 0.05499656 
215 210 139 170 0.051917404 
672 62 8 11 0.05140714 
16 72 11 16 0.050702766 
82 54 10 14 0.048197143 
441 214 68 87 0.04673875 
78 72 9 12 0.045550957 
659 72 8 11 0.04223615 
577 67 8 12 0.039784174 
631 32 7 9 0.038397204 
25 92 8 12 0.03595903 
606 31 8 10 0.033687495 
542 37 9 10 0.03365491 
798 45 11 13 0.033586733 
72 92 13 16 0.031730432 
873 53 11 14 0.031023284 
782 57 12 14 0.029824179 
102 44 9 12 0.02939869 
624 32 9 11 0.02863094 
656 47 9 12 0.028612329 
909 43 9 12 0.028111687 
5 84 9 14 0.028022828 
545 54 9 12 0.027475787 
21 425 41 55 0.02742451 
613 39 11 16 0.027081989 
632 214 61 73 0.02637669 
623 36 9 11 0.02621392 
886 44 10 15 0.025907923 
107 77 9 12 0.02581874 
361 259 51 80 0.024875237 
80 47 9 12 0.024403479 
589 143 10 12 0.023375891 
15 62 10 15 0.023337267 
648 47 8 11 0.022900987 
887 38 11 14 0.022585303 
793 47 11 13 0.021871872 
469 43 10 12 0.021804389 
805 273 48 72 0.021734118 
919 52 11 13 0.021545745 
10 59 20 34 0.021499502 
993 495 32 54 0.021326914 
196 306 77 90 0.02062238 
25 214 11 12 0.020302257 
677 61 9 13 0.020184249 
