40_Gymnastics_Gymnastics_40_171
97
484 325 97 129 0.99914944 
893 1306 37 46 0.9644922 
784 1335 27 35 0.9422297 
820 1218 30 41 0.7760568 
52 1126 30 41 0.7590365 
697 1299 30 41 0.7496226 
271 1180 27 36 0.7033977 
692 1181 27 35 0.68574715 
1 1302 27 37 0.683882 
613 1207 33 43 0.6537423 
888 1054 23 30 0.5016607 
322 1175 23 29 0.4800959 
94 1320 25 35 0.47801757 
272 1083 27 33 0.43586636 
842 1100 21 29 0.37170026 
123 975 18 22 0.31850404 
770 854 18 22 0.26099896 
326 857 17 21 0.2592697 
792 1182 29 35 0.24260129 
176 878 24 31 0.22723754 
908 1111 23 30 0.18969394 
979 1063 23 31 0.15555751 
763 1102 27 36 0.14571059 
672 1276 25 32 0.14036895 
57 1336 29 36 0.11234387 
238 917 25 31 0.10993524 
164 1261 39 53 0.10906254 
164 926 27 39 0.10346016 
940 1167 31 38 0.093040526 
372 866 17 23 0.09121131 
133 849 21 25 0.089927234 
143 1144 45 54 0.083244205 
633 999 25 31 0.069267586 
248 1286 42 47 0.06640863 
397 1205 50 65 0.06608353 
28 1034 26 32 0.056722213 
28 847 35 45 0.055137884 
313 973 26 32 0.05499607 
195 830 27 36 0.0541794 
939 1103 23 30 0.049360096 
753 1077 43 58 0.048918642 
673 1389 53 52 0.04684251 
0 1154 26 58 0.04573476 
120 1053 34 44 0.04476253 
715 993 34 50 0.041767538 
654 965 23 30 0.041410718 
246 1135 30 41 0.040225286 
173 1032 23 30 0.039281797 
339 1086 38 50 0.03920308 
115 793 25 32 0.037523136 
92 873 28 37 0.035785623 
128 1012 19 23 0.035186928 
931 1257 27 32 0.034898777 
699 863 22 28 0.03380661 
964 975 24 28 0.0334536 
67 1076 29 37 0.03342892 
197 995 21 27 0.03341353 
384 1292 47 61 0.033026658 
314 1183 38 51 0.032970306 
816 884 25 34 0.03193693 
259 885 26 32 0.031020522 
294 1180 37 52 0.02918808 
902 1158 49 58 0.029157203 
64 768 23 32 0.02902817 
86 864 27 36 0.028703608 
196 1107 24 30 0.027901836 
197 921 24 32 0.027605796 
373 1123 26 34 0.027369482 
723 1211 40 54 0.02706095 
717 1154 23 30 0.02699032 
3 1104 35 53 0.026844101 
621 1027 58 77 0.026802303 
772 1185 28 36 0.026222248 
351 1099 38 49 0.026216123 
721 1223 25 34 0.025441417 
645 872 21 28 0.025323855 
151 1160 27 32 0.025112059 
242 1033 36 42 0.025044875 
863 504 41 51 0.024902463 
244 847 24 28 0.02440692 
893 1396 48 48 0.024332484 
740 858 17 21 0.024119066 
1 1126 26 40 0.023879938 
745 1055 40 58 0.023117842 
973 1126 41 56 0.022946378 
99 1115 36 50 0.022109987 
321 861 24 28 0.022076013 
381 1189 80 105 0.022004643 
319 856 17 24 0.021874424 
885 1130 94 120 0.021769527 
197 822 17 22 0.02171033 
979 1302 31 35 0.021418603 
184 923 30 38 0.020875404 
688 1292 31 38 0.02078344 
153 1123 45 57 0.020656753 
982 1389 40 54 0.02056343 
336 856 16 21 0.02011159 
