40_Gymnastics_Gymnastics_40_364
26
548 1235 152 111 0.8692023 
851 1419 51 57 0.40060607 
725 1203 25 38 0.10686687 
515 1185 240 194 0.0895948 
626 1217 53 50 0.07531511 
48 1511 41 32 0.043726 
548 1251 86 67 0.040577125 
872 1318 24 30 0.036667876 
603 1229 81 62 0.033824075 
107 1497 41 45 0.032321148 
544 835 10 14 0.030781211 
75 1363 24 29 0.029793954 
939 1404 76 112 0.02829203 
439 1089 328 401 0.026985502 
912 1245 46 57 0.026978098 
951 1404 35 47 0.025375027 
653 1408 27 35 0.025087852 
695 1158 24 32 0.024129957 
254 1490 54 47 0.023044089 
578 1419 61 67 0.021991488 
542 1393 105 115 0.021944428 
844 1410 84 97 0.021521397 
187 746 143 189 0.021208258 
878 1482 59 51 0.020848637 
859 1306 44 51 0.020484202 
361 1395 47 58 0.020055236 
