40_Gymnastics_Gymnastics_40_484
53
496 271 78 102 0.99274737 
642 83 50 63 0.96456635 
832 75 45 52 0.91281873 
807 210 44 50 0.8402809 
821 415 56 66 0.78179455 
125 105 45 54 0.7108022 
480 75 46 58 0.59618866 
606 241 23 35 0.5520274 
142 2 37 37 0.5081847 
984 187 33 59 0.39784706 
974 0 42 48 0.25126457 
458 246 52 73 0.09011557 
603 251 47 62 0.087580755 
985 308 34 52 0.079702295 
878 453 106 138 0.06817531 
313 88 44 52 0.062450755 
477 107 54 82 0.05942971 
0 0 38 42 0.056929763 
579 243 78 104 0.052922137 
107 240 40 47 0.04549588 
97 91 53 62 0.044497214 
62 492 202 226 0.04443438 
90 144 122 157 0.042623613 
995 108 30 54 0.042405903 
562 675 62 61 0.040711973 
140 5 209 297 0.040514108 
971 363 29 37 0.03879799 
806 315 53 72 0.036411967 
12 197 44 74 0.034568045 
830 424 82 105 0.033277467 
308 141 45 52 0.031458776 
661 61 49 64 0.031171128 
95 74 89 107 0.03079316 
237 517 26 31 0.030792829 
543 246 82 110 0.030648341 
611 235 36 41 0.025612587 
798 225 54 68 0.025391484 
823 1 34 26 0.024777608 
459 70 75 96 0.024494408 
508 140 43 60 0.023946952 
120 343 68 87 0.0238708 
442 690 51 48 0.023099527 
584 243 45 60 0.02280929 
71 505 112 149 0.022447614 
110 226 59 73 0.022015953 
219 214 38 47 0.021952948 
462 0 44 34 0.021931443 
283 173 59 65 0.021009464 
80 78 197 246 0.020838326 
460 217 56 65 0.020485569 
97 645 117 100 0.020472178 
867 469 70 90 0.020385515 
649 43 19 22 0.020136962 
