40_Gymnastics_Gymnastics_40_255
82
772 452 12 16 0.16075674 
319 461 13 17 0.11550679 
607 419 19 22 0.11131029 
191 351 11 15 0.10762231 
746 396 12 15 0.0879495 
552 489 12 15 0.08288945 
535 444 11 14 0.06763202 
570 444 14 17 0.06661658 
476 445 10 12 0.066415906 
249 430 11 14 0.06091236 
792 446 10 12 0.060264032 
753 365 14 18 0.05940733 
652 446 13 16 0.054582715 
164 184 13 15 0.053392 
228 445 12 15 0.05217894 
662 423 9 12 0.05095198 
915 386 14 17 0.05062309 
784 438 11 13 0.050206516 
389 288 17 20 0.04642152 
146 68 12 14 0.04534529 
139 366 13 16 0.04368871 
589 460 13 16 0.041762117 
334 411 14 18 0.040223684 
276 461 10 12 0.03941025 
388 410 9 13 0.038412523 
896 451 17 19 0.037006035 
310 421 15 17 0.036787234 
459 447 11 14 0.03664332 
649 450 12 16 0.03573477 
247 410 10 12 0.034826003 
405 470 12 14 0.034364726 
495 436 10 11 0.03334768 
255 413 12 13 0.033050142 
801 372 16 20 0.032762628 
869 491 12 15 0.03225081 
650 429 8 11 0.030872542 
720 354 12 14 0.030352475 
800 420 12 15 0.029737728 
624 404 12 14 0.029113041 
291 435 10 11 0.029077886 
238 430 10 12 0.028902195 
278 407 7 9 0.028245438 
849 456 23 26 0.028111901 
862 415 11 13 0.028084699 
900 406 10 13 0.027811928 
632 435 12 14 0.027658861 
895 423 10 12 0.027580345 
853 429 10 11 0.026946815 
566 425 12 14 0.026498156 
423 529 55 53 0.026436575 
346 435 9 12 0.026003728 
286 446 10 12 0.02598866 
428 452 13 16 0.025790624 
370 403 12 15 0.025629379 
556 444 10 14 0.025375033 
517 446 9 12 0.025203614 
495 467 10 13 0.024988132 
512 484 10 12 0.024898572 
484 413 9 12 0.0245331 
654 428 9 13 0.024451297 
609 445 11 14 0.023982398 
365 437 11 13 0.02380444 
875 365 12 15 0.023685558 
506 404 9 11 0.02357253 
745 421 10 12 0.023559213 
274 515 72 63 0.023109429 
142 417 11 16 0.023057567 
792 451 12 14 0.023057375 
110 511 10 13 0.023009684 
359 453 11 15 0.022739341 
321 294 13 16 0.022448566 
792 460 12 15 0.022177435 
838 419 10 13 0.022122702 
559 425 12 15 0.021985449 
721 284 17 22 0.021946095 
507 501 18 21 0.021751942 
252 433 11 14 0.021448165 
160 446 9 12 0.021110948 
760 524 57 54 0.020720359 
749 442 12 16 0.020584049 
769 457 11 15 0.020333162 
248 447 11 13 0.020073626 
