40_Gymnastics_Gymnastics_40_783
62
451 363 88 102 0.8542268 
385 557 26 31 0.5631331 
706 562 28 35 0.35515824 
570 436 47 56 0.25369444 
665 229 116 151 0.19101538 
72 523 22 27 0.15578856 
234 574 17 23 0.13889816 
471 582 53 70 0.11191686 
810 570 31 42 0.10352638 
801 207 34 41 0.09927877 
421 485 55 72 0.09685971 
353 441 44 50 0.08267524 
297 614 48 52 0.07792067 
309 495 38 49 0.074279815 
755 526 19 23 0.06399056 
968 491 35 43 0.06361421 
627 106 228 270 0.0589258 
513 482 50 60 0.050905537 
125 218 67 83 0.049258567 
4 518 15 22 0.048412777 
895 525 21 24 0.047111325 
183 407 24 29 0.04689183 
733 514 43 62 0.04370096 
651 578 21 27 0.042833846 
236 4 105 133 0.041766293 
27 78 22 29 0.04017001 
44 545 34 42 0.038433943 
141 190 17 20 0.035743773 
710 518 28 36 0.03431062 
194 604 29 40 0.03413494 
810 502 22 30 0.033353414 
541 487 46 59 0.03112658 
824 651 34 29 0.029560566 
648 640 24 28 0.02878502 
86 294 34 40 0.028373636 
715 502 46 61 0.02822125 
629 78 368 457 0.02812452 
532 138 192 207 0.027756155 
363 456 48 55 0.027253814 
29 405 36 44 0.027192162 
722 347 43 52 0.026193673 
155 234 54 67 0.026033951 
341 122 50 58 0.02588696 
837 294 23 27 0.025404748 
884 499 41 46 0.025373373 
269 363 23 27 0.025217418 
387 570 19 24 0.025091492 
746 626 23 30 0.024303826 
59 288 376 409 0.024189863 
474 609 33 44 0.023528704 
116 180 107 135 0.022964394 
342 445 26 34 0.022378549 
543 633 28 34 0.022261137 
299 523 53 70 0.022131661 
123 194 54 69 0.021621546 
378 473 47 57 0.021510327 
818 272 26 31 0.021199064 
415 179 27 35 0.02111823 
149 530 45 49 0.021035077 
732 206 103 150 0.020963635 
206 292 32 36 0.020682337 
705 422 41 48 0.020284113 
