40_Gymnastics_Gymnastics_40_47
42
593 69 69 98 0.9929174 
813 497 29 42 0.9781049 
992 474 30 56 0.70188355 
441 76 25 32 0.5789436 
333 39 25 34 0.25541574 
3 135 20 25 0.159854 
322 104 21 27 0.15008947 
782 132 37 46 0.14653663 
105 119 23 33 0.13541152 
982 65 24 29 0.0787919 
991 4 28 33 0.074332684 
43 135 20 25 0.068942145 
410 499 57 66 0.06479471 
129 167 26 31 0.054111876 
96 537 30 39 0.05149054 
792 133 23 26 0.042525224 
875 11 54 65 0.03930344 
84 46 17 24 0.038931962 
82 111 48 67 0.03374824 
561 61 30 37 0.03295186 
975 673 36 33 0.032847516 
334 200 17 19 0.03116736 
309 71 16 20 0.0311591 
557 57 48 70 0.030673604 
526 160 27 32 0.02926989 
548 71 28 32 0.02894859 
595 22 39 45 0.028583072 
360 102 41 51 0.02853411 
734 46 24 29 0.027179921 
694 191 34 42 0.027097987 
474 147 26 31 0.026746007 
143 167 28 32 0.025722329 
283 24 25 31 0.025691556 
90 157 27 32 0.023649884 
127 171 17 21 0.023328241 
288 158 24 32 0.022694446 
329 23 42 58 0.022237798 
493 -32 407 456 0.021508241 
50 84 86 114 0.021025721 
300 111 26 31 0.020524098 
727 32 52 53 0.020416114 
126 158 42 50 0.02012244 
