40_Gymnastics_Gymnastics_40_762
58
583 464 133 134 0.96663964 
286 1122 36 47 0.36321062 
124 946 29 36 0.355568 
916 809 57 81 0.1731266 
218 1071 33 43 0.12358494 
170 752 122 232 0.11928826 
16 942 43 60 0.112761885 
664 1355 11 15 0.07907334 
974 1100 38 50 0.06460655 
806 698 35 53 0.0603292 
903 621 24 28 0.05727623 
772 604 31 40 0.05642577 
592 128 39 49 0.047466066 
338 1204 30 38 0.044247646 
657 772 41 58 0.04369114 
920 829 38 47 0.042595834 
22 96 350 482 0.0415525 
410 937 38 54 0.04152091 
156 1142 42 52 0.041511856 
0 1125 30 52 0.040418535 
757 781 41 52 0.040208533 
65 1215 23 35 0.037641555 
665 890 40 51 0.03740688 
817 627 22 27 0.037133697 
893 625 39 49 0.0330321 
906 791 96 129 0.032358177 
245 335 33 48 0.030891502 
868 1113 31 38 0.029973777 
129 961 20 26 0.02968784 
832 751 33 39 0.02890518 
918 784 50 69 0.028499875 
860 1218 50 55 0.028100293 
62 745 189 266 0.027531635 
975 895 39 52 0.027363056 
829 677 43 59 0.027241329 
148 510 38 44 0.026772434 
73 415 35 50 0.026709741 
398 704 28 36 0.026398411 
671 1000 47 59 0.025816968 
620 637 335 468 0.025619224 
699 955 87 123 0.024061503 
778 892 29 42 0.023763863 
87 635 214 305 0.0236173 
571 883 34 42 0.02346178 
338 811 102 125 0.023349922 
777 814 48 59 0.023029013 
839 971 43 62 0.022903377 
469 713 361 471 0.022781268 
711 777 365 432 0.022381281 
576 1124 52 64 0.022379488 
60 1201 41 52 0.022009118 
8 818 46 67 0.0219158 
264 1122 41 54 0.0217138 
750 1108 27 33 0.021661121 
697 834 50 59 0.021004982 
975 1066 43 71 0.020472303 
936 782 34 46 0.020465082 
152 317 38 47 0.020348473 
