40_Gymnastics_Gymnastics_40_492
63
308 7 23 31 0.99496883 
472 151 36 48 0.9948637 
510 55 22 30 0.9917121 
655 124 38 51 0.9888244 
359 150 40 51 0.9887504 
549 47 24 30 0.98648703 
556 130 41 50 0.9840189 
485 64 22 29 0.97503746 
378 0 23 24 0.95555496 
586 78 25 28 0.92302465 
209 17 21 29 0.8956594 
309 72 19 34 0.87970185 
337 1 30 23 0.85723835 
362 77 21 27 0.84394276 
468 79 18 25 0.83489764 
37 2 19 28 0.7942903 
447 1 24 20 0.7759068 
265 13 23 33 0.66579 
447 109 20 26 0.5640866 
427 81 13 16 0.35168558 
403 17 23 30 0.30716366 
167 14 20 29 0.23752797 
234 33 15 19 0.2313969 
473 70 23 30 0.21300569 
303 46 23 33 0.17615113 
411 -3 21 21 0.15538959 
97 38 13 16 0.15449637 
353 0 21 20 0.1433827 
251 0 42 43 0.13338386 
405 69 11 15 0.13106695 
77 44 14 18 0.09500563 
333 95 12 15 0.08881933 
495 3 14 18 0.08686496 
480 48 10 12 0.07104933 
70 -1 22 21 0.06978087 
960 0 47 46 0.059318878 
370 72 25 32 0.05137039 
580 82 37 47 0.0480425 
540 19 16 18 0.04625537 
520 28 13 17 0.039319098 
225 25 19 25 0.03899793 
394 114 13 18 0.03391888 
58 2 15 18 0.032361917 
259 8 19 24 0.031083295 
570 4 19 23 0.030821694 
387 69 13 15 0.029099168 
51 2 15 20 0.02806403 
261 59 24 39 0.027032614 
905 22 11 15 0.026193846 
326 91 13 18 0.024868565 
599 79 18 22 0.0232469 
538 80 18 20 0.023148753 
6 85 11 14 0.02299954 
396 68 22 29 0.022642102 
548 108 25 30 0.022527816 
463 29 12 16 0.022383275 
196 9 40 44 0.021977007 
446 58 13 17 0.021862326 
217 14 15 21 0.020822475 
917 -1 14 12 0.020735735 
269 1 40 46 0.020659685 
911 0 11 11 0.0204191 
918 12 12 15 0.020095954 
