50_Celebration_Or_Party_houseparty_50_827
17
249 251 119 165 0.9993119 
467 94 144 201 0.99782616 
422 947 17 19 0.27932242 
396 969 147 120 0.21928924 
608 488 246 282 0.06996753 
502 416 400 438 0.044069324 
434 950 13 15 0.03955576 
421 992 92 73 0.038911197 
178 550 33 37 0.034369577 
344 1551 453 417 0.029512469 
587 69 155 227 0.027583007 
244 483 53 88 0.027311964 
643 192 117 108 0.026717478 
324 621 14 17 0.026172325 
84 750 65 83 0.024382297 
334 597 11 14 0.022629358 
418 958 80 61 0.021723256 
