50_Celebration_Or_Party_houseparty_50_17
39
29 398 93 117 0.9989279 
500 390 62 72 0.99889153 
645 136 53 69 0.9983777 
382 391 66 88 0.99823964 
356 157 52 63 0.99808085 
475 100 55 77 0.99704045 
224 63 60 76 0.99660647 
721 354 70 87 0.9961952 
811 105 57 67 0.99554056 
924 386 83 103 0.99173063 
192 388 78 103 0.9916928 
21 70 11 14 0.4328349 
116 693 23 26 0.13727248 
128 230 76 122 0.10002085 
76 222 10 13 0.08039331 
7 123 22 34 0.071230546 
14 63 10 13 0.044890348 
437 140 13 15 0.044663034 
651 241 421 461 0.041392885 
45 680 36 41 0.041227352 
424 148 43 56 0.039525907 
443 139 14 17 0.037156686 
70 226 13 17 0.03561378 
64 229 10 14 0.03545864 
329 968 71 50 0.035424817 
119 696 34 37 0.032918096 
283 256 40 64 0.032309122 
76 115 15 23 0.031177312 
8 69 10 15 0.029343517 
384 410 31 42 0.029027088 
433 129 43 59 0.028007353 
484 392 28 38 0.02619789 
999 985 21 33 0.024348782 
71 229 26 33 0.024294233 
256 134 45 55 0.023490258 
16 72 12 16 0.023365047 
437 140 25 27 0.022833921 
289 7 28 47 0.020262683 
652 307 15 17 0.020252826 
