50_Celebration_Or_Party_houseparty_50_282
25
323 234 40 45 0.99774015 
166 251 46 56 0.9953107 
47 240 49 75 0.99316376 
645 193 50 65 0.9880166 
424 154 36 46 0.9863994 
624 136 29 42 0.9763668 
928 221 48 60 0.97032285 
610 140 34 46 0.3465492 
792 167 63 80 0.16769324 
928 94 42 52 0.12059909 
897 96 15 19 0.08529047 
501 520 28 38 0.057813406 
499 521 18 24 0.05377596 
469 0 49 53 0.05359449 
821 171 61 78 0.041635983 
854 178 45 78 0.04122298 
941 187 57 73 0.030642614 
903 203 55 71 0.027802363 
69 239 44 65 0.026506823 
543 275 12 15 0.025511986 
961 216 33 43 0.022101194 
79 222 21 23 0.021721907 
907 176 94 115 0.020791769 
584 371 11 14 0.020434195 
924 93 28 40 0.020178689 
