50_Celebration_Or_Party_houseparty_50_19
37
860 423 45 62 0.9918385 
521 396 37 48 0.99180704 
654 442 30 44 0.9902389 
133 373 42 55 0.98293144 
454 424 20 28 0.9654151 
407 433 20 35 0.86740804 
772 432 25 28 0.4459122 
222 421 26 41 0.33592343 
69 45 337 451 0.1034874 
206 410 35 53 0.09078603 
56 579 12 17 0.08047175 
720 485 10 13 0.0727552 
402 578 11 16 0.072574005 
620 381 13 16 0.068344995 
465 375 32 42 0.064327545 
396 435 19 26 0.06393697 
748 491 13 18 0.05492386 
200 404 29 44 0.047173418 
416 431 16 27 0.04533461 
409 454 17 24 0.043146063 
448 353 14 19 0.039973475 
581 674 12 15 0.039800543 
785 438 15 20 0.034545165 
110 286 34 39 0.033900104 
678 349 10 13 0.031970795 
702 483 13 15 0.031559426 
389 436 35 42 0.030905953 
767 433 15 21 0.030478444 
68 82 59 103 0.030223068 
145 389 44 62 0.029261999 
689 462 10 13 0.02741969 
672 275 11 13 0.026783261 
444 332 11 14 0.02495156 
724 351 11 13 0.023941524 
550 461 25 32 0.022648826 
389 440 18 22 0.020568987 
254 476 24 28 0.02043457 
