50_Celebration_Or_Party_houseparty_50_432
120
717 38 57 77 0.99848217 
567 828 29 36 0.9973429 
628 827 30 38 0.996097 
402 602 25 33 0.9959735 
335 284 30 42 0.99504554 
720 840 36 46 0.99310255 
417 65 24 33 0.99296427 
630 76 37 47 0.9909424 
512 842 35 43 0.9906501 
470 318 25 36 0.9876408 
888 352 9 12 0.98752326 
539 287 21 33 0.9863304 
312 58 24 40 0.98276895 
149 566 12 16 0.97889733 
394 319 16 24 0.9781147 
312 614 25 30 0.9765186 
250 614 26 36 0.96995306 
695 270 21 32 0.9661964 
252 319 17 24 0.9625871 
568 87 20 33 0.9571072 
618 279 20 27 0.9487174 
376 56 17 24 0.91430753 
495 71 41 58 0.8755262 
834 324 15 19 0.76324224 
474 589 21 28 0.6605114 
353 76 18 26 0.63993275 
143 851 11 14 0.63750345 
494 61 12 17 0.48212123 
293 867 19 26 0.4334027 
444 73 20 31 0.38450977 
478 596 25 34 0.34557477 
396 864 8 12 0.3241946 
300 842 11 15 0.27964005 
203 558 14 18 0.23763995 
428 64 24 37 0.19463372 
118 571 12 14 0.16360702 
12 823 10 14 0.14759892 
328 874 21 31 0.14286423 
987 322 11 15 0.1398789 
457 850 19 24 0.13809225 
180 563 13 17 0.12836242 
3 572 10 13 0.124105416 
821 308 9 12 0.11140985 
344 868 10 14 0.10617807 
369 865 20 30 0.10438162 
296 839 10 12 0.100969315 
423 596 14 18 0.09713072 
955 393 15 18 0.0962701 
182 99 9 11 0.09610232 
106 99 7 10 0.083569415 
721 689 15 17 0.08258687 
410 864 8 11 0.08194694 
158 96 9 12 0.07644077 
53 85 11 14 0.06321522 
127 100 8 11 0.05884793 
443 832 50 57 0.054483686 
492 62 22 30 0.051830363 
378 874 15 21 0.04951629 
122 567 12 13 0.04886651 
338 872 16 23 0.0485405 
421 692 13 16 0.04693794 
380 860 10 15 0.043169823 
624 599 7 10 0.04208116 
176 559 10 16 0.040234603 
339 65 24 33 0.040107563 
182 564 23 26 0.038866207 
375 861 12 18 0.03876803 
848 377 28 42 0.037451807 
365 868 16 20 0.03693373 
135 588 11 13 0.035848495 
713 696 17 20 0.03564654 
743 691 25 34 0.035329852 
830 319 15 19 0.035195068 
288 838 11 12 0.035086956 
821 312 13 18 0.034657083 
157 919 76 89 0.033493347 
165 560 14 21 0.031945642 
824 322 23 27 0.028991925 
288 873 15 18 0.028842136 
672 605 8 9 0.028829884 
431 856 7 10 0.028154213 
285 844 13 15 0.028115662 
487 63 15 20 0.02811381 
147 848 10 14 0.027901841 
116 576 13 16 0.027788332 
145 603 9 11 0.027242715 
177 96 11 13 0.026763687 
729 665 22 28 0.026411735 
32 906 132 115 0.025499066 
367 58 22 29 0.025158344 
623 684 37 44 0.025138365 
326 57 22 34 0.025125377 
292 862 15 20 0.025071228 
819 313 22 29 0.025019929 
338 878 25 30 0.024848066 
333 870 13 16 0.024681177 
935 395 13 16 0.024678 
695 280 30 40 0.024582108 
293 839 19 24 0.0245184 
684 725 25 33 0.024432706 
890 354 11 15 0.023781534 
889 387 25 29 0.023545671 
273 858 14 20 0.023067236 
486 599 28 37 0.022075694 
731 680 15 19 0.02200185 
459 843 31 34 0.021983227 
292 849 13 16 0.02172892 
952 375 9 12 0.021727674 
739 602 11 15 0.021412604 
450 66 21 24 0.021327943 
979 351 16 18 0.021250382 
407 585 23 26 0.02089813 
108 96 9 12 0.020771286 
346 870 17 23 0.020727348 
951 380 12 13 0.020697314 
45 868 21 29 0.020633629 
187 558 16 20 0.02047451 
397 858 10 13 0.020279562 
321 51 17 25 0.020089176 
932 665 16 22 0.020013204 
