50_Celebration_Or_Party_birthdayparty_50_196
41
197 322 327 432 0.99602497 
171 1059 88 95 0.87448215 
-8 820 99 183 0.3082053 
834 603 13 17 0.11033908 
875 1073 54 72 0.09658927 
285 1631 116 113 0.07729114 
340 1044 227 243 0.07615561 
765 71 10 12 0.07326287 
731 1141 11 14 0.07224362 
790 2122 11 11 0.06436072 
807 2122 11 11 0.060965378 
398 1639 9 12 0.055966366 
137 181 65 74 0.055476036 
1012 587 11 17 0.0514782 
693 86 23 26 0.048751768 
788 1004 9 12 0.044872932 
966 1612 11 12 0.043331016 
757 1013 139 120 0.04220319 
68 2048 32 36 0.035067443 
267 1095 44 60 0.034179103 
799 222 7 10 0.033664253 
878 142 8 11 0.032096066 
91 1597 107 121 0.031166768 
772 1004 9 12 0.030159015 
839 1042 91 117 0.028712198 
542 328 13 20 0.028481664 
816 83 23 27 0.028165814 
655 1085 8 10 0.028044546 
724 1148 23 27 0.025702367 
743 327 8 10 0.025368067 
977 588 16 19 0.025181288 
649 1100 8 10 0.024728313 
664 1104 8 11 0.024366267 
285 1757 10 12 0.024045337 
621 1629 222 208 0.023559328 
241 1081 49 69 0.023114208 
901 1037 9 12 0.022607893 
105 1802 114 124 0.02215227 
401 1650 106 103 0.021367393 
113 1644 94 61 0.021098737 
272 1636 197 180 0.020520883 
