50_Celebration_Or_Party_birthdayparty_50_213
28
420 266 106 148 0.99944335 
690 218 103 154 0.99938464 
589 224 101 151 0.9992105 
200 331 100 129 0.9987558 
107 184 103 141 0.9984938 
926 439 90 136 0.99157894 
34 21 51 64 0.06123651 
0 450 29 72 0.057401516 
733 137 61 64 0.05676407 
867 528 58 59 0.050384656 
690 153 113 155 0.048737463 
372 250 35 48 0.0455999 
352 262 46 69 0.036322232 
634 206 119 168 0.0354435 
683 124 104 108 0.03484605 
927 6 91 156 0.032548655 
351 43 104 115 0.031598497 
93 4 48 69 0.030045163 
384 94 38 44 0.024127273 
203 295 55 66 0.024102554 
996 -1 27 57 0.022552315 
750 565 126 114 0.022449125 
661 7 32 41 0.021949532 
931 378 34 49 0.021405779 
672 65 106 135 0.02108872 
377 35 67 73 0.020295963 
309 52 47 56 0.020028302 
765 141 53 58 0.020014722 
