50_Celebration_Or_Party_birthdayparty_50_134
93
853 283 30 37 0.98261154 
797 300 11 13 0.8451122 
82 352 16 20 0.8128858 
616 309 9 11 0.7872923 
16 338 17 22 0.6896972 
804 355 25 31 0.5266865 
892 338 22 28 0.36088824 
553 313 8 11 0.34159803 
443 348 12 15 0.3086599 
504 334 9 12 0.22799708 
555 341 14 16 0.21045591 
581 312 8 10 0.20638707 
476 338 15 19 0.19474608 
422 340 10 12 0.16203254 
485 321 8 10 0.15378197 
725 297 8 10 0.14835092 
539 348 12 15 0.13014473 
495 332 11 14 0.12693419 
759 302 12 15 0.1266159 
940 354 38 44 0.12113537 
750 324 21 26 0.09616001 
385 363 10 16 0.08975591 
641 309 7 10 0.08447295 
143 390 11 14 0.07837197 
527 334 9 12 0.07553863 
485 332 12 16 0.0737555 
482 337 16 22 0.068365596 
591 353 14 16 0.05691965 
542 331 11 13 0.056153823 
480 324 11 13 0.05326159 
441 343 10 14 0.05098941 
429 342 10 13 0.050086506 
383 350 9 11 0.047856573 
629 320 9 12 0.045486324 
549 319 14 18 0.04520949 
419 337 8 10 0.044524137 
423 348 10 13 0.044391766 
614 312 11 14 0.041838773 
612 349 9 11 0.041526906 
649 303 10 12 0.041499503 
438 352 14 17 0.040760726 
527 339 10 13 0.04034114 
541 342 12 16 0.037597988 
471 343 16 19 0.036735266 
598 333 9 12 0.03659956 
382 363 19 32 0.03599919 
721 299 10 12 0.035319984 
626 325 10 12 0.034755774 
569 324 11 14 0.03444113 
472 334 13 14 0.03412891 
429 349 11 14 0.03404495 
792 304 12 16 0.032730877 
6 339 19 21 0.03269319 
806 310 11 14 0.03265837 
548 330 15 17 0.031579528 
892 333 15 22 0.030599782 
708 301 9 11 0.030516764 
543 324 13 16 0.030207308 
569 438 34 37 0.030154422 
410 365 9 13 0.029845215 
930 330 32 52 0.029452618 
388 359 12 16 0.028936142 
882 327 23 34 0.028244471 
576 346 10 13 0.027905056 
473 340 24 29 0.027436323 
712 330 25 35 0.025815587 
742 307 12 15 0.025759222 
519 349 9 12 0.02528958 
768 360 13 17 0.025132887 
430 356 13 17 0.0247098 
398 358 11 15 0.024680095 
563 346 11 15 0.024425337 
535 342 12 16 0.024361234 
576 314 11 13 0.024248103 
748 308 13 15 0.023870813 
806 334 10 14 0.023475548 
720 332 16 21 0.023420252 
645 306 12 14 0.02322287 
488 328 20 25 0.023160972 
638 338 13 16 0.022709893 
435 361 13 16 0.022597957 
508 350 12 15 0.022593929 
508 340 10 12 0.02258471 
538 344 20 25 0.022030123 
835 294 13 18 0.021481339 
919 315 11 14 0.021399772 
630 347 10 15 0.021336226 
798 347 13 16 0.02116535 
610 309 11 14 0.021085186 
581 348 11 13 0.020885395 
407 358 10 16 0.020410318 
633 342 10 14 0.020160973 
535 333 11 13 0.020023882 
