50_Celebration_Or_Party_birthdayparty_50_170
39
697 103 39 42 0.98472875 
942 251 32 36 0.96940774 
980 470 13 18 0.3821307 
981 429 10 13 0.10126681 
270 333 9 11 0.09753503 
953 475 9 12 0.095201455 
965 485 10 13 0.08957296 
1011 415 11 15 0.082535565 
997 468 10 14 0.08032394 
201 173 11 14 0.07564798 
309 689 16 20 0.067244954 
985 389 9 12 0.06593982 
950 412 10 13 0.050378613 
997 515 9 12 0.045486517 
1011 474 10 15 0.043769225 
168 169 9 10 0.040116973 
265 328 9 11 0.03717085 
981 447 9 12 0.036469538 
210 145 15 18 0.036030795 
957 476 9 11 0.03337526 
984 520 9 12 0.03237249 
183 458 14 16 0.03213525 
894 566 9 11 0.03097026 
965 479 10 13 0.027843144 
112 461 26 29 0.02745865 
185 176 8 10 0.026854597 
108 463 18 20 0.025397995 
431 5 63 60 0.024917152 
180 458 24 26 0.023591883 
908 495 10 13 0.023588836 
950 453 9 12 0.023232367 
952 440 8 10 0.023195812 
253 355 10 11 0.022934888 
247 465 32 36 0.02240083 
871 405 13 17 0.022125289 
39 468 40 47 0.02161847 
819 588 10 13 0.020742673 
981 435 11 12 0.020688638 
638 264 9 12 0.020362029 
