50_Celebration_Or_Party_houseparty_50_609
182
216 348 65 79 0.99873537 
212 214 33 42 0.9966119 
143 257 41 47 0.9913544 
287 243 43 56 0.9901371 
413 233 24 37 0.98196757 
127 237 29 39 0.962215 
472 179 26 35 0.95832294 
889 176 20 24 0.94525343 
844 193 20 26 0.94169706 
994 252 29 56 0.93975866 
769 188 20 27 0.8876472 
676 192 18 29 0.859213 
636 169 13 16 0.83285886 
86 223 22 34 0.8114203 
820 166 12 14 0.7736674 
835 171 11 15 0.6735654 
994 122 13 16 0.62167025 
787 155 12 17 0.5243262 
528 266 99 85 0.5226431 
710 190 16 21 0.4942962 
224 192 21 26 0.4869336 
854 231 19 26 0.47666672 
872 171 13 17 0.47191352 
331 204 21 31 0.4659234 
800 212 21 27 0.4409648 
832 134 11 14 0.4058705 
308 336 41 71 0.39926988 
739 156 13 17 0.35911542 
183 212 19 28 0.34480008 
531 123 11 13 0.3150838 
656 256 21 24 0.24216531 
814 193 13 17 0.22628455 
519 157 13 16 0.2251271 
599 188 14 18 0.19087186 
223 149 9 13 0.18888667 
85 351 28 52 0.18087673 
587 167 13 16 0.17581399 
194 180 15 17 0.17210844 
526 177 15 21 0.16844174 
881 155 10 12 0.15864447 
952 190 22 27 0.13317053 
37 322 57 73 0.12660238 
572 147 10 14 0.12439594 
892 134 11 13 0.116934955 
960 213 12 15 0.11188808 
548 167 11 14 0.10869141 
468 150 12 18 0.10766987 
929 125 11 15 0.10215889 
156 188 16 18 0.096344426 
710 275 42 65 0.09563579 
443 165 13 16 0.087411955 
174 166 11 15 0.082805924 
889 549 97 96 0.08077801 
829 227 13 17 0.08017776 
576 124 12 16 0.079077 
426 609 94 64 0.0783824 
326 193 35 49 0.07737653 
982 134 12 18 0.077226676 
273 182 25 30 0.076965004 
602 230 16 22 0.070513405 
596 250 32 48 0.06906784 
580 130 12 15 0.0680906 
485 163 12 15 0.067732714 
801 119 11 14 0.066307046 
601 227 36 50 0.061715435 
420 54 11 16 0.057631698 
130 230 17 20 0.05513295 
565 255 62 65 0.054761313 
567 143 11 14 0.053719975 
974 234 13 17 0.053109378 
799 167 10 12 0.051402885 
686 261 10 15 0.048037805 
873 278 32 50 0.047832992 
619 181 13 17 0.047638543 
606 221 24 31 0.047236394 
804 188 20 24 0.04698775 
831 168 11 14 0.04587652 
616 187 11 15 0.045589577 
947 197 18 23 0.044930845 
875 164 15 21 0.043896515 
686 192 18 27 0.043756958 
600 144 13 18 0.042981356 
535 281 42 45 0.042669237 
147 191 21 24 0.042296335 
389 193 13 15 0.04154107 
962 188 16 22 0.040831618 
866 225 17 22 0.040797226 
140 222 29 35 0.04002096 
401 221 30 39 0.03923479 
738 144 21 29 0.038339693 
140 197 14 18 0.03811232 
481 126 9 11 0.036864996 
702 193 18 21 0.03650265 
66 360 37 46 0.036491934 
615 220 28 33 0.036369763 
450 162 15 19 0.036090177 
953 202 23 29 0.035768207 
524 151 12 16 0.035744675 
746 153 14 19 0.03481616 
797 172 13 15 0.034625288 
925 155 13 16 0.03411197 
772 146 11 17 0.033784837 
433 49 23 29 0.03357065 
267 183 17 21 0.033209458 
5 502 38 69 0.03302387 
540 155 11 14 0.03206663 
774 184 12 15 0.031947557 
237 158 12 16 0.0319279 
326 159 9 13 0.031704564 
541 133 10 13 0.031587206 
224 206 29 40 0.031029383 
795 178 17 19 0.030505145 
359 174 18 21 0.030306708 
654 164 13 16 0.030059284 
460 52 11 15 0.030048108 
669 257 23 29 0.029352851 
667 75 11 17 0.0287342 
500 69 14 16 0.028495803 
831 130 18 24 0.028328238 
538 244 51 60 0.028008623 
756 193 28 33 0.028005255 
405 362 95 126 0.027856933 
795 185 17 22 0.027695008 
848 133 10 13 0.027673226 
771 138 12 17 0.027552368 
313 197 32 45 0.027234217 
69 223 34 43 0.027227595 
854 132 9 12 0.027142135 
215 165 10 13 0.026956895 
342 196 24 31 0.026924064 
451 132 11 15 0.026821021 
648 119 10 13 0.02676265 
917 226 16 21 0.026646731 
675 243 101 124 0.026464853 
281 347 53 70 0.025988877 
536 151 10 14 0.025945617 
529 185 23 29 0.025654392 
519 179 15 20 0.025470141 
874 172 19 24 0.025111206 
806 197 22 27 0.025060646 
456 44 10 15 0.024452433 
269 164 12 14 0.024247482 
680 263 20 27 0.02381625 
350 202 14 17 0.023774635 
97 217 15 24 0.023514938 
662 131 11 15 0.023469433 
154 192 26 31 0.023381913 
704 117 11 14 0.023284193 
175 209 16 21 0.022933118 
865 491 55 71 0.022818526 
989 184 31 45 0.02275077 
941 199 22 34 0.022383727 
240 224 25 34 0.022302395 
402 149 9 13 0.022290206 
847 164 10 13 0.022220904 
791 57 14 18 0.022205535 
788 196 35 49 0.022127137 
988 130 13 17 0.022095751 
408 132 10 13 0.021895735 
51 209 13 19 0.021871304 
178 221 24 32 0.021688905 
769 133 11 16 0.021681527 
518 67 10 14 0.02162625 
804 0 13 13 0.02140267 
501 157 11 14 0.021337919 
0 147 48 65 0.021272257 
839 188 12 18 0.021208365 
338 195 14 19 0.021157263 
644 166 11 16 0.021141773 
453 155 15 21 0.021115165 
476 172 17 20 0.020922238 
593 147 11 15 0.020824637 
513 157 11 15 0.020705698 
829 194 13 17 0.020660283 
293 345 34 41 0.020608978 
581 138 12 17 0.02056289 
351 179 24 29 0.020474287 
536 193 24 27 0.020379564 
605 168 11 14 0.02025944 
444 117 16 22 0.020195557 
201 179 14 18 0.020048412 
474 149 12 15 0.020011328 
