50_Celebration_Or_Party_houseparty_50_345
31
307 133 179 246 0.9996282 
576 147 192 232 0.99898595 
883 103 62 85 0.9423799 
4 191 63 99 0.900358 
774 838 10 14 0.43106145 
948 101 67 112 0.3038982 
570 965 10 13 0.10244491 
720 950 10 13 0.06677582 
868 205 31 47 0.06165873 
574 492 12 14 0.06016971 
606 958 9 11 0.050333437 
688 939 9 13 0.03815493 
704 967 15 18 0.035508107 
766 1061 11 13 0.034110848 
575 1083 10 12 0.032817375 
607 925 10 12 0.03124978 
791 870 9 11 0.030744927 
772 958 13 16 0.029932309 
908 113 61 77 0.027064193 
748 743 10 12 0.026579425 
662 1005 11 13 0.02647256 
165 196 16 21 0.025005907 
662 872 14 18 0.02233552 
164 150 22 34 0.021947645 
129 234 116 217 0.021444723 
574 971 10 13 0.021434238 
768 962 11 14 0.021391235 
642 888 13 14 0.021309191 
964 72 50 77 0.020700758 
617 888 10 12 0.020144204 
557 983 10 12 0.020083647 
