50_Celebration_Or_Party_birthdayparty_50_75
68
238 386 30 35 0.9985813 
405 202 88 105 0.9937903 
117 605 28 34 0.9934756 
177 598 30 37 0.983886 
115 383 28 33 0.97249514 
175 384 29 34 0.9687261 
237 453 31 39 0.9610679 
664 128 23 28 0.87886727 
58 456 27 34 0.7566398 
158 473 15 19 0.7393811 
51 598 35 43 0.6926672 
594 201 17 19 0.41699207 
61 389 14 16 0.38810724 
566 213 55 64 0.17561004 
584 386 23 29 0.10432103 
618 474 21 28 0.093919404 
823 399 9 11 0.08607198 
322 351 57 80 0.07864908 
176 478 12 16 0.07785571 
687 137 14 19 0.07017964 
181 474 16 19 0.06520345 
646 161 13 16 0.056520484 
109 255 388 466 0.051231448 
589 477 9 12 0.05003816 
489 604 35 39 0.04982074 
634 168 9 12 0.047435988 
758 160 8 11 0.047000803 
7 126 37 56 0.04412519 
708 161 12 14 0.04402066 
859 589 71 87 0.042494904 
353 410 10 13 0.042150192 
538 390 9 13 0.040534347 
409 713 62 60 0.039914567 
654 125 39 44 0.038764115 
777 534 90 118 0.033986464 
56 529 28 32 0.033864047 
160 457 12 16 0.031043947 
878 535 51 55 0.030692643 
643 468 13 17 0.030474681 
312 540 14 18 0.029784365 
592 368 8 11 0.02873446 
674 130 22 27 0.028683702 
637 165 12 14 0.027283676 
621 471 13 18 0.02727249 
788 707 75 65 0.02677355 
688 457 12 17 0.025366094 
594 387 15 20 0.024708461 
845 389 9 12 0.024313964 
171 388 20 27 0.02422778 
760 6 8 10 0.023800228 
892 451 29 38 0.023707516 
860 435 10 12 0.023580894 
228 715 67 57 0.023356665 
575 422 14 17 0.023286577 
601 198 14 17 0.023257768 
703 157 13 16 0.023206802 
607 476 11 14 0.021985149 
938 511 63 71 0.021943046 
340 364 63 77 0.021455139 
540 395 11 13 0.021419726 
831 388 8 12 0.021370653 
931 710 63 63 0.021346904 
709 478 11 13 0.021096123 
599 470 11 14 0.021086732 
750 172 8 12 0.0209393 
358 715 53 50 0.020826252 
82 310 248 309 0.02064111 
584 461 11 13 0.02034805 
