50_Celebration_Or_Party_birthdayparty_50_18
47
234 376 24 32 0.99596137 
335 365 23 28 0.9946938 
849 375 25 32 0.9940521 
132 403 27 39 0.99273974 
612 343 22 29 0.9768571 
546 354 18 23 0.9458521 
640 338 19 24 0.9290861 
808 347 18 24 0.91259986 
717 331 21 28 0.9114777 
765 398 19 32 0.90060085 
467 354 15 24 0.77757734 
666 397 19 32 0.70507973 
393 369 20 27 0.3831574 
381 371 12 17 0.14737338 
532 441 16 18 0.11402661 
398 206 11 15 0.08068194 
118 409 46 48 0.048100494 
636 260 18 24 0.042632252 
546 424 29 34 0.04168116 
535 203 11 13 0.041678492 
813 376 23 27 0.04053196 
951 339 14 18 0.03679103 
878 369 11 15 0.03340337 
834 369 34 44 0.03286109 
613 224 27 31 0.03226931 
281 238 10 13 0.031558163 
453 353 19 23 0.0291368 
929 380 16 18 0.028687667 
761 427 12 15 0.027781252 
674 404 24 27 0.027616981 
219 408 15 19 0.027323999 
532 213 15 19 0.026884876 
820 337 16 23 0.026324535 
290 305 34 39 0.026316503 
468 380 11 14 0.02508621 
309 455 19 30 0.023515984 
230 498 52 65 0.023320079 
554 332 18 23 0.022712126 
812 331 14 16 0.022116382 
107 425 33 31 0.021991111 
285 467 34 34 0.021845924 
804 425 14 16 0.021834474 
828 340 18 25 0.021599043 
798 334 38 47 0.021196956 
325 196 10 12 0.020904707 
797 369 14 19 0.020614265 
492 405 11 14 0.02034593 
