50_Celebration_Or_Party_birthdayparty_50_249
23
662 187 52 67 0.9985246 
805 188 63 75 0.99701047 
575 237 51 64 0.99694747 
351 269 56 61 0.9966683 
151 271 60 68 0.9966574 
206 222 32 47 0.14781313 
590 157 26 48 0.13960789 
548 134 38 51 0.08751273 
540 130 27 47 0.047863968 
607 87 34 45 0.038105853 
363 243 54 69 0.035767727 
847 535 42 43 0.035546355 
786 518 43 54 0.028409407 
897 68 45 54 0.028249463 
758 34 13 18 0.02666732 
380 229 44 55 0.026097147 
157 209 14 22 0.025877204 
571 145 41 54 0.02516014 
565 141 30 33 0.024503646 
223 225 30 39 0.021379085 
733 29 25 34 0.021291628 
548 157 51 63 0.021037528 
205 220 12 17 0.020502225 
