50_Celebration_Or_Party_birthdayparty_50_283
55
249 374 52 71 0.9984884 
812 179 35 42 0.9984268 
121 455 58 77 0.9971186 
595 309 35 42 0.99681467 
363 355 37 51 0.9918107 
439 270 26 34 0.98882896 
890 297 26 35 0.98851645 
18 459 69 108 0.98598564 
653 167 41 50 0.98309076 
458 314 23 27 0.9727633 
466 355 30 38 0.9562502 
774 334 37 50 0.8838337 
772 478 52 79 0.43912467 
764 341 30 40 0.23324789 
182 115 39 58 0.22559361 
725 232 19 29 0.12688248 
445 352 26 32 0.113169484 
480 257 23 28 0.099672854 
456 351 26 36 0.08853963 
851 228 26 39 0.08724074 
485 181 15 24 0.07926811 
862 453 55 97 0.07917357 
422 246 12 14 0.06138958 
790 490 37 49 0.057216424 
53 459 53 87 0.048565567 
454 192 26 31 0.04854418 
614 189 36 41 0.04699873 
230 244 10 12 0.046823084 
463 196 30 31 0.04406859 
754 296 14 24 0.039949797 
316 220 29 30 0.039235845 
767 458 35 54 0.03730386 
451 196 14 21 0.036995765 
148 448 52 75 0.034040295 
748 494 51 83 0.033354294 
602 235 39 58 0.031559963 
764 347 18 26 0.030751694 
733 306 25 25 0.030131182 
821 455 77 102 0.03009353 
180 454 48 67 0.029821659 
460 201 15 19 0.029744316 
784 494 65 76 0.028863689 
474 188 24 28 0.028799292 
450 350 16 20 0.026883373 
878 434 48 81 0.024671251 
792 189 20 32 0.023667894 
742 300 21 26 0.022963317 
880 467 71 82 0.022849446 
603 201 12 16 0.022321925 
452 152 16 19 0.02183313 
467 201 17 20 0.021335825 
76 459 53 76 0.021133162 
425 249 15 18 0.020944739 
906 363 38 42 0.020788798 
861 230 13 17 0.02069895 
