50_Celebration_Or_Party_houseparty_50_790
23
401 17 109 124 0.9926311 
648 146 150 129 0.6774108 
284 19 10 14 0.37121493 
601 103 237 227 0.13850436 
583 24 10 12 0.1161886 
152 19 40 45 0.06681045 
474 10 438 396 0.06281845 
398 9 75 85 0.04758128 
416 426 219 226 0.036324844 
686 182 91 79 0.03565754 
600 32 10 12 0.031408068 
359 308 384 413 0.029232098 
604 34 11 13 0.027783148 
922 229 10 13 0.027279856 
361 11 171 220 0.026358468 
323 40 16 23 0.02587312 
312 38 25 33 0.025848629 
919 235 12 14 0.024578094 
964 11 15 17 0.022010608 
913 284 15 19 0.02135315 
633 39 9 12 0.021124985 
612 36 10 12 0.020470552 
635 2 16 19 0.020361602 
