50_Celebration_Or_Party_houseparty_50_715
209
121 479 9 11 0.12170133 
762 477 9 11 0.11735494 
671 462 11 14 0.11415256 
824 666 11 12 0.09963375 
469 663 12 14 0.085238636 
815 517 10 12 0.0705858 
596 558 11 14 0.06231253 
775 580 12 15 0.061528448 
200 435 8 12 0.060580064 
208 497 11 15 0.055654217 
629 565 14 18 0.05263921 
632 457 7 9 0.05161783 
136 479 8 10 0.05093431 
25 482 11 16 0.04669337 
162 463 8 11 0.04621365 
608 559 10 12 0.0435651 
617 548 11 13 0.04355656 
71 468 10 13 0.042981967 
526 596 12 16 0.042869795 
685 581 13 17 0.042596415 
700 602 12 15 0.04254952 
618 483 9 12 0.042228524 
210 448 7 9 0.04170854 
836 563 13 16 0.041086443 
669 556 12 15 0.040849637 
359 649 13 15 0.039401244 
239 486 11 12 0.039000448 
972 607 11 14 0.03877437 
645 463 8 11 0.038606208 
113 492 8 11 0.03828165 
854 662 13 14 0.038242627 
677 136 17 20 0.037987046 
613 630 11 14 0.037829254 
800 526 10 13 0.037275057 
558 578 12 15 0.0369482 
217 438 9 10 0.036516625 
166 480 8 11 0.036404237 
261 470 9 11 0.035612106 
833 590 9 12 0.03558741 
719 462 7 10 0.035490092 
641 449 6 8 0.034978025 
409 550 8 10 0.03481844 
97 422 8 11 0.03472699 
206 527 10 12 0.033980638 
808 556 11 15 0.03396766 
23 390 8 11 0.033758402 
777 495 9 12 0.033705324 
608 571 13 17 0.032867152 
664 493 8 11 0.032858893 
749 581 9 12 0.032679647 
750 668 10 11 0.032489784 
150 440 9 11 0.032332044 
416 545 8 11 0.030999226 
854 551 10 12 0.030821646 
681 484 10 13 0.030781323 
775 499 10 13 0.03074457 
353 415 7 8 0.03040935 
287 501 7 10 0.030126272 
521 573 10 14 0.03007757 
751 510 9 12 0.030052416 
174 430 9 11 0.029519517 
698 463 8 10 0.029413516 
66 382 8 10 0.029386304 
652 579 11 13 0.029253231 
183 440 7 9 0.02925093 
777 652 12 14 0.029138755 
833 494 8 9 0.029097885 
54 454 9 12 0.029091155 
836 558 11 14 0.028735515 
530 541 9 11 0.028459532 
947 594 14 16 0.028441157 
281 549 8 9 0.02820307 
14 501 9 12 0.028117979 
600 452 9 11 0.028046587 
736 591 10 12 0.028024063 
601 470 8 11 0.027981063 
656 493 8 10 0.027819447 
281 501 8 10 0.02766589 
89 468 9 12 0.027602851 
87 462 9 12 0.02726245 
39 467 8 11 0.027224023 
633 477 8 12 0.027069429 
794 448 7 9 0.026974576 
206 433 8 10 0.026778774 
744 510 9 11 0.026717665 
826 448 7 10 0.026681624 
727 572 10 14 0.026569309 
162 479 8 10 0.026214443 
609 564 14 17 0.026100475 
106 478 7 9 0.02597482 
178 478 7 10 0.025659643 
581 461 8 11 0.025595434 
360 414 7 9 0.025359357 
245 470 9 10 0.025324788 
231 406 7 10 0.025125166 
767 483 10 12 0.025122501 
994 603 14 18 0.02511203 
5 492 11 14 0.02510905 
655 454 8 10 0.025037788 
191 447 8 11 0.025020692 
590 445 8 11 0.02497762 
376 543 9 10 0.024786815 
722 495 7 10 0.024766652 
765 473 10 12 0.024731686 
72 476 9 12 0.024687232 
463 565 8 9 0.024652831 
103 462 7 11 0.024428148 
598 606 10 12 0.024391213 
161 468 9 11 0.024355872 
119 483 10 12 0.024307715 
608 429 8 10 0.024161156 
9 500 10 13 0.024088187 
165 468 9 11 0.024084391 
281 589 11 14 0.02405662 
726 477 8 10 0.024022002 
305 527 7 11 0.02393103 
658 463 7 10 0.023924593 
650 555 10 13 0.023906888 
719 517 8 11 0.02389542 
997 598 12 15 0.023780616 
88 457 7 9 0.023708593 
95 462 9 12 0.023590924 
237 575 9 12 0.02357553 
460 155 25 30 0.023408612 
464 660 12 16 0.023347279 
712 461 9 10 0.023344873 
367 606 9 12 0.023170982 
760 502 9 11 0.023161188 
918 584 11 14 0.023146877 
18 399 8 9 0.023140708 
149 470 9 11 0.02304876 
762 455 7 9 0.023028677 
668 604 14 16 0.02302249 
134 470 9 11 0.023018379 
580 578 13 16 0.022991654 
559 516 10 12 0.022989199 
243 417 6 8 0.022961447 
190 515 11 14 0.02292096 
749 469 9 11 0.022855632 
769 519 8 10 0.022758232 
792 543 10 12 0.022752127 
176 438 8 10 0.022700617 
97 487 8 11 0.022666525 
781 658 11 15 0.022637825 
195 558 12 15 0.02258341 
806 644 11 12 0.022507606 
32 469 9 10 0.022494495 
447 572 9 12 0.022493394 
663 447 7 9 0.022477381 
829 503 9 11 0.022313373 
222 452 10 12 0.02231281 
102 423 8 10 0.022218749 
304 503 8 10 0.022137761 
613 453 9 12 0.022075063 
486 477 8 11 0.022058886 
440 519 7 9 0.021991402 
225 448 8 11 0.021943556 
121 473 8 11 0.021796893 
192 510 10 13 0.021770975 
383 542 8 10 0.021736067 
310 597 9 12 0.021707626 
842 565 14 18 0.021701548 
672 457 9 11 0.021691399 
169 439 8 10 0.02168123 
146 472 8 10 0.021604413 
281 533 7 10 0.021562204 
680 454 8 10 0.021498235 
194 479 7 9 0.021496594 
112 456 8 10 0.02144649 
143 455 8 10 0.021390656 
213 447 8 10 0.021282632 
287 471 7 9 0.021270009 
110 461 10 11 0.02123771 
342 534 8 11 0.021222498 
128 463 7 10 0.021220965 
103 505 9 12 0.021198398 
835 611 13 16 0.021145202 
847 503 7 10 0.021044103 
128 470 8 10 0.020977879 
216 461 9 11 0.02094454 
192 493 8 11 0.02087407 
175 495 8 11 0.020870823 
1007 414 9 12 0.020860428 
693 587 11 13 0.020817291 
95 587 11 14 0.020804122 
639 454 8 10 0.020785034 
143 478 7 9 0.02077077 
688 462 8 11 0.020741869 
360 504 8 10 0.020684524 
422 545 8 10 0.020676624 
312 494 8 11 0.020666827 
110 477 8 10 0.020621937 
717 589 10 13 0.020573312 
448 518 8 9 0.020515349 
849 551 10 12 0.020497493 
606 447 10 12 0.02047966 
200 471 8 10 0.020419095 
784 464 7 9 0.020396678 
612 557 11 14 0.0203639 
599 552 10 12 0.020302465 
273 422 7 10 0.020258054 
338 535 8 11 0.02025715 
688 470 8 10 0.020228863 
724 542 12 16 0.02021373 
687 455 8 9 0.020190129 
770 581 11 14 0.020164238 
128 511 8 10 0.02011901 
57 471 8 10 0.020072585 
126 414 7 8 0.020011365 
