1.163612120758672752e+01
6.701404635358301221e+00
5.510903901565148644e+00
4.845349943489761557e+00
4.441942889201714983e+00
4.218889314935814205e+00
3.984029637434467919e+00
3.841884871632415877e+00
3.704444721729859058e+00
3.530411644900067092e+00
3.420061124185597823e+00
3.364093262364405312e+00
3.301243463991591742e+00
3.203821966181630732e+00
3.153410700796553723e+00
3.131559850562433134e+00
3.038535026844984444e+00
3.005749621302444829e+00
2.975191143099565672e+00
2.928675496282044488e+00
2.893793423890326899e+00
2.796282554283645361e+00
2.829570430258045999e+00
2.768510869423054910e+00
2.744962327080483711e+00
2.696850944787078763e+00
2.719997169512399449e+00
2.687731689103642019e+00
2.607150822988948402e+00
2.598784084516282622e+00
2.640118821104120883e+00
2.583934059554005458e+00
2.595231881200897206e+00
2.493280120388321475e+00
2.561865699920594874e+00
2.520355296801335854e+00
2.525279489918525133e+00
2.447836231444933563e+00
2.483890716907400709e+00
2.453427899198502349e+00
2.447688140928375056e+00
2.398550405561553855e+00
2.391001996675633290e+00
2.419022917728986588e+00
2.379183332816414254e+00
2.372601097766656952e+00
2.370029893998773840e+00
2.351318454242641298e+00
2.329099826135250240e+00
2.334465292170181172e+00
2.340582498852510795e+00
2.275794749989272781e+00
2.279405062335618570e+00
2.278814258079350896e+00
2.329711093202881056e+00
2.219758296197985814e+00
2.283627649142134786e+00
2.242629279686797261e+00
2.211934700201016568e+00
2.217419873427900257e+00
2.204981287999182804e+00
2.220869211584144409e+00
2.212456982624456892e+00
2.183454607862123087e+00
2.176721182817257905e+00
2.258632621539305330e+00
2.207564553248215766e+00
2.184370915934165769e+00
2.194382983427610512e+00
2.134966355099440882e+00
2.007388971977352554e+00
1.972649028101322921e+00
1.966012686379948082e+00
1.918028300075057091e+00
1.909851692589173311e+00
1.915335604455900453e+00
1.895977305310853511e+00
1.875026201905671153e+00
1.904470549699682547e+00
1.886515343337325623e+00
1.869731920457774699e+00
1.863047882821989409e+00
1.880069891728969766e+00
1.858068231081370314e+00
1.910369314873440638e+00
1.869971485389685828e+00
1.835431809677100290e+00
1.848829899163719981e+00
1.812601995134945909e+00
1.858255147970981458e+00
1.835763577866998508e+00
1.809105831440191103e+00
1.829984743643251255e+00
1.830620304101742590e+00
1.819450459384029717e+00
1.813979197140806132e+00
1.819202721766803643e+00
1.803473694613261236e+00
1.827165436800222142e+00
