5_Car_Accident_Accident_5_607
20
111 21 19 23 0.67076445 
458 382 50 60 0.24086326 
78 37 29 34 0.21451269 
520 394 56 84 0.17044738 
348 468 65 68 0.062435273 
241 28 29 34 0.04348384 
106 0 32 33 0.04327019 
100 10 46 67 0.03863411 
494 383 61 78 0.03815067 
464 39 105 140 0.037482508 
489 34 331 464 0.02828356 
69 -8 566 469 0.025896061 
211 0 15 14 0.025740726 
327 514 46 39 0.024313254 
82 23 42 55 0.023672415 
119 16 18 23 0.022917164 
68 1 86 107 0.021462012 
99 0 18 19 0.021102535 
121 0 32 36 0.020392306 
378 473 34 50 0.020324565 
