5_Car_Accident_Accident_5_177
98
808 273 26 30 0.990382 
748 184 16 21 0.9899204 
833 216 23 26 0.96680945 
697 197 17 23 0.9631937 
868 252 21 30 0.9621934 
597 131 15 17 0.96062964 
892 216 18 21 0.9400737 
301 210 20 22 0.9394197 
394 208 16 21 0.92648894 
975 211 19 29 0.91659653 
905 161 16 18 0.8960366 
910 238 18 27 0.83564156 
989 189 17 21 0.7733401 
639 233 15 22 0.6251694 
881 182 12 18 0.3619382 
798 132 11 13 0.24591994 
796 181 29 36 0.1785156 
670 123 17 22 0.13997224 
675 205 15 17 0.105271555 
831 322 21 33 0.08186277 
778 222 23 30 0.0752789 
686 200 22 25 0.067741774 
855 345 23 37 0.06644083 
794 132 9 14 0.06180976 
672 213 22 29 0.05912003 
798 216 17 23 0.054779984 
953 615 59 51 0.051536135 
898 190 20 23 0.050065547 
677 206 23 26 0.04888564 
881 259 24 28 0.048542783 
979 190 37 56 0.047885764 
580 260 11 14 0.046383187 
926 72 12 15 0.045547403 
786 238 22 27 0.04398506 
680 177 13 18 0.043055337 
790 221 22 27 0.04276039 
684 203 15 18 0.042519815 
613 242 20 27 0.04119549 
523 361 30 33 0.041114822 
888 183 20 25 0.04067937 
687 427 12 15 0.040077485 
999 188 17 19 0.03925409 
828 323 39 51 0.03878623 
509 238 23 30 0.035414606 
375 478 11 16 0.03444852 
783 180 11 17 0.03342613 
816 314 36 54 0.031900477 
540 5 15 15 0.03182374 
621 97 13 17 0.031817526 
689 415 10 13 0.031477284 
621 80 8 10 0.0314028 
648 561 12 15 0.030800609 
671 210 14 17 0.030558884 
888 263 29 35 0.03047183 
72 436 10 12 0.029425243 
725 186 15 21 0.029414322 
646 233 19 22 0.029204575 
687 419 13 16 0.028660195 
957 211 14 18 0.027664902 
769 228 36 45 0.027591506 
612 0 14 14 0.026716314 
671 223 14 22 0.026361845 
677 226 23 33 0.026118297 
281 276 10 14 0.025732487 
682 182 15 20 0.025678426 
511 237 14 19 0.025039328 
508 305 32 36 0.02486812 
471 274 13 14 0.02461713 
835 345 38 47 0.024605379 
581 186 40 48 0.024506574 
695 117 8 10 0.024503106 
892 254 23 29 0.024276465 
869 252 38 47 0.024089733 
730 183 18 26 0.02404879 
800 196 19 23 0.02384919 
616 302 8 10 0.02355215 
290 124 210 290 0.023195606 
590 246 10 12 0.023051983 
865 350 23 32 0.023031058 
411 521 12 16 0.023010295 
511 257 15 18 0.022622462 
381 449 14 20 0.022619108 
616 83 9 11 0.02238687 
522 370 37 45 0.022134865 
669 232 15 22 0.02211332 
464 85 13 16 0.021947784 
375 283 13 15 0.021598874 
743 226 12 14 0.021186275 
787 247 26 33 0.021029169 
608 67 11 14 0.020985328 
567 276 10 13 0.020900536 
631 232 15 22 0.020789225 
852 350 17 25 0.020675711 
325 195 10 14 0.020577166 
677 197 14 17 0.02038592 
588 251 11 14 0.020061454 
444 394 13 15 0.020052299 
975 204 14 22 0.020042637 
