5_Car_Accident_Accident_5_234
193
658 487 20 25 0.9474393 
422 508 17 20 0.80345774 
452 339 14 18 0.8029674 
417 400 20 22 0.69293565 
471 329 16 19 0.5811889 
269 387 19 22 0.57434195 
866 352 16 18 0.5385558 
807 315 14 17 0.5003856 
808 235 9 12 0.4068153 
803 254 12 15 0.37370747 
788 296 11 14 0.35287791 
355 372 20 26 0.28639388 
603 576 12 16 0.24879758 
886 292 12 14 0.2386684 
364 326 15 20 0.22616816 
429 589 22 28 0.22187828 
19 570 27 27 0.20254637 
138 502 8 12 0.1868431 
307 478 17 22 0.16984758 
319 431 19 24 0.16039644 
381 319 10 14 0.15943162 
756 330 12 16 0.14612955 
337 352 16 22 0.14471106 
83 446 19 21 0.11633597 
349 434 13 15 0.11628664 
413 315 12 14 0.11555353 
275 554 14 22 0.11278534 
428 423 14 21 0.11024506 
579 538 15 20 0.10599041 
587 536 25 28 0.09993909 
96 476 40 60 0.0940105 
894 348 13 16 0.09282188 
796 348 17 20 0.087017946 
351 417 30 36 0.08535875 
643 552 11 16 0.084128164 
868 274 11 15 0.083129086 
270 487 15 22 0.0828126 
209 403 11 16 0.08259179 
356 365 14 17 0.08134277 
395 326 12 14 0.08030534 
822 549 55 57 0.07677957 
353 463 16 20 0.07435958 
330 411 11 13 0.071449704 
774 278 16 22 0.07122731 
183 426 14 19 0.06591111 
852 193 12 16 0.06312271 
721 355 13 18 0.06049015 
819 260 13 18 0.05853398 
79 443 16 19 0.057991903 
227 411 15 17 0.05730767 
545 574 41 51 0.057187896 
791 184 13 16 0.054521304 
750 326 14 17 0.053126086 
815 279 8 11 0.052602533 
900 354 13 19 0.05257191 
405 348 14 17 0.051214624 
592 543 27 32 0.050560333 
808 279 10 12 0.049321402 
414 320 14 18 0.048510473 
358 294 10 11 0.046320602 
776 231 10 12 0.046243653 
776 148 9 12 0.04229906 
421 427 17 20 0.04036047 
372 324 12 16 0.03997588 
821 229 10 13 0.039950673 
778 285 21 27 0.03984882 
67 485 22 35 0.039377816 
264 556 22 30 0.03923627 
377 340 11 15 0.03883558 
204 394 14 20 0.03880056 
116 475 25 39 0.038648147 
893 360 15 18 0.03831312 
195 390 15 20 0.037527252 
309 402 12 14 0.03747841 
210 360 18 22 0.03728738 
134 539 26 28 0.03631592 
878 258 12 16 0.036176648 
188 391 15 20 0.03612488 
812 230 11 15 0.035900813 
770 266 25 30 0.035859726 
399 349 12 15 0.03556828 
448 344 14 17 0.03425512 
13 566 43 53 0.033986885 
301 413 13 18 0.03364177 
355 309 11 14 0.033300284 
222 404 16 19 0.033200778 
69 564 13 16 0.03316897 
393 331 12 14 0.032542843 
344 333 10 13 0.03252217 
870 259 12 14 0.03247492 
418 407 21 28 0.032146927 
304 399 11 14 0.03191351 
728 42 12 14 0.03185857 
182 507 15 17 0.031125486 
13 569 17 24 0.031117655 
595 552 16 20 0.031022353 
362 416 18 21 0.030695146 
348 331 11 15 0.030509492 
645 656 35 53 0.030418755 
289 359 15 21 0.030167203 
735 346 32 39 0.029611444 
685 470 25 30 0.029139146 
552 168 10 12 0.02883797 
423 365 13 17 0.02881288 
327 354 15 18 0.028807353 
419 325 14 18 0.028684393 
866 255 8 12 0.028552761 
791 201 12 17 0.02833038 
817 266 11 15 0.028115477 
341 494 27 44 0.028017046 
332 311 12 15 0.027438078 
452 352 13 16 0.027426979 
685 80 7 10 0.027056748 
352 371 14 20 0.026797697 
311 422 22 28 0.026604312 
766 333 10 13 0.026393617 
791 349 13 18 0.026202017 
749 334 16 20 0.026132694 
888 356 12 16 0.025970437 
719 350 27 31 0.02588183 
212 397 13 19 0.0257831 
391 316 13 16 0.025763802 
820 274 11 15 0.02570437 
800 316 12 14 0.025674691 
243 379 12 15 0.02555367 
800 284 11 13 0.025276767 
332 339 15 18 0.025014453 
668 431 36 42 0.024983339 
339 339 16 20 0.02494888 
868 282 12 16 0.024923325 
204 365 24 33 0.024736617 
270 397 16 21 0.024732595 
456 345 13 17 0.02473117 
365 338 13 17 0.024724653 
195 484 14 19 0.024625374 
636 541 21 28 0.024604456 
798 279 9 12 0.024537602 
348 438 17 21 0.024526533 
789 209 12 16 0.024239147 
789 286 11 14 0.024225015 
421 378 13 17 0.024215778 
752 670 16 24 0.024177251 
767 167 8 10 0.024023661 
133 487 13 24 0.024017962 
393 349 9 14 0.023815736 
873 246 12 13 0.02347574 
821 255 11 15 0.023238217 
346 347 13 19 0.023237752 
138 476 21 33 0.023226256 
186 427 22 27 0.023220755 
263 411 11 15 0.023166075 
782 316 9 12 0.023153627 
408 89 373 588 0.023027956 
885 362 12 16 0.023005744 
328 432 16 23 0.022881502 
380 330 12 18 0.022828503 
67 560 27 30 0.022563946 
368 348 9 12 0.022360524 
229 378 11 14 0.022321846 
688 62 8 11 0.022269392 
402 358 18 20 0.02224152 
266 388 13 18 0.02211496 
749 406 29 39 0.021909043 
614 625 36 58 0.02189631 
794 196 12 17 0.021875577 
714 471 18 22 0.021859204 
574 530 16 22 0.021643134 
366 319 13 18 0.02162716 
8 459 11 13 0.021572612 
637 535 16 20 0.021478472 
547 151 7 10 0.02140058 
357 314 12 14 0.021262925 
860 360 15 19 0.021143269 
169 423 17 26 0.021056373 
358 412 15 18 0.020999268 
306 416 14 19 0.02079439 
124 441 16 20 0.020760339 
798 323 13 17 0.020685043 
572 521 14 21 0.020657986 
378 313 19 25 0.020608647 
573 104 8 10 0.020573677 
178 457 22 31 0.020476334 
544 72 9 12 0.020449795 
332 440 14 21 0.020411339 
649 466 42 54 0.020408563 
856 368 13 16 0.020263663 
597 524 15 16 0.020254983 
791 278 10 13 0.020221869 
895 268 10 13 0.020218879 
858 236 9 13 0.020187875 
875 252 13 17 0.020142863 
819 317 13 18 0.020123295 
497 167 8 10 0.020110944 
