5_Car_Accident_Accident_5_668
23
884 240 17 19 0.9532034 
914 230 11 14 0.29203185 
764 195 12 17 0.15436955 
411 229 10 14 0.1418901 
968 276 11 16 0.11226404 
1012 206 11 15 0.065051205 
901 218 10 14 0.056376208 
912 244 11 14 0.040414747 
881 214 8 10 0.035834976 
723 201 26 29 0.034803085 
967 251 10 13 0.03423059 
991 267 15 17 0.032263156 
927 229 10 13 0.029959016 
1005 502 19 38 0.029724818 
991 262 28 32 0.029467644 
934 228 9 13 0.024778992 
373 51 387 479 0.024662578 
901 226 12 17 0.02335042 
983 292 10 12 0.022888716 
520 230 51 56 0.022883656 
879 219 12 14 0.02128732 
741 195 25 33 0.02078658 
459 244 12 15 0.020617865 
