5_Car_Accident_Accident_5_460
59
111 312 22 26 0.9530929 
156 305 12 21 0.81284165 
235 307 13 15 0.6363817 
127 289 13 16 0.27039427 
868 365 12 14 0.25739616 
918 351 11 14 0.2410272 
306 134 18 22 0.1924226 
181 316 13 16 0.16693884 
62 313 12 16 0.1600589 
207 311 11 13 0.12550958 
161 304 14 21 0.09135562 
247 318 12 16 0.08615683 
272 315 10 13 0.07836184 
2 293 14 21 0.062640175 
206 105 16 19 0.056299 
231 313 14 18 0.04681116 
203 113 17 19 0.04641886 
250 104 8 10 0.04344442 
204 322 14 17 0.039968193 
0 305 13 24 0.039171472 
176 310 13 16 0.038753334 
254 108 9 11 0.0357764 
286 318 10 11 0.03455347 
638 291 431 570 0.032945693 
203 121 16 18 0.032830387 
469 141 10 13 0.03218773 
319 112 7 10 0.03185941 
43 68 14 18 0.03165401 
913 354 13 16 0.031177323 
392 390 138 131 0.030779377 
923 355 12 14 0.030386288 
212 315 11 13 0.029586613 
343 594 16 19 0.028163714 
92 337 16 19 0.027991118 
57 310 12 17 0.027943349 
416 146 12 14 0.027247185 
197 121 13 17 0.026524628 
140 311 22 24 0.025976509 
175 318 16 20 0.025406994 
523 216 15 21 0.024793942 
141 290 16 19 0.024550393 
131 295 16 21 0.02438052 
224 316 10 14 0.024195217 
387 128 7 9 0.024122369 
975 351 8 10 0.023598058 
379 148 16 20 0.023545604 
132 314 16 20 0.023309868 
201 316 11 15 0.022261731 
144 288 24 32 0.022103306 
234 316 17 21 0.021970058 
448 228 111 125 0.021668956 
-101 284 397 575 0.021306077 
185 321 14 18 0.021141045 
915 358 17 19 0.020866472 
58 313 21 26 0.020698495 
205 326 22 28 0.020682974 
35 74 24 30 0.02064332 
215 96 9 11 0.020607574 
864 369 13 16 0.020357577 
