5_Car_Accident_Car_Crash_5_38
29
832 233 12 15 0.9093673 
777 236 11 14 0.49186668 
2 228 21 33 0.35707465 
915 235 12 15 0.32605574 
941 247 10 12 0.26567617 
888 243 10 11 0.12969267 
71 269 12 14 0.11410849 
353 93 51 74 0.090859056 
328 105 60 71 0.06654755 
423 114 50 64 0.05898375 
265 127 94 111 0.050068256 
774 259 16 20 0.049486466 
892 239 11 14 0.043499958 
149 287 106 137 0.04174068 
112 197 10 13 0.03884575 
404 106 48 63 0.037593808 
374 101 55 74 0.03082129 
893 221 12 13 0.026743347 
808 239 8 11 0.025610814 
527 550 62 54 0.025015043 
862 248 9 10 0.02493764 
315 448 44 51 0.024632871 
855 299 12 18 0.023297338 
302 105 104 133 0.022958782 
959 283 27 30 0.022000818 
880 220 12 15 0.021608641 
826 228 10 15 0.02078615 
938 250 10 13 0.02075712 
912 241 11 13 0.020282947 
