5_Car_Accident_Accident_5_474
59
347 140 16 23 0.9696582 
554 136 18 22 0.95811737 
241 119 21 26 0.9014214 
800 144 19 22 0.72855735 
620 137 22 28 0.72138375 
586 152 19 25 0.47363758 
792 87 50 71 0.37853163 
595 145 16 26 0.29634315 
695 133 20 26 0.22321585 
603 146 15 24 0.115609884 
324 193 24 27 0.11524821 
771 266 32 43 0.091115564 
284 143 9 11 0.083879024 
621 130 17 22 0.08186986 
172 95 15 18 0.08184807 
189 100 13 17 0.080807865 
68 165 26 32 0.07762869 
611 152 14 18 0.071758024 
459 280 16 19 0.06865195 
634 136 17 22 0.06758683 
179 96 16 21 0.06740076 
403 143 11 15 0.061837096 
300 141 12 15 0.06019748 
309 149 9 12 0.06017319 
767 260 13 17 0.058458358 
319 164 13 18 0.057932865 
110 290 14 18 0.055197597 
616 264 11 13 0.055145424 
705 136 19 22 0.05253622 
714 135 16 22 0.044952866 
142 101 11 14 0.0426876 
612 162 13 18 0.041643225 
540 163 13 18 0.040295742 
631 257 11 14 0.037007518 
128 95 32 35 0.03672733 
304 155 11 15 0.03489469 
676 311 406 559 0.033999186 
504 118 10 14 0.033964645 
169 100 25 28 0.033006396 
697 377 26 36 0.03196587 
81 171 16 19 0.03167232 
779 274 18 23 0.030611822 
710 372 14 17 0.030580437 
766 257 24 34 0.02847581 
767 238 14 20 0.027961282 
103 284 26 30 0.026350593 
132 92 54 47 0.026026703 
841 140 17 19 0.025974795 
301 161 13 17 0.02528143 
69 183 16 19 0.02520117 
612 351 10 13 0.023134457 
179 113 17 20 0.021989267 
453 72 34 33 0.021424616 
317 165 22 27 0.02096388 
150 102 28 36 0.020904165 
764 188 11 14 0.020853255 
7 378 91 152 0.020791588 
489 122 26 34 0.020668838 
157 104 14 20 0.020370372 
