5_Car_Accident_Accident_5_388
20
136 159 21 26 0.9375884 
213 265 17 19 0.673559 
62 129 25 27 0.47946638 
252 248 16 19 0.4285046 
248 245 12 18 0.122277655 
58 125 19 24 0.079328075 
125 167 234 205 0.051592063 
208 262 14 18 0.05088642 
257 251 18 22 0.039165445 
555 130 15 20 0.03241734 
487 207 56 100 0.03172872 
158 363 11 14 0.029972438 
109 157 10 14 0.026769318 
52 132 17 24 0.025938952 
67 140 18 21 0.025714906 
222 291 26 35 0.024280498 
176 214 10 13 0.02404497 
15 41 385 455 0.023567682 
452 200 11 14 0.023112426 
221 301 15 21 0.020858243 
