5_Car_Accident_Car_Crash_5_574
127
778 149 30 40 0.99822944 
731 153 28 30 0.90662366 
539 359 43 65 0.6934937 
133 169 13 16 0.34024164 
212 139 24 36 0.31411323 
12 153 14 16 0.31061152 
353 163 16 21 0.25849736 
318 693 11 14 0.22413619 
421 137 15 19 0.17787188 
719 499 12 16 0.15745158 
191 139 39 45 0.14818673 
934 374 12 15 0.13917804 
630 483 13 17 0.11313958 
736 492 13 16 0.113067575 
138 94 8 11 0.1127248 
229 671 15 23 0.10813035 
310 719 10 13 0.077112354 
91 164 12 14 0.074903615 
348 710 9 13 0.07187577 
54 137 15 19 0.06840673 
255 673 13 16 0.0681824 
557 624 11 13 0.06733913 
233 678 16 22 0.06352028 
124 95 10 12 0.0625785 
4 57 15 19 0.053514212 
342 727 11 15 0.05299504 
358 697 11 16 0.050293885 
959 627 14 19 0.04566875 
980 644 37 52 0.045139734 
132 174 17 20 0.045114715 
919 366 10 12 0.044024177 
223 142 16 25 0.043656476 
743 151 21 26 0.04270964 
23 140 11 14 0.042510036 
414 139 16 21 0.04044309 
235 667 14 18 0.039620526 
689 477 18 22 0.03815216 
709 605 12 15 0.03782687 
375 693 10 11 0.036882162 
521 632 17 20 0.0367788 
109 141 15 19 0.036573406 
704 579 11 14 0.03611537 
11 179 12 15 0.035179317 
16 147 16 19 0.034939107 
173 128 20 36 0.032943517 
859 373 12 15 0.032939706 
356 197 140 173 0.032828018 
176 129 36 52 0.031457692 
916 751 16 17 0.03145424 
245 623 10 13 0.0312686 
995 575 11 14 0.030815704 
844 347 12 13 0.03075752 
366 402 14 16 0.03064613 
24 181 43 66 0.02963621 
748 733 14 19 0.02941537 
366 479 28 32 0.029180879 
693 726 10 15 0.029012233 
948 667 16 18 0.028716763 
547 616 50 69 0.028655138 
938 377 13 17 0.028019672 
47 141 12 14 0.027886765 
532 337 73 103 0.027831558 
312 550 10 14 0.027566459 
566 458 44 49 0.027524004 
644 491 13 17 0.02750993 
914 397 15 18 0.02742857 
710 598 10 12 0.027421713 
724 493 13 17 0.027165249 
241 675 14 17 0.026934326 
918 371 9 11 0.026682314 
58 142 15 19 0.026385423 
115 115 10 14 0.026372612 
555 349 11 16 0.02549734 
867 530 13 15 0.024978282 
497 704 69 55 0.024972172 
46 147 10 13 0.024939036 
696 644 8 10 0.024855385 
98 158 13 16 0.024758795 
1013 573 9 13 0.024659483 
972 520 8 10 0.02441616 
12 143 15 19 0.024128037 
813 479 8 11 0.024045125 
61 79 9 12 0.023988215 
888 521 7 9 0.023983054 
142 36 8 10 0.023702025 
324 693 12 15 0.0236823 
705 691 8 11 0.023603097 
366 692 11 12 0.023410467 
754 147 16 24 0.023410099 
759 148 22 33 0.023396922 
430 507 12 16 0.02318285 
791 414 10 13 0.023178771 
590 630 8 10 0.023100438 
909 424 9 11 0.023059415 
963 372 9 13 0.022996916 
663 486 14 17 0.022831822 
271 664 15 19 0.022742515 
896 398 10 12 0.022723783 
925 639 27 30 0.022600671 
646 703 54 52 0.022416232 
612 553 13 18 0.022335133 
343 713 12 15 0.022253191 
87 167 12 16 0.022243403 
229 664 13 18 0.022194378 
110 110 11 15 0.022178208 
560 567 10 15 0.022100395 
88 22 12 15 0.022090657 
692 471 14 17 0.021737648 
897 535 8 10 0.021540156 
952 516 9 11 0.021411289 
689 106 29 39 0.021269055 
636 487 15 19 0.021268137 
318 494 11 13 0.02102584 
318 718 10 13 0.021020561 
598 340 64 75 0.021008661 
421 503 17 21 0.02095519 
235 655 20 25 0.0208125 
421 670 10 12 0.020795304 
822 686 12 14 0.020688483 
50 178 15 22 0.020598538 
703 718 11 14 0.020459222 
765 381 9 11 0.020420102 
325 717 11 14 0.020353153 
554 621 10 14 0.020350827 
1006 591 10 14 0.02029008 
242 667 15 18 0.020039573 
331 693 13 15 0.020000558 
