5_Car_Accident_Accident_5_448
407
925 558 26 29 0.9925794 
292 390 15 19 0.9847787 
52 438 18 22 0.9818584 
803 432 16 27 0.9530626 
87 393 15 19 0.9111019 
702 406 16 20 0.82672703 
890 406 16 27 0.81818837 
230 374 13 16 0.7926733 
865 229 10 13 0.67305624 
261 348 15 18 0.55671567 
926 259 11 14 0.51170605 
174 283 10 11 0.4773381 
136 346 14 18 0.4593707 
966 245 10 12 0.406757 
252 618 27 29 0.2938584 
1000 203 10 13 0.27614415 
189 448 17 21 0.27266616 
741 473 13 19 0.25495145 
453 218 10 12 0.25305173 
751 450 26 31 0.2520208 
231 295 8 10 0.2482515 
16 341 10 12 0.24663304 
62 399 15 20 0.246122 
983 238 8 11 0.24265696 
312 260 9 12 0.24095468 
150 313 12 14 0.23121956 
919 230 12 14 0.22413069 
207 412 15 18 0.22342798 
981 318 12 14 0.20952338 
337 264 9 12 0.16140023 
394 438 13 16 0.15070872 
580 581 10 13 0.14863184 
926 235 11 14 0.14736153 
212 344 13 18 0.14390707 
77 373 10 13 0.14082016 
202 356 10 14 0.12909117 
10 361 14 18 0.12785755 
302 277 10 13 0.121873535 
936 211 11 15 0.11944324 
928 332 13 17 0.11447856 
131 433 11 16 0.114383295 
896 414 18 22 0.11373244 
324 267 10 13 0.11322793 
207 432 14 19 0.11184027 
180 448 17 19 0.109347574 
842 197 8 11 0.10436633 
143 329 11 15 0.096700564 
270 260 8 12 0.09601415 
225 295 9 12 0.095754474 
407 193 7 9 0.094390936 
156 435 19 29 0.09111407 
911 201 7 9 0.09027154 
929 196 8 9 0.09023186 
171 371 16 18 0.08869513 
448 240 9 10 0.08852109 
263 261 9 13 0.08819998 
194 267 10 13 0.08804084 
319 262 10 13 0.087869674 
54 373 10 12 0.08482372 
197 286 10 12 0.08425483 
941 207 9 12 0.08285766 
428 237 10 12 0.08072087 
114 426 15 18 0.078408316 
177 259 9 13 0.07805364 
355 247 7 10 0.076742634 
511 387 13 15 0.0752654 
745 458 22 31 0.075201266 
979 325 9 12 0.07488518 
46 382 11 15 0.07356502 
1006 360 18 31 0.072922476 
110 398 9 11 0.07166086 
255 223 10 12 0.07138329 
147 293 11 14 0.070942745 
112 224 10 13 0.06830334 
453 378 16 17 0.067948736 
208 292 9 12 0.06708437 
965 316 9 12 0.066485204 
158 427 15 17 0.06498798 
232 241 7 9 0.0646204 
372 231 9 11 0.064398125 
251 617 59 55 0.06405603 
270 294 12 14 0.06388274 
226 267 9 12 0.06349325 
254 270 10 13 0.06225217 
207 466 13 18 0.061803784 
242 610 27 38 0.061273586 
180 325 11 13 0.059995554 
335 236 9 10 0.058703613 
257 262 9 12 0.056025576 
408 542 23 29 0.055950005 
310 372 11 13 0.05539987 
301 208 9 12 0.054871388 
311 380 10 12 0.054153673 
270 338 13 18 0.05412093 
696 400 14 23 0.053955182 
516 404 10 12 0.05366395 
208 348 12 16 0.05341546 
299 212 7 10 0.05263248 
920 208 9 12 0.052549075 
180 253 10 14 0.051888064 
955 341 10 14 0.051772665 
175 343 10 12 0.05157246 
278 238 8 10 0.05059954 
495 405 10 12 0.05056007 
306 373 10 14 0.05010479 
263 286 10 12 0.049726743 
425 283 9 11 0.04966243 
982 241 10 14 0.049343344 
197 307 11 13 0.049214147 
450 261 13 17 0.048562232 
205 413 23 28 0.048419733 
198 334 12 15 0.04837232 
256 204 8 10 0.04786226 
121 343 9 13 0.047202617 
205 334 11 14 0.047011074 
295 261 10 11 0.046878107 
467 189 11 13 0.046448443 
311 397 11 15 0.0461422 
131 302 7 10 0.045771282 
238 239 8 11 0.044628613 
273 229 9 11 0.04447506 
287 223 8 10 0.04438372 
45 363 10 13 0.04397986 
104 397 10 13 0.043562427 
129 295 8 11 0.042951554 
934 197 7 10 0.0429006 
407 142 11 13 0.042848058 
413 284 9 12 0.042427555 
207 339 13 16 0.04131635 
161 230 9 12 0.041250426 
215 338 18 25 0.041095216 
837 429 14 18 0.041009594 
109 236 10 12 0.040637206 
275 334 13 18 0.040196393 
166 359 10 14 0.04017709 
254 254 9 11 0.04013667 
285 443 11 12 0.039991174 
635 449 14 23 0.03993888 
887 201 7 9 0.0398665 
174 445 14 19 0.039804213 
902 238 10 12 0.039727576 
182 246 8 10 0.039061774 
212 334 12 16 0.038754053 
262 229 8 10 0.03874318 
403 194 7 8 0.038360473 
185 215 7 10 0.037985954 
294 340 10 14 0.037554618 
227 332 12 15 0.03737392 
457 198 8 11 0.03709132 
964 273 13 18 0.036657114 
250 255 8 9 0.036565397 
401 237 8 10 0.03635344 
228 262 10 13 0.03634935 
110 310 8 10 0.0361194 
876 251 11 14 0.035487384 
511 394 13 17 0.035459757 
156 310 11 15 0.03511424 
293 319 14 18 0.034886505 
29 359 9 11 0.034775473 
254 302 9 12 0.034679256 
947 285 10 14 0.034675937 
345 338 11 14 0.034665715 
228 614 32 42 0.034630723 
872 246 11 14 0.03442338 
199 290 10 13 0.034389235 
238 205 11 14 0.034298386 
164 325 11 14 0.03397439 
293 299 12 14 0.033435434 
271 212 9 12 0.03320909 
415 189 8 10 0.033154678 
390 205 8 10 0.032932464 
250 271 8 11 0.032715857 
392 148 7 10 0.03254876 
309 309 10 13 0.032469124 
262 279 11 13 0.03238578 
385 240 9 11 0.032356244 
906 201 8 9 0.032303315 
961 283 10 13 0.03227945 
147 355 12 16 0.032278165 
926 212 9 12 0.032219622 
327 278 8 11 0.03181002 
934 269 11 13 0.031768028 
151 246 6 9 0.03170638 
223 191 9 11 0.03152561 
145 298 10 13 0.031472422 
375 213 8 10 0.03146489 
381 387 17 22 0.031262677 
735 467 15 24 0.031234886 
52 380 11 15 0.030992717 
919 277 10 13 0.030983748 
800 428 14 22 0.030658383 
982 330 11 14 0.030580452 
317 254 9 13 0.030462893 
316 368 10 12 0.030155359 
339 367 8 10 0.030032199 
191 217 7 8 0.029800227 
272 223 10 12 0.029796928 
239 279 9 12 0.029769724 
150 275 8 11 0.029695285 
931 237 10 13 0.029597659 
476 419 13 15 0.02957641 
525 364 12 17 0.029568153 
128 238 9 11 0.029555326 
85 453 12 14 0.029446859 
238 285 10 12 0.029427432 
627 546 53 47 0.029414069 
170 280 10 12 0.029384423 
73 344 11 13 0.029169839 
191 423 11 15 0.029144028 
303 331 14 18 0.029132726 
887 216 9 11 0.029073162 
147 324 13 18 0.029027255 
46 503 13 17 0.028872905 
303 309 12 13 0.028839871 
63 390 13 16 0.028736448 
149 289 9 10 0.028646147 
199 432 14 21 0.028541246 
271 206 9 12 0.028540986 
912 538 41 48 0.028515888 
598 666 13 14 0.028297875 
276 231 10 13 0.028235069 
177 331 9 13 0.028208612 
125 347 10 13 0.02807056 
86 425 14 18 0.02803192 
879 198 10 11 0.027748307 
180 341 10 14 0.027723478 
145 239 8 10 0.027548196 
114 256 8 9 0.027515262 
999 209 10 14 0.027491782 
166 236 10 12 0.027434185 
934 217 11 14 0.02732159 
894 263 11 13 0.027287398 
260 267 12 15 0.027277844 
105 303 8 10 0.027205681 
317 382 9 11 0.027172912 
109 402 11 14 0.027131485 
354 147 8 11 0.027129382 
296 453 10 12 0.027076276 
293 292 11 14 0.027033573 
133 245 10 12 0.027029948 
296 232 7 9 0.026840549 
223 300 10 11 0.02673344 
193 304 9 12 0.026498634 
222 213 8 10 0.026486197 
136 279 9 11 0.026317615 
79 368 11 14 0.02630155 
549 402 10 13 0.026266878 
37 543 12 14 0.026229987 
134 285 9 11 0.026228061 
342 199 8 10 0.026187973 
260 223 9 13 0.026128072 
223 278 9 12 0.026023852 
658 503 38 59 0.025986219 
917 239 12 16 0.025953481 
146 246 8 9 0.025947364 
478 423 22 26 0.025910446 
321 276 9 12 0.025813863 
340 268 9 12 0.02579396 
888 462 42 54 0.025630025 
903 244 9 12 0.02562324 
253 339 16 21 0.025266653 
833 517 16 20 0.025262816 
54 347 9 12 0.025230551 
228 342 14 20 0.025195092 
383 256 10 12 0.025192292 
309 337 11 17 0.025155455 
352 165 8 10 0.025047833 
159 357 11 15 0.025045348 
214 294 8 10 0.024961224 
820 188 9 12 0.024917535 
527 403 9 12 0.024777861 
100 323 13 17 0.024733879 
342 245 9 11 0.024695255 
77 432 14 19 0.024680926 
867 233 12 15 0.024679624 
610 529 49 50 0.024664609 
24 356 10 14 0.024641603 
122 427 18 23 0.024568992 
145 287 9 12 0.024555186 
156 189 10 13 0.024553882 
957 358 10 13 0.0245001 
38 632 9 12 0.024454512 
198 420 12 15 0.024362694 
791 615 13 18 0.024354687 
313 453 9 13 0.024241988 
231 223 9 11 0.024161665 
142 231 8 9 0.024161642 
63 381 12 13 0.024099758 
244 617 16 23 0.02407455 
134 239 8 11 0.023965068 
160 234 10 14 0.023913687 
975 332 10 13 0.023884038 
295 307 12 14 0.023845341 
292 329 14 20 0.023798613 
71 378 13 15 0.023792397 
925 207 9 12 0.02377511 
452 444 54 67 0.023763986 
39 479 28 46 0.023758437 
104 366 10 12 0.02372252 
244 332 13 18 0.023638913 
386 205 8 10 0.023621026 
395 410 18 20 0.023607066 
443 141 8 11 0.023602106 
254 452 10 14 0.023586685 
193 330 22 27 0.02357679 
150 241 7 10 0.023507264 
312 237 9 10 0.023487076 
356 322 13 19 0.023449 
447 199 7 10 0.023419432 
329 419 11 13 0.023403266 
341 238 10 12 0.02335822 
879 193 7 9 0.023355218 
223 325 14 16 0.023339933 
115 294 7 11 0.023338566 
927 265 12 14 0.023205059 
314 215 7 8 0.023122475 
180 284 10 12 0.02304267 
190 337 13 17 0.023022024 
452 365 13 17 0.023017751 
914 237 10 14 0.02297889 
639 441 24 28 0.022953311 
348 320 15 18 0.022865424 
247 262 7 10 0.022703718 
7 143 9 13 0.022576349 
29 386 11 14 0.022552919 
343 321 13 16 0.022525774 
299 315 14 17 0.022510974 
225 240 9 11 0.022479896 
279 222 9 12 0.022441233 
259 323 13 15 0.022436464 
462 196 10 12 0.022422481 
869 224 11 15 0.022409493 
86 365 9 14 0.022403875 
492 408 14 16 0.02237293 
479 252 11 15 0.022245295 
816 539 26 31 0.022168674 
197 415 33 44 0.022166774 
277 453 10 13 0.022158276 
104 279 8 11 0.022132898 
146 316 10 12 0.022021916 
735 437 11 14 0.021939127 
202 207 7 8 0.021890363 
236 292 10 13 0.021875931 
214 287 8 12 0.021863345 
307 277 10 13 0.021740742 
182 240 8 10 0.021706395 
103 403 12 16 0.021663373 
894 493 44 50 0.021646818 
336 200 8 10 0.021636358 
197 427 13 18 0.02158977 
1 303 12 19 0.021575203 
965 323 10 13 0.021560403 
970 267 11 15 0.02155648 
50 492 32 31 0.021516336 
333 491 17 23 0.021497803 
297 358 11 13 0.021485178 
112 262 10 12 0.021474272 
959 231 9 11 0.021472331 
360 299 9 12 0.02145413 
450 278 9 12 0.021441571 
293 434 12 15 0.021416908 
281 406 10 13 0.021362644 
103 382 10 12 0.0213587 
357 145 8 11 0.02134721 
272 199 9 11 0.02130553 
215 277 9 11 0.021259656 
853 198 9 11 0.021243494 
912 243 10 14 0.021217017 
200 412 14 17 0.021182727 
941 270 10 12 0.021069082 
293 287 10 13 0.02101017 
937 247 9 11 0.020974074 
154 230 8 10 0.020947255 
956 346 11 16 0.020933868 
49 374 11 12 0.0209335 
199 279 9 12 0.02091628 
102 410 12 15 0.020903815 
916 231 19 21 0.02089387 
862 294 11 13 0.020833392 
274 344 14 19 0.020826524 
232 254 8 11 0.020778414 
254 215 10 13 0.020751545 
116 261 10 11 0.020737823 
406 174 9 10 0.020716432 
209 330 20 27 0.020676145 
293 470 16 24 0.020660149 
1000 231 8 10 0.020612705 
206 362 11 14 0.02059623 
57 397 12 17 0.020518912 
249 276 9 12 0.020518808 
54 316 9 12 0.020491866 
277 366 13 16 0.020478293 
969 264 10 12 0.020454286 
596 520 34 53 0.020438671 
259 613 18 22 0.020423038 
106 238 9 12 0.020379508 
147 348 12 16 0.020348988 
294 346 11 14 0.020334914 
463 265 232 329 0.020315101 
591 473 13 19 0.020308502 
351 161 8 10 0.020255892 
77 396 12 16 0.020245697 
891 399 15 19 0.020179773 
815 236 13 16 0.020171098 
214 326 10 14 0.020170305 
975 244 11 14 0.020019569 
424 220 10 12 0.020002943 
