5_Car_Accident_Car_Crash_5_51
38
771 269 18 21 0.9888148 
745 268 15 21 0.21106464 
275 241 13 16 0.20254953 
707 258 15 17 0.17533341 
684 410 47 53 0.15552725 
341 397 218 253 0.08887392 
548 289 45 56 0.0827351 
761 291 9 12 0.08237509 
518 236 11 13 0.07333649 
785 366 11 14 0.07106161 
833 246 10 12 0.058189332 
760 228 11 15 0.042382848 
757 388 28 35 0.040630464 
4 147 360 491 0.03428217 
787 370 11 14 0.033774745 
835 620 8 11 0.03195394 
124 214 206 288 0.030753113 
607 347 51 58 0.030054528 
774 684 53 49 0.027869785 
755 401 33 41 0.02763416 
593 212 14 17 0.026683066 
773 253 12 15 0.026406512 
755 267 13 20 0.026001379 
702 264 14 19 0.02464301 
272 248 14 19 0.022684919 
701 272 12 17 0.0224514 
670 366 25 33 0.022232814 
291 224 8 10 0.021843938 
709 258 23 28 0.021468563 
316 282 226 266 0.021467917 
259 245 11 14 0.02101532 
423 253 233 287 0.021004727 
624 203 13 16 0.02091963 
733 272 18 19 0.020855883 
261 234 13 15 0.020660466 
563 297 54 69 0.020548046 
109 222 10 13 0.020434141 
945 694 10 12 0.020063499 
