5_Car_Accident_Accident_5_628
103
266 278 27 34 0.9959364 
176 218 23 32 0.9922416 
156 311 29 40 0.9846214 
230 235 22 28 0.9632804 
439 189 21 28 0.94616574 
377 149 22 29 0.9302115 
856 204 22 29 0.9183497 
75 216 25 29 0.85857505 
328 217 22 27 0.8337301 
44 152 19 23 0.75579584 
915 238 21 27 0.7430642 
284 174 18 24 0.65996224 
846 324 30 36 0.6545814 
936 290 26 31 0.47350472 
413 93 23 31 0.3450053 
0 238 15 36 0.30831885 
576 25 25 37 0.29462314 
583 274 32 37 0.28834808 
832 321 49 59 0.16865435 
527 356 22 28 0.14849176 
381 204 25 32 0.1473283 
799 266 40 48 0.12782611 
901 218 22 24 0.12125537 
377 90 27 31 0.11722183 
1008 101 15 24 0.11117011 
276 230 15 18 0.10782888 
942 333 25 39 0.10138514 
534 350 22 27 0.09651241 
849 303 27 33 0.08330181 
513 364 24 26 0.08281595 
329 200 27 37 0.06426228 
742 372 54 84 0.061601814 
225 286 29 34 0.055213142 
374 53 29 34 0.05259696 
372 92 17 20 0.04703223 
388 59 15 20 0.04660126 
39 148 16 22 0.046372745 
188 273 31 37 0.044715084 
94 347 33 35 0.043073483 
853 277 26 33 0.042616654 
882 342 35 43 0.04213835 
388 186 40 51 0.04153668 
99 325 32 38 0.041394405 
542 341 27 28 0.0413658 
928 293 21 30 0.040802125 
202 101 28 40 0.04027724 
24 195 13 15 0.03986056 
909 224 23 29 0.03718313 
39 184 16 22 0.03707252 
278 128 16 20 0.036430694 
391 323 98 121 0.036327224 
337 191 25 31 0.03505148 
98 354 19 21 0.03476603 
799 193 25 30 0.03474772 
863 332 41 58 0.03425519 
403 182 26 29 0.033679254 
490 389 19 23 0.032353345 
822 385 51 68 0.030442448 
338 382 27 28 0.02993913 
329 185 24 32 0.029714463 
895 217 16 21 0.02962908 
966 508 10 12 0.029164232 
927 418 13 14 0.028374285 
905 197 26 29 0.027756846 
272 234 24 26 0.027727604 
3 163 16 20 0.02708195 
922 304 16 22 0.026778279 
698 316 24 32 0.026752857 
286 167 14 16 0.026403312 
1002 267 20 39 0.026354374 
350 85 9 13 0.026273895 
821 286 27 37 0.026061362 
916 229 14 16 0.025048545 
738 336 32 35 0.024798917 
518 362 32 37 0.02467376 
387 104 17 21 0.02454639 
311 145 30 39 0.024500672 
370 116 52 62 0.024183014 
24 150 21 30 0.02417983 
178 198 18 22 0.0241648 
743 288 28 29 0.024085313 
785 215 10 13 0.023865111 
301 246 11 15 0.023714243 
956 329 30 43 0.023604838 
9 150 27 35 0.023522351 
736 254 11 13 0.023433978 
813 237 22 25 0.023298608 
954 523 13 15 0.022949405 
242 102 23 29 0.022854857 
726 335 28 36 0.022077605 
362 55 30 38 0.022057462 
931 615 19 18 0.021421975 
573 26 16 22 0.021419322 
279 182 15 21 0.021340696 
268 149 12 16 0.021264607 
839 295 25 36 0.02087688 
221 293 19 23 0.020481158 
851 339 20 23 0.02042894 
31 267 25 28 0.020262491 
739 187 36 47 0.020163395 
807 314 83 98 0.020159565 
966 490 13 15 0.020117586 
903 495 25 27 0.020111993 
