5_Car_Accident_Accident_5_777
43
501 143 23 26 0.9523089 
758 148 14 18 0.95075226 
825 150 15 18 0.87646645 
634 148 19 22 0.7655006 
796 148 11 15 0.65429276 
524 147 13 17 0.13397802 
597 170 12 14 0.13098285 
883 160 16 19 0.11384681 
725 168 14 16 0.10681968 
950 171 14 15 0.09513614 
376 225 13 16 0.08292751 
977 253 16 21 0.065498985 
381 293 429 551 0.05978743 
629 154 23 27 0.05016855 
959 252 12 14 0.046156745 
592 166 13 16 0.039717913 
628 171 16 18 0.03924449 
891 170 15 18 0.03716036 
1013 252 11 18 0.036181442 
515 144 20 25 0.034938473 
904 211 11 15 0.03251032 
486 77 398 432 0.030299004 
889 157 15 18 0.029900514 
641 142 17 23 0.029830007 
747 160 14 18 0.02808339 
886 199 20 27 0.027430758 
417 472 260 213 0.027137302 
954 166 13 16 0.026491983 
750 153 13 20 0.02599966 
944 171 13 15 0.025958484 
242 261 12 15 0.0259252 
963 247 11 14 0.025620827 
979 231 12 14 0.024530308 
551 157 10 12 0.024429932 
779 141 12 15 0.023716772 
866 216 31 41 0.02362008 
899 163 14 19 0.023520315 
380 235 14 15 0.022762071 
780 147 13 17 0.021940844 
771 147 15 18 0.021375809 
648 146 15 22 0.020718994 
154 369 93 114 0.020677269 
815 152 13 19 0.020062413 
