5_Car_Accident_Car_Crash_5_279
23
341 6 30 35 0.97138005 
249 17 26 31 0.1740464 
656 343 34 43 0.15571561 
969 447 10 12 0.09462818 
235 402 191 241 0.06405716 
435 125 132 165 0.0631208 
438 286 39 52 0.035155017 
275 245 47 59 0.034153346 
188 165 228 212 0.029667018 
731 314 46 60 0.028284283 
407 138 100 129 0.025910921 
660 339 14 17 0.025498634 
459 94 179 249 0.025026256 
401 -3 49 46 0.024468295 
846 333 44 60 0.024009617 
332 80 224 279 0.023625702 
131 289 350 465 0.0228451 
243 251 52 64 0.022061402 
228 210 111 117 0.02205761 
552 344 44 49 0.021233145 
284 247 25 35 0.020418478 
187 35 383 490 0.02017205 
635 320 53 68 0.020048251 
