5_Car_Accident_Accident_5_937
40
727 127 34 46 0.7012341 
152 1 25 36 0.69997454 
538 48 16 20 0.20793603 
823 101 27 34 0.12211636 
662 205 13 17 0.1205004 
739 419 95 110 0.1191686 
409 2 23 28 0.111068964 
883 0 33 32 0.09109936 
646 1 28 32 0.09071074 
734 147 42 40 0.08340976 
151 -1 12 14 0.06252772 
517 51 12 16 0.051103592 
125 52 11 14 0.050555922 
713 471 147 131 0.046935346 
188 67 15 19 0.046542354 
687 59 12 16 0.043721594 
832 35 21 26 0.0420611 
748 0 33 27 0.0384373 
502 52 10 13 0.038430355 
657 45 14 18 0.038261086 
532 468 29 36 0.03356448 
505 394 14 17 0.03337503 
413 56 13 16 0.0327124 
151 2 16 22 0.030802144 
64 140 102 101 0.030074747 
533 588 46 32 0.029095337 
4 54 15 20 0.028229678 
109 62 9 11 0.028131181 
541 -3 22 19 0.025967406 
21 50 13 16 0.022793723 
0 101 10 19 0.022425096 
147 49 16 19 0.022265695 
686 -2 27 24 0.022052469 
496 347 11 14 0.021962078 
125 280 420 468 0.021953538 
124 28 16 18 0.021492396 
7 73 15 19 0.021473393 
517 46 21 26 0.021230264 
643 593 34 28 0.021019869 
492 107 21 27 0.020694101 
