5_Car_Accident_Accident_5_633
42
243 279 15 25 0.96699774 
102 79 59 116 0.93451434 
161 285 15 23 0.8070508 
452 456 80 62 0.75856745 
615 287 36 41 0.45413694 
643 220 31 45 0.40320703 
491 277 40 41 0.31533572 
633 283 30 40 0.2290392 
669 276 33 46 0.102626525 
259 477 42 45 0.10046735 
509 270 48 54 0.08584472 
417 297 10 11 0.076425314 
424 447 100 115 0.07173954 
552 270 13 17 0.06316346 
298 834 14 17 0.054879796 
853 326 15 16 0.052967254 
84 222 47 72 0.04831802 
816 320 9 12 0.044698887 
325 828 14 17 0.04354015 
429 278 9 12 0.04248972 
168 285 16 23 0.039799616 
661 279 23 38 0.032423653 
438 430 61 75 0.03208682 
544 263 25 32 0.031197565 
1009 473 13 19 0.030595703 
440 410 167 193 0.028797237 
1 1063 45 87 0.028286578 
945 560 59 91 0.028220423 
624 290 21 25 0.02771634 
536 257 40 53 0.027704658 
398 284 14 19 0.027584407 
505 475 109 134 0.027415914 
269 778 431 522 0.027248885 
433 873 486 485 0.025634337 
996 473 26 40 0.02359398 
81 115 65 90 0.022479821 
665 358 39 49 0.022086835 
254 460 36 41 0.021198772 
678 280 47 59 0.021073014 
346 819 11 15 0.021024525 
727 317 11 15 0.020583296 
323 282 379 450 0.020280525 
