5_Car_Accident_Accident_5_34
32
761 66 24 31 0.9806652 
608 59 20 29 0.9540887 
690 49 20 25 0.8996704 
526 69 13 18 0.89747 
693 35 50 57 0.34931225 
446 232 47 75 0.28753906 
707 22 33 36 0.2019099 
571 226 91 116 0.16950522 
700 43 30 34 0.07648708 
595 110 26 35 0.07347802 
895 255 23 32 0.044051528 
563 4 18 23 0.042963278 
985 76 36 61 0.03918259 
592 7 35 43 0.03683204 
878 18 22 28 0.03641353 
892 4 11 12 0.02962014 
420 246 59 79 0.029400125 
645 0 21 24 0.029150978 
630 1 22 26 0.025960274 
880 4 29 38 0.02480286 
407 62 11 14 0.02354112 
-76 212 553 463 0.023395443 
521 69 12 16 0.023376165 
698 11 33 38 0.023135252 
95 77 10 13 0.0227856 
707 19 18 20 0.022053106 
378 20 10 13 0.021987237 
457 376 9 12 0.021785114 
175 245 198 230 0.021191683 
672 10 13 16 0.021143926 
367 33 7 10 0.02044805 
679 33 10 12 0.020344352 
