56_Voter_peoplevoting_56_663
51
490 294 48 62 0.997561 
835 48 67 91 0.99368733 
667 142 45 50 0.9816643 
341 206 46 48 0.90207887 
197 198 12 17 0.66941804 
106 226 9 13 0.10123164 
95 147 10 12 0.07660425 
-29 277 428 597 0.0732644 
71 219 11 14 0.068753034 
316 181 12 14 0.065511234 
428 281 28 34 0.06069843 
444 154 12 15 0.058547262 
283 189 11 13 0.056213245 
1 219 9 14 0.048784386 
150 136 41 56 0.047036048 
7 221 11 14 0.046312664 
3 53 8 13 0.041676927 
620 267 15 21 0.038967684 
182 188 13 15 0.03851378 
16 237 10 13 0.035242755 
477 210 17 20 0.0347309 
636 172 9 11 0.03056608 
12 223 9 13 0.030548211 
154 170 13 17 0.029142939 
4 237 10 14 0.028844457 
306 178 35 48 0.028835768 
248 220 12 14 0.028512344 
44 222 10 12 0.027820412 
68 261 11 14 0.02744236 
67 252 11 14 0.026713252 
950 460 58 62 0.02645105 
674 112 27 33 0.026428772 
506 210 15 18 0.025502633 
88 261 11 13 0.025365546 
121 410 436 341 0.025211817 
39 227 11 14 0.025025863 
326 213 33 43 0.024905426 
716 74 30 35 0.023627223 
14 227 10 14 0.022692328 
429 280 17 20 0.022089416 
54 244 13 19 0.022075117 
161 210 18 21 0.021965249 
61 244 13 18 0.02181268 
709 254 11 13 0.02180081 
306 210 31 40 0.021723554 
65 267 10 13 0.02123261 
261 211 13 15 0.020966941 
310 175 22 26 0.020649627 
37 105 8 11 0.020576378 
209 182 9 12 0.020322183 
246 163 29 36 0.020097606 
