56_Voter_peoplevoting_56_528
66
903 237 60 68 0.9955778 
621 131 31 41 0.99402785 
457 186 37 42 0.97775024 
179 64 17 25 0.96642345 
484 27 17 23 0.9379621 
518 150 33 41 0.93627614 
260 64 17 27 0.90106356 
320 61 18 23 0.89124286 
420 48 15 24 0.8823898 
935 90 14 21 0.6974619 
785 124 22 25 0.5367936 
647 70 33 39 0.51131034 
527 242 47 36 0.49675402 
915 73 17 21 0.47661328 
695 89 21 26 0.3591971 
781 41 15 22 0.33835468 
894 62 13 17 0.28933972 
618 57 19 29 0.25637093 
843 98 19 22 0.25465155 
612 64 15 20 0.22853237 
520 226 31 55 0.20177229 
84 78 15 24 0.14182946 
797 402 26 28 0.12513448 
894 65 20 26 0.105787374 
909 66 14 18 0.10539015 
217 276 16 18 0.084206894 
686 75 42 51 0.07972624 
687 92 17 21 0.065100215 
835 84 30 37 0.055842508 
837 103 18 21 0.052485924 
389 50 16 20 0.043440793 
928 89 15 22 0.039602462 
625 53 24 33 0.038973164 
393 57 18 19 0.038481504 
239 67 14 18 0.03812132 
587 57 15 19 0.03783289 
435 38 19 24 0.035949912 
786 45 15 23 0.035438046 
16 139 40 57 0.033673093 
605 69 18 20 0.033240795 
540 54 15 17 0.032278858 
220 44 23 31 0.03197438 
659 73 36 49 0.03128784 
343 54 26 29 0.031114854 
704 83 27 36 0.0307778 
425 43 16 24 0.030626925 
657 75 20 23 0.029263869 
768 113 26 33 0.028451089 
354 20 26 32 0.02769424 
764 110 18 22 0.02736368 
889 65 14 18 0.02664958 
914 60 16 18 0.026433261 
405 50 15 21 0.026206655 
589 180 41 52 0.024195146 
547 51 14 17 0.0238759 
245 68 14 18 0.023576869 
574 139 22 26 0.022873163 
408 46 21 28 0.022576833 
-74 333 333 505 0.02208564 
671 11 26 37 0.021890841 
893 58 36 47 0.020963686 
761 142 44 64 0.02063329 
842 111 17 19 0.020625107 
584 53 13 18 0.020361533 
835 114 16 19 0.020119902 
775 112 37 48 0.020015853 
