56_Voter_peoplevoting_56_459
32
241 87 36 52 0.9975223 
740 91 39 46 0.99099535 
866 89 33 44 0.9856653 
353 77 27 44 0.9394144 
633 97 37 38 0.48221332 
495 80 20 37 0.47372702 
86 46 20 34 0.4488724 
122 38 27 36 0.4373595 
966 156 22 27 0.10801524 
377 148 46 42 0.095071 
814 136 14 20 0.0931721 
618 91 20 33 0.05433227 
91 52 35 44 0.054095596 
334 86 40 41 0.05316817 
860 71 30 49 0.05241345 
805 180 31 39 0.0430223 
371 118 42 52 0.03906945 
102 86 48 55 0.035470385 
804 208 13 16 0.033845488 
106 47 34 38 0.031460494 
763 140 16 22 0.030814672 
47 270 12 15 0.030440753 
322 91 34 38 0.027466798 
553 159 31 50 0.025782133 
95 68 39 44 0.02478284 
604 85 26 34 0.024574859 
829 316 23 24 0.023272948 
542 115 13 15 0.02272051 
885 91 29 34 0.022323726 
504 81 39 47 0.022077035 
360 139 46 54 0.021017 
765 42 233 265 0.020384425 
