56_Voter_peoplevoting_56_370
30
208 572 127 159 0.99934477 
271 358 91 135 0.998492 
391 280 35 45 0.9963792 
446 335 48 64 0.99063194 
72 608 46 57 0.46433434 
198 366 46 58 0.34096038 
450 671 48 55 0.13393335 
490 308 45 57 0.12538444 
481 325 46 64 0.08466825 
363 639 32 49 0.076710686 
980 120 37 50 0.058968317 
543 346 40 48 0.055112213 
122 512 395 469 0.04058866 
595 461 25 36 0.0359175 
627 197 17 22 0.033462234 
749 374 57 69 0.032803394 
504 241 32 39 0.031531595 
213 348 91 119 0.031257115 
473 670 29 43 0.03052443 
532 859 35 44 0.030226082 
475 173 12 14 0.026540725 
553 354 20 24 0.022882061 
512 335 45 55 0.022591818 
216 1102 169 152 0.022417175 
705 132 29 33 0.022189667 
60 598 28 37 0.021368524 
430 648 53 68 0.021182602 
528 276 23 28 0.02115472 
861 1329 57 53 0.020147417 
-41 953 528 434 0.020022169 
