56_Voter_peoplevoting_56_260
35
910 428 29 39 0.99786276 
275 157 38 45 0.99605596 
930 318 27 35 0.9955368 
847 418 28 35 0.9946964 
946 219 26 34 0.99360895 
857 217 28 35 0.9935644 
838 322 27 35 0.9934062 
470 133 39 48 0.9904158 
42 312 27 35 0.9900581 
930 123 26 33 0.9817375 
25 212 30 39 0.9718893 
55 38 32 43 0.9244721 
0 416 18 35 0.90996116 
689 154 44 45 0.87857217 
850 28 29 36 0.85906833 
65 119 27 33 0.8088232 
1004 431 20 36 0.63263357 
996 341 21 28 0.3474631 
679 208 22 30 0.13279304 
79 300 20 29 0.05445119 
573 619 14 18 0.0393683 
487 101 44 56 0.036547273 
854 16 53 62 0.032933045 
362 538 11 16 0.031521026 
322 208 24 31 0.029603513 
701 157 15 17 0.026976112 
686 174 31 34 0.02691981 
716 589 9 10 0.026526265 
432 92 40 49 0.02438569 
838 7 50 61 0.023978848 
247 153 41 53 0.02205403 
230 156 38 49 0.0217326 
680 187 28 35 0.021468172 
348 518 11 15 0.021404456 
682 186 16 21 0.02104214 
