56_Voter_peoplevoting_56_902
25
708 182 157 230 0.99645174 
574 234 102 141 0.555926 
126 186 58 79 0.19102342 
518 160 172 245 0.092824124 
23 112 61 82 0.08317342 
569 170 22 29 0.05976332 
3 45 392 410 0.04072819 
-1 170 45 92 0.039286256 
359 78 54 78 0.03755236 
889 442 119 182 0.03605868 
87 179 29 38 0.031603407 
284 40 424 462 0.0294648 
341 60 87 140 0.029074075 
912 262 100 135 0.025756095 
91 162 41 57 0.02511526 
313 110 37 59 0.023938444 
602 203 45 54 0.023356868 
109 155 103 136 0.022862885 
447 155 36 44 0.022161955 
966 102 25 27 0.021680867 
173 183 201 249 0.021309992 
85 126 235 271 0.021003498 
636 154 158 250 0.020268047 
600 217 56 72 0.020240966 
366 72 35 51 0.020232541 
