56_Voter_peoplevoting_56_558
257
645 279 57 78 0.9987437 
400 259 43 88 0.9582863 
835 278 19 27 0.9263574 
893 425 11 14 0.6481239 
926 384 8 12 0.41135123 
912 416 9 12 0.30878818 
627 414 7 10 0.2988939 
597 424 8 11 0.28294083 
904 349 10 13 0.27977413 
516 384 9 10 0.19499356 
886 381 10 13 0.1940226 
576 398 9 11 0.19000171 
586 412 8 11 0.17445642 
959 336 9 11 0.16705972 
135 394 7 9 0.16105254 
920 401 8 10 0.15930255 
489 418 9 12 0.15395863 
539 384 11 13 0.14726698 
942 368 8 11 0.1427007 
938 369 7 9 0.1379123 
95 369 9 11 0.13750026 
936 102 10 13 0.13498382 
917 371 9 11 0.13236633 
568 401 7 9 0.12801719 
63 365 10 12 0.115930766 
10 7 40 50 0.11167983 
944 384 9 11 0.10148448 
572 383 9 12 0.09660012 
559 422 7 10 0.09313508 
902 319 8 12 0.092758074 
526 461 11 14 0.090259574 
896 298 10 14 0.09021227 
943 338 11 14 0.08887248 
492 415 10 13 0.08702173 
103 350 10 13 0.08572021 
942 300 8 12 0.08540564 
617 148 9 11 0.08210307 
115 366 8 11 0.08020872 
909 76 13 17 0.0779515 
885 375 10 13 0.07738906 
946 67 9 12 0.076851144 
183 379 12 15 0.07669646 
934 336 9 12 0.076519415 
193 358 8 11 0.072644204 
849 124 8 10 0.072567955 
949 385 7 10 0.07195086 
593 380 8 10 0.07035529 
518 399 9 11 0.06874759 
627 132 8 12 0.0677942 
562 373 7 10 0.06774094 
47 396 9 10 0.066427946 
134 374 8 10 0.06289948 
517 405 9 12 0.061881397 
895 399 7 9 0.059769567 
149 342 9 13 0.05890817 
911 71 11 14 0.05882406 
903 324 9 11 0.05815394 
963 381 8 10 0.057817996 
930 65 7 9 0.05734081 
407 136 8 10 0.05679063 
920 319 8 11 0.05667814 
226 361 7 9 0.05637169 
766 126 7 10 0.05183724 
983 86 6 10 0.05118632 
958 111 10 13 0.050894182 
130 392 8 10 0.050787456 
883 318 10 13 0.04956571 
250 327 8 11 0.04869974 
915 78 13 15 0.048546746 
86 366 9 11 0.048245933 
910 334 7 10 0.0474663 
887 388 9 11 0.04730322 
214 396 7 10 0.047126826 
158 382 7 10 0.046750482 
192 398 8 11 0.046323393 
152 396 9 11 0.045615725 
148 407 9 11 0.045436163 
650 407 8 10 0.045326814 
838 79 8 11 0.045162294 
977 112 8 11 0.0447316 
109 385 8 10 0.044693235 
928 281 8 10 0.043271273 
950 334 10 13 0.042857703 
191 351 9 10 0.041994058 
250 333 8 11 0.041588668 
38 368 7 10 0.041296124 
518 388 9 11 0.040516336 
169 343 8 11 0.0405133 
103 390 8 10 0.039953187 
98 391 8 11 0.039442103 
968 327 9 11 0.039076142 
629 128 9 12 0.038761433 
589 408 8 11 0.038694814 
555 345 7 9 0.03840255 
518 412 8 11 0.038199 
952 285 8 9 0.03818202 
146 348 8 10 0.037913453 
193 317 9 10 0.037889507 
105 383 9 10 0.037619896 
109 344 8 9 0.037136853 
941 105 10 13 0.03681505 
210 342 7 10 0.036617503 
960 376 9 11 0.03660257 
889 406 10 13 0.03637903 
920 84 11 13 0.036315363 
277 138 10 12 0.036035363 
211 422 9 11 0.035923887 
810 107 9 12 0.035753604 
6 390 7 9 0.035577547 
6 385 7 10 0.03521739 
886 412 10 13 0.03496703 
23 377 8 10 0.034918677 
887 358 8 10 0.03490186 
217 372 7 10 0.03469877 
877 111 9 11 0.03457772 
618 369 8 10 0.034407448 
45 410 9 12 0.034274243 
602 408 7 9 0.03427243 
554 329 8 10 0.034174588 
615 412 9 10 0.034021057 
968 56 7 9 0.03396794 
121 358 8 10 0.033773676 
472 226 31 50 0.033361387 
557 429 10 13 0.032531343 
879 309 11 14 0.03249296 
408 140 9 12 0.032451604 
771 151 8 11 0.032320224 
145 373 8 10 0.03231627 
215 325 7 10 0.032287456 
897 323 8 12 0.03180267 
637 150 9 11 0.03166873 
152 336 7 9 0.030733656 
559 329 7 9 0.030517595 
985 57 8 10 0.030509239 
914 301 8 11 0.030485265 
931 336 7 10 0.030287901 
1012 367 9 13 0.030268805 
202 377 8 10 0.030010518 
876 403 10 13 0.029853089 
763 120 7 10 0.029677527 
598 415 10 13 0.029650858 
599 383 7 10 0.029096292 
950 325 8 11 0.02903543 
937 383 8 11 0.028637959 
739 126 7 8 0.028568834 
560 416 8 12 0.028320963 
46 376 8 11 0.02827718 
23 358 8 10 0.027916744 
58 363 9 12 0.027822929 
176 334 7 9 0.027761517 
126 341 7 9 0.027688526 
566 319 9 12 0.027401881 
595 133 8 10 0.027204001 
951 388 9 11 0.027203446 
924 81 9 11 0.02719985 
122 336 8 10 0.02713097 
533 411 9 12 0.027082616 
929 367 8 10 0.026966235 
834 102 8 10 0.026949218 
433 136 8 11 0.02667612 
584 360 7 9 0.026611673 
797 119 8 10 0.026516123 
1005 94 8 11 0.02650913 
472 408 10 13 0.026339546 
561 367 8 11 0.02633873 
878 302 10 13 0.026290575 
927 295 8 11 0.02628815 
965 334 9 11 0.026249042 
911 111 9 13 0.026083702 
885 323 9 12 0.026074402 
928 413 9 13 0.025928553 
574 388 10 12 0.025885155 
159 397 9 11 0.025853071 
128 83 98 99 0.025681479 
15 408 8 11 0.025577951 
912 318 8 11 0.025514938 
457 96 8 9 0.025448553 
196 359 9 11 0.02511363 
545 302 10 12 0.025103029 
424 112 7 9 0.02499709 
877 422 10 13 0.024934202 
390 130 7 9 0.024904944 
895 357 10 13 0.024800729 
514 387 9 11 0.024722612 
227 318 9 12 0.024669312 
695 137 8 9 0.024573008 
742 127 8 9 0.024523841 
813 103 9 13 0.024432648 
882 356 7 10 0.024384543 
798 126 8 10 0.024380013 
898 349 11 13 0.024323955 
952 369 7 9 0.024266018 
31 384 7 10 0.024237556 
781 119 8 11 0.024217827 
606 406 8 11 0.02408615 
894 375 8 11 0.02407975 
567 415 7 11 0.02403983 
607 398 8 10 0.024032116 
122 352 8 11 0.024015702 
82 383 8 10 0.023712303 
888 421 12 15 0.023641117 
965 96 9 10 0.023580173 
3 388 7 10 0.023494843 
173 341 8 12 0.023455428 
881 335 8 11 0.023403296 
192 328 8 9 0.023290655 
25 392 7 8 0.023159495 
983 102 7 10 0.02314713 
565 373 9 12 0.023086388 
962 309 9 12 0.02299166 
86 384 7 9 0.022969257 
464 94 8 10 0.022952953 
768 93 9 10 0.022950677 
529 361 7 10 0.022883043 
117 400 8 10 0.022830652 
345 111 6 8 0.022579363 
336 130 7 9 0.02254782 
933 415 11 13 0.022506783 
563 400 7 10 0.022454673 
998 364 7 10 0.022444434 
359 122 7 9 0.022283979 
510 376 9 11 0.022214234 
950 426 8 10 0.022163304 
695 140 9 11 0.022096002 
482 357 8 12 0.022093488 
955 397 7 11 0.022059621 
215 349 8 11 0.022054283 
473 125 9 11 0.02204351 
66 372 8 10 0.022012096 
750 127 8 10 0.021918917 
450 137 7 9 0.021663548 
922 323 7 11 0.021525444 
127 359 7 9 0.021459589 
477 119 9 12 0.021425027 
991 56 8 11 0.021393592 
927 356 10 12 0.021296132 
916 414 11 13 0.021219837 
921 101 8 10 0.02117798 
933 64 8 10 0.021170571 
898 143 9 12 0.021121698 
513 400 9 11 0.021112949 
729 92 9 12 0.021073783 
935 319 9 12 0.021050047 
487 377 8 10 0.020808365 
239 319 8 10 0.020703578 
537 127 8 10 0.020684639 
561 361 6 9 0.020613493 
880 75 9 12 0.02054392 
391 149 8 10 0.020517591 
181 365 9 10 0.020511277 
528 424 8 10 0.02048399 
196 397 9 11 0.020475956 
104 374 8 11 0.020287674 
86 342 8 10 0.020197662 
955 117 10 13 0.020081121 
593 426 8 12 0.02007372 
22 365 9 11 0.02001673 
