56_Voter_peoplevoting_56_268
242
244 279 32 38 0.99541795 
390 252 31 40 0.9822626 
742 228 26 34 0.98163456 
804 218 24 31 0.95378923 
864 232 21 26 0.9418496 
473 219 24 29 0.9354467 
661 219 25 34 0.9099431 
334 230 22 29 0.8678145 
300 213 14 16 0.8251751 
514 212 15 19 0.8174954 
411 195 13 17 0.7696486 
632 192 17 20 0.7644631 
136 216 23 27 0.7474426 
111 183 11 14 0.6986742 
415 224 22 28 0.6718127 
277 182 17 22 0.6501719 
391 183 14 19 0.64695287 
369 179 11 14 0.64651436 
678 193 14 18 0.63133305 
358 202 12 15 0.59786457 
76 183 10 13 0.55577946 
126 190 12 15 0.5189548 
262 224 21 24 0.50343484 
23 181 13 16 0.4806583 
596 209 12 15 0.3677088 
119 213 13 17 0.28492594 
245 186 11 14 0.21343237 
566 182 9 12 0.21132503 
557 197 11 14 0.17202282 
239 182 10 14 0.17166907 
938 203 19 22 0.1417226 
301 181 10 14 0.13684134 
573 225 22 32 0.11200272 
863 203 11 15 0.10993531 
947 205 20 27 0.10672438 
562 180 9 13 0.10456203 
613 247 16 19 0.10062563 
444 216 20 25 0.09906684 
772 225 15 19 0.09897829 
143 189 8 10 0.094325304 
303 175 9 11 0.09347275 
832 219 20 25 0.09090413 
958 209 15 23 0.089668244 
205 166 9 11 0.08960814 
253 210 13 16 0.080304205 
356 226 14 18 0.07740322 
337 136 9 12 0.077165715 
227 211 13 16 0.072128944 
681 194 18 24 0.07120765 
518 278 14 19 0.06931116 
200 266 13 16 0.06758379 
222 203 14 17 0.06636723 
580 224 14 20 0.066320345 
320 132 8 10 0.06491952 
98 171 8 11 0.0641144 
232 180 9 13 0.059559748 
566 186 12 16 0.05646164 
702 171 10 13 0.056337014 
586 222 14 21 0.055786207 
756 229 20 28 0.055479523 
547 210 442 574 0.052989934 
264 166 9 12 0.05206158 
132 188 11 14 0.051704835 
231 173 8 11 0.05162005 
634 226 16 24 0.051137567 
481 278 23 29 0.051137544 
522 211 14 17 0.050272454 
462 217 24 29 0.04989963 
348 259 14 20 0.048625812 
491 287 15 18 0.04762996 
175 188 11 14 0.047575567 
380 197 10 14 0.04754724 
454 180 9 13 0.04676131 
878 200 27 31 0.0467272 
306 216 13 16 0.046041336 
231 255 28 32 0.046013415 
338 141 10 12 0.045661937 
170 219 16 19 0.045017373 
439 205 11 15 0.044008307 
198 181 10 13 0.043509334 
472 188 13 16 0.042739928 
459 217 16 21 0.04192453 
405 232 15 18 0.041881684 
24 164 9 11 0.04176411 
848 251 12 14 0.04158962 
446 204 13 16 0.04108295 
233 168 8 10 0.040873803 
126 183 12 15 0.040630985 
30 164 9 12 0.040536903 
570 186 13 19 0.038532086 
268 166 11 13 0.03829287 
298 175 8 12 0.037968345 
191 188 10 12 0.03784748 
885 236 15 19 0.037785504 
928 204 14 18 0.037768833 
311 180 11 15 0.03772593 
840 174 11 14 0.037581474 
344 181 10 13 0.03690839 
198 205 12 16 0.03668728 
258 210 16 17 0.036645 
562 190 15 20 0.036598906 
48 205 11 14 0.036537986 
817 222 15 23 0.03607104 
425 230 15 21 0.03600027 
172 195 13 16 0.03568644 
420 196 11 14 0.035229906 
734 187 10 13 0.03488793 
237 264 31 38 0.03472923 
191 165 8 12 0.034524396 
136 172 9 11 0.0341851 
324 132 10 11 0.034024946 
263 203 12 15 0.03394114 
236 167 9 10 0.033742048 
274 281 24 32 0.03331912 
532 207 11 13 0.033187754 
853 218 14 18 0.03298925 
61 168 8 10 0.032823216 
222 181 10 13 0.032686263 
109 226 11 16 0.032525625 
333 189 9 11 0.032420598 
88 159 7 9 0.032240767 
343 199 8 11 0.032155592 
32 159 8 11 0.031758547 
745 219 19 23 0.03131901 
113 212 12 16 0.031094592 
134 182 11 14 0.030940412 
278 175 13 16 0.030880747 
419 233 24 33 0.030841466 
677 163 9 13 0.030522993 
139 168 7 10 0.030410606 
1 158 7 10 0.030357918 
375 202 11 15 0.030207315 
38 191 10 13 0.030055963 
310 174 8 11 0.029807756 
190 204 12 15 0.029785907 
107 158 7 9 0.029733572 
318 180 9 14 0.029672485 
176 254 10 14 0.029514667 
116 186 11 15 0.029264674 
848 191 11 13 0.029211983 
112 206 10 13 0.028940186 
76 211 14 18 0.028879834 
642 223 22 29 0.028776007 
159 182 11 13 0.028618421 
825 378 73 93 0.028614568 
565 231 17 25 0.028547313 
350 302 50 65 0.028417766 
193 183 10 13 0.028210867 
178 217 16 20 0.02802043 
166 173 10 13 0.027786378 
79 160 7 9 0.02777321 
295 196 10 13 0.027746085 
827 246 16 22 0.027710974 
900 204 17 24 0.027573498 
117 176 11 13 0.027093902 
363 200 12 16 0.027038146 
56 188 10 12 0.026944978 
404 249 25 34 0.026777389 
158 188 11 13 0.026767574 
197 197 12 15 0.026678609 
472 266 26 36 0.026329475 
182 273 15 20 0.026320651 
528 259 12 16 0.026210986 
733 181 10 13 0.02576688 
607 244 16 20 0.025689336 
246 203 12 16 0.025566047 
673 190 13 15 0.02543148 
188 210 15 18 0.025375249 
672 201 23 29 0.02533824 
864 196 23 28 0.025313376 
185 164 8 12 0.02529271 
335 211 10 14 0.025119713 
152 197 11 13 0.025013378 
110 158 8 10 0.024986148 
341 204 10 12 0.02489161 
326 165 8 10 0.024717303 
663 170 12 15 0.02469618 
527 207 11 15 0.024638496 
38 165 8 10 0.024468407 
127 158 9 11 0.024413241 
446 198 10 13 0.024314076 
765 220 16 23 0.024291508 
205 171 10 13 0.024269592 
861 208 13 18 0.024189614 
346 228 17 21 0.024084197 
3 206 8 13 0.023968827 
439 217 15 20 0.023666857 
461 182 10 12 0.023553994 
286 213 10 14 0.023495916 
156 196 13 16 0.023356926 
428 195 10 13 0.023290709 
267 212 14 17 0.023283388 
329 188 9 12 0.023274988 
101 168 9 12 0.023225067 
271 226 15 19 0.023131173 
228 196 12 15 0.023121096 
182 202 13 16 0.023090355 
669 171 11 14 0.023032445 
581 212 13 18 0.0229569 
433 206 10 13 0.022775028 
270 170 12 15 0.022718804 
875 233 23 28 0.022657918 
278 166 11 13 0.022592496 
357 159 9 12 0.022542203 
156 221 11 16 0.022448104 
116 207 12 15 0.022309503 
729 176 9 12 0.02225685 
280 157 7 10 0.022253802 
190 195 12 16 0.022232069 
838 192 8 11 0.022225184 
201 270 17 20 0.022193043 
225 175 9 12 0.022174051 
196 187 13 15 0.022119105 
476 190 15 18 0.022084353 
440 199 11 13 0.021856174 
236 174 12 14 0.021844272 
322 165 8 9 0.021540016 
307 252 13 15 0.02142238 
78 206 13 15 0.021416914 
58 171 8 10 0.021366164 
719 173 8 12 0.021363504 
612 211 12 16 0.021334877 
606 212 11 14 0.021331536 
30 194 13 16 0.021221917 
263 181 10 13 0.021190083 
588 205 20 24 0.021188881 
334 182 10 13 0.020951748 
606 219 11 15 0.020938687 
401 234 12 15 0.0209263 
204 210 10 15 0.02086405 
676 171 12 16 0.020729726 
129 175 10 12 0.020596066 
166 201 12 15 0.020544805 
221 191 22 28 0.020534761 
778 222 14 19 0.020486334 
343 159 9 12 0.020363046 
205 181 9 12 0.020338072 
697 171 11 14 0.020316316 
594 216 15 20 0.020206753 
166 181 10 13 0.020150946 
319 229 13 19 0.02002971 
854 196 12 14 0.020023927 
