56_Voter_peoplevoting_56_874
142
665 252 28 32 0.9950799 
968 250 50 72 0.994538 
684 445 77 144 0.98062193 
137 352 26 31 0.9777299 
13 299 16 20 0.97511554 
593 329 33 37 0.96003026 
67 282 12 17 0.9488765 
192 257 12 17 0.9486828 
773 289 50 71 0.93603855 
566 297 24 28 0.92859346 
244 390 38 52 0.9116217 
476 362 70 86 0.90145105 
366 253 12 16 0.87208086 
90 340 24 29 0.86407346 
358 280 14 17 0.83492893 
153 393 23 32 0.7967064 
38 336 19 25 0.7921265 
335 254 14 17 0.7476676 
510 276 21 25 0.6454273 
112 299 11 14 0.56287754 
534 310 23 26 0.50456685 
656 319 66 81 0.48719627 
156 284 14 17 0.32999828 
332 232 9 11 0.3080489 
405 271 13 16 0.28763035 
406 238 11 14 0.22593567 
398 223 9 11 0.2208274 
455 288 17 22 0.21977979 
272 274 16 19 0.21694505 
965 222 32 41 0.18120404 
513 207 18 23 0.1759418 
724 105 20 27 0.1482425 
760 71 16 20 0.11242971 
413 247 11 14 0.101816826 
530 305 42 54 0.09838756 
379 334 39 66 0.09366752 
421 248 11 13 0.09198743 
464 226 10 14 0.091383606 
271 246 10 12 0.090000436 
771 103 13 16 0.07669653 
596 205 11 12 0.07020406 
397 254 12 14 0.06478911 
270 251 13 16 0.06395454 
581 206 10 12 0.062184386 
447 244 22 28 0.05567961 
452 244 14 17 0.05552749 
136 289 12 15 0.054958656 
496 214 9 11 0.052037686 
453 240 11 12 0.05095954 
538 204 9 12 0.0497179 
406 247 12 17 0.049295012 
669 189 11 13 0.04641062 
911 427 18 20 0.046404995 
625 179 9 12 0.04448636 
667 194 13 15 0.042394858 
164 355 13 17 0.04130808 
285 272 13 18 0.04109709 
557 301 24 32 0.0407081 
595 216 16 20 0.040035244 
528 312 17 21 0.038550865 
674 341 64 76 0.037923507 
301 253 9 12 0.036688983 
591 212 13 16 0.03516214 
968 238 36 54 0.03493188 
445 220 11 14 0.034748543 
6 284 22 30 0.034450732 
632 193 9 11 0.03438832 
128 292 10 14 0.033230804 
244 235 9 11 0.032934207 
485 238 11 15 0.032806426 
579 207 29 35 0.03277482 
654 183 8 11 0.03200865 
509 324 52 72 0.030771878 
275 255 13 16 0.0304952 
317 253 11 15 0.030200494 
4 279 18 22 0.029539311 
394 246 40 53 0.029215183 
629 175 9 11 0.02831553 
511 215 14 18 0.028173767 
503 228 11 14 0.028006185 
506 361 56 72 0.027717212 
405 232 12 13 0.027559776 
238 254 11 13 0.027072659 
404 262 13 16 0.026994444 
976 224 20 24 0.02685307 
552 198 9 11 0.0267564 
156 425 33 39 0.026293486 
287 243 9 12 0.02627193 
132 349 42 52 0.026216706 
401 244 13 16 0.025915602 
234 266 16 21 0.025497675 
132 387 15 24 0.025195045 
562 303 34 46 0.025161402 
458 344 104 157 0.024763808 
917 383 87 119 0.024745056 
429 222 10 13 0.024670355 
152 277 14 18 0.024630588 
407 241 19 24 0.024580272 
594 340 21 23 0.02455729 
448 237 11 12 0.024460075 
480 319 172 234 0.024236422 
308 282 12 17 0.023888528 
500 244 12 17 0.02339937 
444 227 13 15 0.023318384 
49 357 22 26 0.023198253 
232 405 39 41 0.023195587 
298 383 37 44 0.023152621 
591 188 11 12 0.023009367 
107 294 19 23 0.0227327 
425 229 10 12 0.022614876 
465 204 10 13 0.02239264 
194 245 17 20 0.022266641 
173 314 12 15 0.021874027 
444 253 16 21 0.021772763 
101 310 10 13 0.021689728 
327 251 13 18 0.021665968 
427 251 10 13 0.021644473 
236 260 13 16 0.021634098 
482 228 9 11 0.021580521 
382 255 10 13 0.02150347 
184 257 14 19 0.021032203 
654 200 8 12 0.0210089 
649 203 10 12 0.020948127 
540 330 34 44 0.02089568 
152 408 16 19 0.020890906 
269 285 16 19 0.020885987 
439 258 12 16 0.020858232 
344 220 12 15 0.020841347 
693 367 57 71 0.020782176 
292 239 12 14 0.02075725 
502 236 13 17 0.020720774 
593 199 11 13 0.02060961 
663 182 11 14 0.02055651 
647 306 50 65 0.020514326 
353 277 14 17 0.020295229 
955 397 64 91 0.020256413 
279 368 41 56 0.020241804 
340 246 12 15 0.02017946 
629 416 149 204 0.020095231 
617 198 8 11 0.020057866 
392 341 48 72 0.020025006 
453 384 63 84 0.020023543 
