56_Voter_peoplevoting_56_21
25
246 304 30 39 0.28981113 
859 305 66 76 0.17713563 
487 272 67 95 0.16294527 
797 251 23 26 0.12939486 
654 310 43 56 0.11685368 
325 245 16 21 0.1032809 
810 249 15 20 0.093813755 
610 343 27 42 0.09329165 
317 268 29 32 0.08137562 
704 310 25 27 0.07992788 
321 248 26 31 0.042039417 
228 376 56 89 0.041260723 
621 514 28 46 0.035713587 
325 278 16 20 0.032574065 
246 269 13 16 0.030519588 
386 186 31 38 0.02997341 
800 238 11 13 0.029263524 
787 256 30 36 0.02885756 
861 286 97 129 0.027437778 
692 305 52 60 0.02623506 
676 279 109 122 0.023842609 
692 308 23 32 0.023181181 
620 452 50 56 0.02134672 
337 356 17 21 0.020696769 
589 337 45 61 0.02009596 
