56_Voter_peoplevoting_56_723
20
326 1098 85 123 0.99862266 
671 1066 88 122 0.997801 
201 66 418 488 0.9976799 
504 259 410 575 0.9969548 
140 646 290 293 0.9930963 
343 158 368 489 0.936438 
249 475 321 417 0.08872931 
386 1296 25 28 0.06438912 
460 1279 126 74 0.058186263 
379 389 375 460 0.057543162 
129 578 14 17 0.051049203 
62 1302 33 34 0.04333639 
49 539 14 17 0.030428216 
595 1289 51 58 0.029328963 
28 534 14 16 0.026549326 
764 1017 8 11 0.026450269 
30 499 14 16 0.02232017 
613 1092 13 17 0.021718128 
623 1292 51 54 0.021604236 
942 278 16 20 0.021575136 
