56_Voter_peoplevoting_56_110
23
91 320 49 63 0.9977264 
204 311 32 49 0.99479467 
417 246 27 39 0.9774204 
892 328 19 20 0.77390593 
812 258 14 21 0.751575 
165 236 18 21 0.5487936 
483 276 15 18 0.41438225 
429 252 26 30 0.11150532 
414 240 15 24 0.0991398 
435 379 41 72 0.07268015 
492 280 12 16 0.057691213 
152 557 70 59 0.03724066 
474 242 14 18 0.035152704 
818 260 16 24 0.03470822 
887 323 16 20 0.034635067 
565 320 8 11 0.03056841 
803 261 27 34 0.025487004 
894 369 12 14 0.025256345 
161 237 14 17 0.024685163 
202 282 13 16 0.024213873 
441 410 260 238 0.022419041 
430 407 54 83 0.021285867 
480 272 12 15 0.020859217 
