1.197118099834422900e+01
7.108021927870208145e+00
5.568490536316581085e+00
4.670228131717036213e+00
4.170098893992278732e+00
6.558984647811569424e+00
4.654275071269236896e+00
4.152133880981376812e+00
3.902979437874988911e+00
3.761426587652715980e+00
3.696767251290705047e+00
3.555955971492836376e+00
3.440496855155096512e+00
3.488888137401168432e+00
3.282444729949839157e+00
3.343200989217954611e+00
3.222774661510535044e+00
3.165978196649725351e+00
3.082633405634612966e+00
3.177528221970018940e+00
3.048386013817898199e+00
3.099968762825364710e+00
3.003945103794428917e+00
3.117230420758635212e+00
3.077218833894277861e+00
3.025360900850862400e+00
2.902821075691847330e+00
3.062834452583182543e+00
2.928469001645257030e+00
2.959199438311205910e+00
2.923725463854877749e+00
2.884769708947827915e+00
2.805767975631892952e+00
2.911997819550752098e+00
2.944818255809708241e+00
2.797203190312344656e+00
2.865771983200626316e+00
2.825336672886280542e+00
2.776441046227672071e+00
2.792497223694317299e+00
2.755882311138029284e+00
2.782320429865988043e+00
2.831763765977128866e+00
2.760705098070157959e+00
2.848286673854689255e+00
2.815040263503512108e+00
2.713420630611988127e+00
2.712191718300769772e+00
2.799363428310300161e+00
2.818663852046365381e+00
2.751769680668663565e+00
2.741361426467203266e+00
2.723970310745170931e+00
2.835716394152237640e+00
2.718342152117572130e+00
1.993561766891283282e+00
1.751221727001370798e+00
1.674598392995757079e+00
1.605566149062668035e+00
1.565736359280319956e+00
1.530559180122192720e+00
1.523611828777360566e+00
1.469142038190031752e+00
1.466719988513714767e+00
1.433684999840507679e+00
1.406443801378796543e+00
1.377754592863114080e+00
1.375885568050123853e+00
1.335819906262993184e+00
1.323219696982468774e+00
1.282946193469283402e+00
1.280446350036524406e+00
1.287360257035271793e+00
1.263374133388401876e+00
1.272047038418558929e+00
1.269288086312134523e+00
1.247238267534152234e+00
1.235576558962279137e+00
1.251446073973169648e+00
1.233625741105711882e+00
