3.051160727806898176e+00
2.078016823331206631e+00
1.706882939795437037e+00
1.512637559081549288e+00
1.407593228998854196e+00
2.039013834820586180e+00
1.569720030791178278e+00
1.452111036973710467e+00
1.395380859743364121e+00
1.355712556945426028e+00
1.338585224962845377e+00
1.295141422241833595e+00
1.266409735334169451e+00
inf
1.237183924428887138e+00
1.242669230917040624e+00
1.212552608522985631e+00
1.207080359321943686e+00
1.182300328589420468e+00
1.201426871485360204e+00
1.172920100853680037e+00
1.184061565141407701e+00
1.164502750706182033e+00
1.183402330799733893e+00
1.172286530418656936e+00
1.154493812188182256e+00
1.148660035682437242e+00
1.174835309542437978e+00
1.152653402752989109e+00
1.152512597614286038e+00
1.133034348377946365e+00
1.129058801777290677e+00
inf
inf
1.144310747313758592e+00
1.124834508050857940e+00
1.116414557268947227e+00
1.118550766022262666e+00
1.104344620068574923e+00
1.111991487674831580e+00
1.102230296730532411e+00
1.107265543343024961e+00
1.125689312190928160e+00
1.097884847013198772e+00
1.126083880338979881e+00
1.110779289277675330e+00
1.097589182355065196e+00
1.086158819004939602e+00
1.099036001010294639e+00
1.116631623964918774e+00
1.100512622126742501e+00
1.092795709541402926e+00
1.090630704484972568e+00
1.119503536394664156e+00
1.080738814460888708e+00
8.713620636577469325e-01
7.988376096990075226e-01
7.812995653865593138e-01
7.611540444224194069e-01
7.493069491302883911e-01
7.407901397680644040e-01
7.383359844842636299e-01
7.270067567960214472e-01
7.219313014275539064e-01
7.162820936545081230e-01
7.093603039501662488e-01
6.935922137826032730e-01
6.910265079346595840e-01
6.763084583325739141e-01
6.698146553924133606e-01
6.614807623131953029e-01
6.629054710378882165e-01
6.652838787445740643e-01
6.544473119866773825e-01
6.583752449549826746e-01
6.596961688446980610e-01
6.557101067907599168e-01
6.510073777739397993e-01
6.480803342900521846e-01
6.500912067807216310e-01
