2.124935604382005394e+01
1.394693314594141498e+01
1.133586463110047049e+01
9.838877583327500176e+00
9.018834921791686554e+00
1.325203228644702769e+01
9.975068266532435501e+00
9.110156805248735168e+00
8.677720905553480080e+00
8.420302428860471977e+00
8.297465172058306138e+00
8.032709073298466507e+00
7.824831769980999496e+00
inf
7.578643436757674046e+00
7.658979328198832981e+00
7.441689210093540119e+00
7.368462471580653705e+00
7.194793564932687069e+00
7.340477236679622486e+00
7.128485896202348293e+00
7.212067653442391979e+00
7.064770648105544559e+00
7.234641559699677593e+00
7.159429493944466927e+00
7.049827188022018021e+00
6.911856397986412048e+00
7.149476643026985379e+00
6.948723120348794247e+00
6.979167844336595650e+00
6.876328808180293350e+00
6.832593897207183353e+00
inf
inf
6.933979189173775204e+00
6.723187275277161312e+00
6.771379571662555996e+00
6.733445527390663266e+00
6.635951372823729599e+00
6.672106672379171322e+00
6.611652683906303452e+00
6.660286223434883190e+00
6.764203443336560539e+00
6.603881314396858215e+00
6.787561563231189865e+00
6.710642024134257255e+00
6.551231240726405503e+00
6.514065419988972927e+00
6.653387322512842594e+00
6.717949072951856060e+00
6.605905471381193550e+00
6.568680237492789509e+00
6.546464646501200413e+00
6.746978430551771488e+00
6.509857946856421940e+00
5.143477183043586365e+00
4.683226063569880360e+00
4.545096271896954754e+00
4.405472784054390800e+00
4.321952183285485027e+00
4.259675893007043079e+00
4.250259977157996971e+00
4.147142491216615490e+00
4.142321864918152130e+00
4.079879294664408462e+00
4.022046265510483387e+00
3.951735964634958798e+00
3.939159366608776747e+00
3.856403178263525078e+00
3.819981171361963135e+00
3.742023824719908909e+00
3.745298285754571133e+00
3.761952957751588222e+00
3.706708039926446041e+00
3.731331592182750345e+00
3.727151736478257593e+00
3.693878922148706057e+00
3.672262108103829359e+00
3.672221331585268089e+00
3.667209758197668812e+00
