54_Rescue_rescuepeople_54_581
172
317 341 8 11 0.94969946 
59 350 8 12 0.93484235 
287 191 9 12 0.9126531 
690 373 10 13 0.86721635 
436 182 8 11 0.8656515 
538 317 10 13 0.8541992 
263 330 11 15 0.84409153 
624 185 10 12 0.81372446 
841 368 10 13 0.8013303 
92 337 9 12 0.76166403 
539 367 9 12 0.752606 
747 197 11 14 0.73755395 
507 182 9 12 0.7374119 
1012 373 10 14 0.7260378 
883 197 9 11 0.7116189 
480 316 12 15 0.7030284 
596 353 12 15 0.6555628 
211 330 12 14 0.62629753 
792 364 9 13 0.6249239 
209 201 9 11 0.6162357 
964 307 10 13 0.61031723 
852 182 10 12 0.5857455 
97 357 9 12 0.5382411 
372 352 13 15 0.5365064 
885 311 10 13 0.48853058 
194 183 9 12 0.47405332 
383 187 10 14 0.4655 
168 352 10 12 0.44295552 
904 367 12 14 0.4303154 
691 191 10 13 0.39428008 
5 335 10 13 0.3913078 
481 355 10 13 0.37232324 
405 180 8 10 0.36538714 
741 368 11 13 0.34423044 
918 314 10 14 0.3324114 
973 422 11 12 0.3298885 
422 331 10 13 0.29363835 
803 191 11 13 0.27221984 
886 353 13 17 0.27177513 
653 200 8 11 0.25283778 
453 192 9 11 0.24990311 
409 355 9 11 0.23397548 
816 366 10 12 0.23150207 
106 191 10 13 0.22680472 
394 175 9 10 0.22574852 
398 176 10 11 0.21806972 
360 359 10 13 0.19706656 
481 177 9 10 0.19489114 
361 341 10 15 0.19468056 
641 367 10 12 0.16918573 
877 376 11 12 0.16786447 
938 197 8 11 0.16093755 
236 352 10 12 0.15427521 
234 195 9 12 0.14678557 
37 184 9 11 0.12933603 
485 176 8 11 0.12453256 
426 204 9 11 0.123462185 
540 337 10 14 0.117594495 
811 180 12 14 0.11447763 
366 356 12 14 0.11201903 
968 187 10 13 0.109602675 
366 347 15 17 0.10853554 
996 366 10 14 0.10294404 
224 322 13 17 0.09994448 
842 191 9 12 0.099055216 
979 370 11 14 0.09330518 
412 351 10 13 0.089049086 
959 196 10 12 0.086951 
825 360 8 10 0.08545032 
977 200 8 10 0.08472436 
171 355 10 13 0.0776847 
254 184 9 11 0.076100595 
702 356 8 11 0.07578585 
305 192 8 10 0.066776335 
10 190 8 9 0.06578938 
908 204 9 12 0.064725436 
245 333 9 12 0.063978225 
766 338 13 14 0.061713707 
329 383 10 13 0.059624963 
708 373 11 14 0.05791024 
109 221 10 14 0.051948484 
867 335 8 12 0.05168151 
227 331 13 16 0.05018816 
789 370 12 14 0.049929168 
118 385 7 10 0.04937001 
430 346 14 17 0.048374843 
249 188 10 11 0.04751695 
86 356 10 12 0.044765837 
399 355 9 12 0.044638775 
673 200 8 9 0.043070268 
391 356 10 13 0.041042697 
910 200 9 11 0.03832752 
472 197 9 11 0.037877847 
377 349 13 16 0.03753546 
806 175 14 17 0.035496816 
874 379 10 12 0.035264265 
633 384 9 11 0.034212988 
433 321 8 9 0.033546887 
738 371 11 13 0.033178393 
886 333 10 12 0.032147877 
992 357 11 14 0.03151293 
392 350 11 14 0.031486943 
81 352 9 12 0.0313097 
926 206 9 12 0.031099042 
914 311 11 14 0.030641103 
548 182 11 13 0.03040769 
804 355 10 13 0.030086122 
440 327 7 9 0.029920654 
322 198 9 11 0.02982675 
477 188 11 14 0.029683035 
474 191 9 12 0.029514775 
519 315 10 13 0.028788365 
712 355 9 12 0.028648702 
335 352 8 11 0.0283338 
527 388 10 13 0.028283997 
453 360 8 11 0.027766295 
970 183 11 13 0.027677158 
1005 396 13 15 0.027559318 
1 337 10 15 0.02739046 
232 374 9 12 0.027313141 
429 334 9 11 0.026828887 
884 370 12 15 0.026614606 
710 378 10 13 0.026248518 
981 343 10 12 0.026151057 
864 189 12 14 0.025894126 
457 328 8 10 0.025295958 
708 180 12 15 0.02511838 
305 195 10 13 0.02506342 
422 365 12 15 0.024603589 
830 381 9 12 0.024118276 
786 373 9 13 0.024113035 
439 333 9 10 0.024045564 
371 343 15 19 0.023992896 
899 317 11 14 0.023932861 
864 196 10 12 0.023924142 
880 333 12 14 0.02359282 
924 316 9 13 0.023582501 
200 357 13 16 0.023556298 
1007 367 12 17 0.023281144 
844 195 10 12 0.02309287 
33 186 10 12 0.022981139 
879 348 16 18 0.022940533 
461 328 8 11 0.02237242 
188 175 20 24 0.022359524 
329 364 9 13 0.022205623 
976 419 15 17 0.022191124 
807 373 9 12 0.021770446 
622 359 9 12 0.021731932 
544 386 12 16 0.021646503 
453 342 10 13 0.02150403 
867 181 12 14 0.021340515 
863 411 11 15 0.021311099 
964 196 11 13 0.021303024 
860 373 12 15 0.02119941 
633 311 9 12 0.021192536 
389 363 10 13 0.021031162 
69 366 11 13 0.020958075 
478 360 12 14 0.020863028 
1007 356 10 15 0.020844754 
211 317 13 18 0.020757886 
614 205 25 31 0.02070299 
560 366 9 11 0.020641305 
786 364 11 14 0.020625956 
473 316 12 15 0.020624852 
463 347 12 16 0.020506252 
398 199 10 12 0.020331709 
390 180 10 12 0.020285675 
432 324 8 11 0.020192161 
693 183 12 17 0.020180004 
425 349 10 13 0.020174136 
162 350 9 13 0.020159744 
469 348 12 15 0.020153053 
