54_Rescue_rescuepeople_54_531
23
362 125 213 302 0.9998185 
269 354 131 157 0.6337666 
316 870 117 214 0.20294634 
613 459 89 120 0.0944815 
580 473 444 500 0.0855603 
675 501 218 240 0.059648674 
231 901 511 463 0.04371957 
679 285 23 30 0.04091526 
657 594 115 152 0.040144663 
407 456 415 455 0.034068964 
164 210 371 443 0.03386372 
328 820 43 60 0.033148065 
576 384 79 77 0.031605646 
748 561 136 148 0.031001303 
308 592 69 73 0.030201403 
634 419 107 139 0.028027961 
287 899 247 266 0.027693853 
586 433 174 229 0.024605632 
301 765 306 300 0.024066731 
797 611 61 64 0.023591727 
636 502 38 49 0.023173803 
298 824 112 148 0.021827865 
743 1114 12 15 0.020853203 
