54_Rescue_rescuepeople_54_325
35
365 168 67 92 0.9922667 
556 303 62 71 0.9826637 
617 251 50 89 0.957622 
186 290 32 50 0.507165 
842 244 45 80 0.4925637 
167 298 38 41 0.24367113 
882 236 65 85 0.09739381 
183 609 12 17 0.093364954 
139 289 59 62 0.07205913 
605 517 42 39 0.06204692 
47 515 143 166 0.06161136 
204 341 18 22 0.056587275 
758 289 27 35 0.045048486 
854 234 66 92 0.03879794 
218 266 29 37 0.037264258 
40 88 55 71 0.03632701 
175 262 53 78 0.035125922 
612 480 55 71 0.034339078 
282 282 33 51 0.033403527 
254 205 30 42 0.03145308 
581 258 71 104 0.031359363 
131 385 18 20 0.031268325 
71 160 66 86 0.029429272 
636 244 61 87 0.029022016 
513 394 16 19 0.028844776 
923 233 32 55 0.028099515 
201 261 45 64 0.025866035 
928 495 38 43 0.025553938 
234 382 26 30 0.025236674 
732 617 25 30 0.025064928 
105 268 90 103 0.023616856 
927 478 32 37 0.02171839 
162 222 11 14 0.02153335 
662 242 51 73 0.020611865 
718 456 122 163 0.020492097 
