54_Rescue_rescuepeople_54_208
21
244 15 125 248 0.959944 
529 555 13 16 0.05430031 
716 137 18 23 0.052960265 
99 51 16 20 0.04671712 
210 462 33 48 0.04539019 
225 455 17 21 0.0435477 
86 225 22 27 0.039639883 
529 570 18 21 0.03303144 
56 27 26 40 0.032931067 
64 335 110 143 0.032642525 
498 83 27 35 0.031775944 
503 526 13 15 0.030262507 
1011 580 11 17 0.027752094 
530 562 15 19 0.027261248 
503 537 14 18 0.024730964 
267 553 24 28 0.023215072 
428 509 25 30 0.022942446 
3 151 49 65 0.022230532 
221 525 41 52 0.021744119 
743 8 210 229 0.020477334 
873 0 71 64 0.02008533 
