54_Rescue_rescuepeople_54_191
24
809 253 57 69 0.99927837 
448 282 49 58 0.9973469 
933 276 35 45 0.9960163 
665 278 34 38 0.9938089 
85 361 16 20 0.8674217 
789 305 12 16 0.59244907 
981 298 13 16 0.10418083 
80 356 13 19 0.08790069 
992 278 27 37 0.0866715 
870 317 46 53 0.08101346 
870 198 54 65 0.06584354 
391 146 392 454 0.06106649 
830 576 44 48 0.05465052 
704 299 28 34 0.03967427 
785 307 22 27 0.029481228 
981 290 25 27 0.029202461 
367 391 41 37 0.028046353 
78 363 17 24 0.02424121 
866 181 92 103 0.023214782 
695 501 11 14 0.023197692 
66 94 435 571 0.022945564 
911 192 52 62 0.022017712 
976 293 14 17 0.021875128 
79 350 12 16 0.020677667 
