54_Rescue_rescuepeople_54_108
24
228 327 208 303 0.999532 
464 271 264 283 0.84616035 
169 418 52 78 0.21231858 
960 563 38 49 0.18273371 
720 394 126 127 0.17931065 
506 792 392 474 0.17139082 
584 78 379 450 0.14052974 
32 920 459 413 0.070561625 
324 319 184 284 0.04823111 
677 315 198 209 0.04515737 
661 900 219 284 0.04259165 
129 944 264 257 0.030797316 
692 209 249 268 0.030512828 
151 947 39 59 0.028238712 
68 814 242 308 0.028072916 
951 532 57 85 0.024524897 
393 287 190 270 0.023710307 
575 310 227 254 0.021318031 
317 469 429 423 0.020842507 
432 330 98 137 0.020803325 
5 1081 51 62 0.02069862 
931 434 91 126 0.020588191 
525 187 246 283 0.020453243 
62 926 128 160 0.020205118 
