54_Rescue_firemanrescue_54_939
31
154 109 77 105 0.9936358 
63 579 19 29 0.87515396 
580 598 13 16 0.5077378 
929 563 12 16 0.35806924 
651 6 41 59 0.20450294 
902 523 12 15 0.18978144 
420 474 40 56 0.16159509 
470 619 10 12 0.15022522 
411 481 29 44 0.11038683 
112 342 48 36 0.10475224 
945 555 17 19 0.052262284 
676 508 10 12 0.039787263 
711 595 12 14 0.039144374 
334 730 13 15 0.03887603 
703 30 33 40 0.034452233 
897 525 11 13 0.0331045 
48 582 26 30 0.03079647 
123 566 27 35 0.030598644 
678 382 415 497 0.029228376 
898 518 11 14 0.027854336 
349 605 11 14 0.027546382 
437 633 9 11 0.027524693 
156 692 24 34 0.025206309 
86 302 102 89 0.024704792 
855 558 12 15 0.024330303 
889 528 9 10 0.023847358 
127 317 66 56 0.023448305 
906 519 15 17 0.02335652 
715 591 11 13 0.022711294 
841 597 9 11 0.022169298 
920 559 23 27 0.02185684 
