54_Rescue_rescuepeople_54_493
25
7 281 17 20 0.05943539 
405 83 10 13 0.05006761 
329 5 16 20 0.049103204 
310 114 23 32 0.04300757 
675 69 19 23 0.040161453 
93 505 70 66 0.03929325 
322 110 22 29 0.039191514 
305 120 17 23 0.03787137 
0 64 20 36 0.034982875 
315 29 16 20 0.028575433 
0 403 10 18 0.027098214 
730 31 242 236 0.02630317 
69 205 10 13 0.026053049 
325 106 16 20 0.025042571 
38 123 15 18 0.023939306 
317 88 26 32 0.023125604 
343 69 33 39 0.023049047 
324 98 16 20 0.0230359 
441 517 56 56 0.022757376 
86 251 11 14 0.022661218 
5 228 12 15 0.02252423 
88 322 16 17 0.0213956 
34 493 100 84 0.021077083 
609 -110 425 449 0.020916887 
-9 449 108 121 0.020592472 
