54_Rescue_rescuepeople_54_1049
19
446 217 110 159 0.9993864 
641 393 94 120 0.99848515 
79 128 201 253 0.31978333 
629 124 106 140 0.15813166 
174 31 21 25 0.08697675 
112 87 127 165 0.08274407 
66 211 51 65 0.043624718 
82 221 31 38 0.042827524 
600 203 106 117 0.04009614 
117 183 124 153 0.03883814 
162 233 44 48 0.035810087 
394 537 163 140 0.031753007 
2 7 344 444 0.030616293 
172 18 12 14 0.027536357 
87 231 19 23 0.023661872 
704 378 51 63 0.023167694 
590 104 179 213 0.022153212 
594 225 65 82 0.020546893 
539 30 478 504 0.020498225 
