54_Rescue_rescuepeople_54_188
25
401 87 215 259 0.9996468 
695 13 53 63 0.9990343 
285 93 106 120 0.99855477 
949 159 49 55 0.8796691 
840 122 29 37 0.12718798 
785 277 32 39 0.10176645 
252 43 90 122 0.09103255 
21 56 12 15 0.07731745 
242 9 70 84 0.07195889 
0 83 27 36 0.05064148 
301 8 50 50 0.036168206 
3 97 18 20 0.03446332 
862 117 27 38 0.033694267 
1 39 53 79 0.032805305 
238 37 67 98 0.032416947 
256 2 32 37 0.030362982 
588 0 53 42 0.029862577 
854 268 60 81 0.029850615 
921 132 14 18 0.0267994 
801 288 18 22 0.026325611 
247 -16 123 132 0.025756316 
90 234 37 52 0.02246039 
943 173 32 42 0.02212925 
980 215 19 24 0.020994669 
373 15 29 39 0.020147964 
