54_Rescue_rescuepeople_54_222
50
51 36 34 40 0.9991297 
847 42 48 61 0.99872357 
123 34 30 34 0.9977863 
222 71 34 42 0.99178165 
508 217 40 52 0.98069775 
667 47 52 66 0.9729769 
327 88 53 51 0.9626675 
172 49 41 49 0.95348537 
823 263 13 19 0.24094848 
18 176 18 21 0.156253 
327 424 14 18 0.06947732 
710 45 36 51 0.05627336 
202 58 39 52 0.054945037 
259 157 46 57 0.04515147 
762 250 12 16 0.042497274 
319 58 51 70 0.04118953 
227 226 15 20 0.040807564 
713 309 402 510 0.04071142 
11 163 28 32 0.04062912 
348 219 9 12 0.040557925 
104 220 13 18 0.039419215 
322 59 31 42 0.034265194 
221 219 15 17 0.03402753 
82 201 20 22 0.033838935 
351 239 12 14 0.032123297 
17 648 38 37 0.03205212 
270 175 28 32 0.03136238 
2 167 15 21 0.027705435 
105 219 25 32 0.027588302 
1012 313 10 17 0.027561614 
1015 437 8 12 0.026793057 
176 123 45 53 0.025270196 
1 139 46 60 0.02501471 
234 208 26 34 0.02490326 
715 238 11 13 0.02474041 
33 273 38 49 0.024453195 
168 166 12 15 0.024066726 
1007 415 9 13 0.024002574 
113 147 17 18 0.023635559 
455 218 23 28 0.023468541 
232 199 21 31 0.023376353 
529 278 34 44 0.023283545 
110 195 10 13 0.023103883 
-36 350 367 452 0.023084844 
949 298 16 19 0.022228137 
363 263 12 15 0.022225205 
115 223 16 19 0.022089299 
17 95 51 68 0.021485608 
710 255 11 15 0.020823363 
1014 445 8 14 0.020482438 
