54_Rescue_rescuepeople_54_431
299
521 514 36 44 0.9949927 
756 453 31 35 0.99495137 
370 396 33 46 0.9857691 
570 459 32 44 0.98524076 
675 398 24 31 0.9841576 
741 402 23 29 0.98332375 
819 376 29 33 0.9735368 
623 550 41 48 0.96771514 
76 309 85 94 0.9632749 
533 379 21 30 0.9596351 
417 230 22 27 0.94283473 
466 326 26 31 0.94204885 
607 316 18 23 0.93072164 
870 421 40 43 0.9133459 
663 358 22 26 0.87294096 
782 520 35 40 0.86467856 
886 511 42 44 0.8611809 
482 210 23 29 0.85936594 
775 326 22 27 0.8071002 
553 190 17 20 0.8065391 
211 286 17 21 0.77108675 
598 358 17 23 0.7665069 
652 272 17 21 0.766044 
91 224 35 49 0.7288417 
311 353 19 21 0.7016772 
692 317 18 21 0.6497352 
751 299 14 17 0.56112486 
730 450 18 23 0.55225813 
602 286 13 18 0.45585468 
509 171 13 16 0.4307611 
380 256 17 21 0.4163721 
343 392 24 34 0.40405324 
571 318 18 22 0.37714195 
470 183 10 12 0.371122 
301 279 18 21 0.35409915 
317 195 14 16 0.34157768 
685 293 13 17 0.31774047 
495 326 14 18 0.30105552 
380 203 14 19 0.27405345 
616 299 12 15 0.2672296 
207 281 15 21 0.22194481 
618 397 16 19 0.21789613 
271 325 14 17 0.17721444 
322 189 12 14 0.16610563 
871 132 11 17 0.16414617 
465 183 10 12 0.14940654 
517 256 16 22 0.14796655 
304 316 11 13 0.13908498 
683 246 13 17 0.13847141 
447 210 12 15 0.12919304 
328 209 13 17 0.11358286 
191 214 10 13 0.110996135 
763 326 19 28 0.10260979 
146 282 15 18 0.10191696 
231 262 11 13 0.097562484 
521 324 10 12 0.09683564 
718 394 12 14 0.09499605 
630 313 14 18 0.092116736 
672 282 10 13 0.09048461 
242 316 12 16 0.08714466 
430 199 8 11 0.08685571 
101 203 14 15 0.084904656 
188 219 11 13 0.082980454 
582 387 13 17 0.08257155 
634 371 12 15 0.08078961 
631 419 11 13 0.07980386 
325 300 12 14 0.078533925 
645 380 17 20 0.077023275 
442 427 15 18 0.07380292 
278 356 12 16 0.0734674 
312 387 11 15 0.07337292 
696 459 29 36 0.07335458 
320 301 12 15 0.071977146 
617 175 8 11 0.07181286 
252 183 11 13 0.07094503 
821 116 11 13 0.06596617 
728 382 12 15 0.06521723 
385 201 14 18 0.065123275 
288 188 9 12 0.06389517 
141 276 16 19 0.062580004 
279 189 10 12 0.062478766 
293 189 9 12 0.059284825 
753 330 17 22 0.05872938 
477 321 24 28 0.057445597 
209 247 10 13 0.057386786 
663 452 26 30 0.057244956 
463 187 10 12 0.05426112 
665 190 10 13 0.054249644 
629 374 15 18 0.054113608 
93 211 14 16 0.05265604 
694 220 8 11 0.052471988 
300 219 13 17 0.051601194 
119 223 12 13 0.05058294 
655 251 10 11 0.05050745 
611 306 15 21 0.048075106 
447 199 11 15 0.047756642 
512 177 14 19 0.04766278 
207 224 9 11 0.047494594 
826 421 13 17 0.047331106 
712 316 11 16 0.04641314 
736 100 11 14 0.045691907 
389 196 14 17 0.045422744 
212 251 10 12 0.045157805 
668 506 42 55 0.04500096 
604 430 16 20 0.04484197 
646 269 12 16 0.043713823 
725 182 8 10 0.043659553 
185 216 9 12 0.04346199 
696 176 8 10 0.04291231 
592 302 10 15 0.04255074 
293 358 12 14 0.042409554 
886 124 14 18 0.042234316 
399 204 12 16 0.04173148 
134 277 28 31 0.041606404 
272 321 23 27 0.041297615 
245 293 13 17 0.040706217 
373 199 15 18 0.04063815 
932 127 10 13 0.040437147 
494 181 9 11 0.040075984 
529 440 30 34 0.03998417 
624 417 13 16 0.039794296 
223 222 10 12 0.03970844 
648 340 13 16 0.039416585 
261 284 11 16 0.03786716 
731 385 13 17 0.037863877 
916 141 11 14 0.037584983 
295 275 14 17 0.037532546 
688 316 13 16 0.03734533 
296 314 10 15 0.037233744 
876 122 19 26 0.036855653 
795 456 21 27 0.03637379 
625 394 15 17 0.036111135 
526 465 26 32 0.035069466 
296 198 9 11 0.034370452 
181 249 12 16 0.034165967 
854 344 8 11 0.034083124 
505 165 14 18 0.033963446 
680 481 44 60 0.033834774 
311 394 11 14 0.033801597 
670 209 8 9 0.033743575 
97 208 16 18 0.03351026 
646 333 12 15 0.033277668 
806 110 10 12 0.032853406 
311 202 12 15 0.03279457 
632 276 9 12 0.032783102 
189 228 10 13 0.03277915 
601 427 28 34 0.032642826 
321 201 19 22 0.03256431 
307 287 13 17 0.03239154 
508 234 15 17 0.031956982 
508 163 20 28 0.031851135 
597 189 12 15 0.031829454 
637 375 14 19 0.031317692 
240 198 9 11 0.0313097 
475 182 10 12 0.031117555 
634 309 13 16 0.030713402 
797 452 15 18 0.030630304 
682 216 8 11 0.030459626 
391 189 12 15 0.030343495 
667 349 17 19 0.03034199 
331 301 10 12 0.030274259 
574 419 14 18 0.030244697 
450 204 12 16 0.030224543 
690 297 13 16 0.029916197 
677 279 10 13 0.029893983 
675 245 9 13 0.029572865 
199 227 11 14 0.029481985 
286 349 12 15 0.029445758 
264 291 11 15 0.029408656 
279 352 19 24 0.029027954 
829 115 10 13 0.029008029 
632 237 12 14 0.028872056 
335 323 11 14 0.028621653 
722 177 8 9 0.02824989 
294 268 12 16 0.028214827 
654 290 12 15 0.028185833 
313 190 10 14 0.027687693 
620 296 10 14 0.027671771 
745 397 17 21 0.027629476 
341 194 14 18 0.027569236 
21 392 28 29 0.027533988 
149 205 9 12 0.027474692 
176 237 11 13 0.02747435 
87 214 29 36 0.027308993 
874 522 42 42 0.027303364 
745 300 12 16 0.027080946 
638 217 8 10 0.02680813 
417 203 10 13 0.026748016 
638 388 12 17 0.02670189 
348 188 14 16 0.026588889 
644 386 20 26 0.026554942 
240 239 9 11 0.026540898 
686 308 12 16 0.026399417 
173 279 12 14 0.026079608 
248 187 11 13 0.026064038 
333 200 21 26 0.025743578 
286 292 9 12 0.025671376 
438 426 24 30 0.025412776 
621 220 9 12 0.025229877 
656 352 22 27 0.025216475 
536 191 10 14 0.02518535 
555 341 13 17 0.02517841 
423 198 12 14 0.025044776 
453 198 9 12 0.024840388 
713 191 9 11 0.024737198 
719 191 8 11 0.024734817 
227 325 12 14 0.024705583 
670 174 9 11 0.024609013 
589 434 12 16 0.024538616 
639 331 12 15 0.024529269 
323 306 12 14 0.02440834 
497 219 22 28 0.024327343 
619 304 13 20 0.024295092 
844 334 11 13 0.024232099 
852 405 17 22 0.024204468 
696 261 9 12 0.02411759 
633 219 10 12 0.0240882 
105 196 13 17 0.024069712 
260 190 10 13 0.02406187 
214 293 19 22 0.024037674 
216 224 9 11 0.023841176 
128 186 11 13 0.023823688 
301 199 8 11 0.023820976 
313 455 24 31 0.02378882 
692 245 10 14 0.023648567 
679 221 8 10 0.02363105 
635 294 12 13 0.023571273 
195 328 19 21 0.023522442 
681 297 13 16 0.023495855 
823 332 10 14 0.023476629 
687 217 8 10 0.02343081 
599 387 9 13 0.023335582 
303 249 11 15 0.023307053 
572 421 22 27 0.023225412 
118 234 12 17 0.023172308 
320 184 11 14 0.02315038 
698 310 13 16 0.023017999 
108 226 26 35 0.022928618 
918 125 9 11 0.02290246 
525 451 24 31 0.022841914 
373 264 14 20 0.02277247 
490 181 8 10 0.022735624 
713 197 8 11 0.022707554 
638 268 11 16 0.022705484 
395 197 13 16 0.022690423 
320 316 11 13 0.022676973 
314 383 12 14 0.022589872 
689 220 8 11 0.0224917 
242 244 9 12 0.022489496 
244 197 10 13 0.022478148 
254 402 13 17 0.022470117 
693 485 25 29 0.022222932 
482 464 38 46 0.022217331 
620 404 20 24 0.022146009 
359 390 28 41 0.02213879 
712 466 17 22 0.022118093 
302 357 10 15 0.022095658 
406 200 10 13 0.022089979 
495 678 11 15 0.022073865 
487 634 10 13 0.02194454 
589 313 12 18 0.021924494 
342 232 23 31 0.021842983 
616 221 9 12 0.021779189 
288 308 9 13 0.02162019 
769 166 7 9 0.021578563 
645 401 14 20 0.021573272 
473 391 30 42 0.021536233 
675 452 27 34 0.02151693 
245 239 8 11 0.021513214 
630 389 22 27 0.021493005 
745 447 26 33 0.021346904 
661 273 21 25 0.02133751 
187 244 13 17 0.02131555 
252 322 12 18 0.021310572 
264 392 24 28 0.021272644 
786 143 7 9 0.021190803 
664 237 9 11 0.021010034 
207 213 9 11 0.02099403 
503 179 12 15 0.02097686 
798 421 24 30 0.020974906 
268 287 11 14 0.020956015 
641 205 9 11 0.020830646 
224 329 11 13 0.020806441 
839 420 11 15 0.020760171 
802 395 15 20 0.02072507 
342 421 11 16 0.020707626 
344 182 11 13 0.020701928 
543 174 10 13 0.020580461 
644 262 13 16 0.020567853 
742 306 12 17 0.020504136 
840 210 11 14 0.020475717 
607 299 14 16 0.020441812 
715 398 15 22 0.020378795 
463 205 10 14 0.020323327 
795 442 16 21 0.020266607 
711 206 8 10 0.020181127 
916 134 12 16 0.020166302 
289 269 9 13 0.020110874 
805 428 13 16 0.020061981 
