54_Rescue_rescuepeople_54_526
27
473 23 62 64 0.9945127 
384 818 91 159 0.83820456 
260 813 151 222 0.32638505 
222 830 135 161 0.08291456 
41 1176 23 28 0.06892364 
284 1111 16 20 0.05208974 
337 307 32 52 0.047695562 
18 1156 15 17 0.045808382 
5 905 15 19 0.040445123 
0 866 12 21 0.036025587 
768 1014 355 462 0.034674212 
493 0 61 71 0.032759994 
444 470 103 122 0.027857644 
110 881 24 30 0.02556766 
361 786 154 246 0.025040241 
802 1104 212 297 0.023936838 
33 1205 11 14 0.023265919 
711 396 14 17 0.022750314 
76 842 26 29 0.02262534 
396 534 106 131 0.022171669 
547 302 46 59 0.021623356 
501 643 30 36 0.021441383 
32 1138 24 28 0.02141751 
683 420 15 21 0.02108274 
680 368 10 12 0.020890053 
444 531 53 75 0.020176057 
146 800 181 226 0.020155376 
