54_Rescue_rescuepeople_54_840
32
224 29 179 179 0.77981645 
483 690 134 129 0.3169523 
280 861 30 37 0.09185713 
165 859 92 152 0.09080845 
413 681 161 113 0.075165935 
803 694 66 63 0.06479004 
647 548 32 38 0.05613308 
799 145 143 125 0.051994983 
787 763 40 60 0.051903278 
200 911 60 108 0.05039832 
131 869 111 225 0.049626477 
426 708 85 77 0.044782303 
526 733 78 89 0.040140055 
36 711 437 457 0.0371801 
113 830 116 140 0.036067452 
751 74 261 213 0.03251065 
325 994 23 30 0.032077473 
516 706 85 76 0.031850327 
319 1078 26 31 0.02811842 
150 863 66 82 0.026010964 
642 47 278 285 0.025724687 
84 -51 461 353 0.02553234 
956 566 63 71 0.024826428 
788 658 102 103 0.024024999 
442 709 46 44 0.022862516 
829 175 81 70 0.022809006 
97 809 186 234 0.02277092 
800 843 115 151 0.022558454 
238 823 34 40 0.021850703 
798 748 30 48 0.021492602 
688 -79 350 467 0.02109697 
803 1108 13 15 0.020236162 
