33_Running_Running_33_760
27
429 346 94 124 0.9991716 
530 85 520 517 0.30124113 
183 296 115 142 0.11634857 
583 156 30 35 0.108673155 
586 171 239 277 0.06574994 
591 209 38 47 0.044321045 
678 242 115 99 0.04159545 
158 215 195 230 0.035942983 
748 487 119 114 0.03352055 
589 199 61 78 0.033122357 
478 509 84 86 0.03202423 
310 191 61 72 0.030784987 
409 249 512 441 0.028028052 
172 682 16 21 0.027385328 
735 259 61 65 0.026525207 
576 151 50 56 0.026514962 
90 658 53 64 0.025878435 
413 194 25 28 0.024897026 
642 241 334 278 0.024728972 
49 104 515 422 0.024559159 
-64 350 459 411 0.024429925 
62 645 93 112 0.02328017 
599 236 40 48 0.021474836 
286 40 462 553 0.021089068 
31 692 49 70 0.020525996 
543 222 55 83 0.020292044 
235 262 21 25 0.020070266 
