33_Running_Running_33_266
119
482 252 50 63 0.99793136 
767 273 49 61 0.9979132 
611 121 43 54 0.9964747 
793 92 44 57 0.9960167 
358 257 52 71 0.99542314 
239 223 45 59 0.9952467 
871 197 48 57 0.9949596 
745 212 46 56 0.99144065 
94 259 49 62 0.9911379 
808 203 47 54 0.99105436 
183 173 43 46 0.9851344 
392 129 42 48 0.9850146 
922 103 29 47 0.9681184 
249 156 52 61 0.96455175 
-1 162 39 55 0.9449526 
281 207 43 45 0.9219592 
656 194 54 37 0.8900529 
480 148 30 41 0.84044063 
128 199 33 35 0.8224219 
510 175 48 45 0.8154328 
887 133 40 43 0.76331145 
34 166 31 39 0.74780846 
648 317 47 38 0.42492294 
896 117 30 40 0.3917448 
139 230 41 62 0.28025126 
153 143 25 29 0.25059608 
119 234 46 66 0.22135907 
118 152 29 34 0.2173689 
960 184 33 57 0.20041896 
502 154 39 48 0.19561087 
71 219 32 33 0.18712431 
989 207 32 56 0.17332967 
257 130 36 41 0.1724773 
56 141 29 38 0.13194515 
261 209 41 57 0.1118416 
154 147 31 44 0.107866585 
637 309 31 40 0.090970546 
328 164 28 35 0.086139046 
39 144 44 54 0.08265367 
17 171 36 41 0.072137244 
734 53 23 28 0.071659274 
639 186 57 64 0.06962661 
971 195 36 57 0.06364817 
8 109 10 14 0.063494556 
381 215 40 46 0.061644852 
483 103 23 33 0.06024608 
624 4 19 20 0.058911752 
424 131 25 33 0.056911875 
133 186 28 33 0.05687558 
226 150 23 32 0.054989405 
137 140 25 32 0.0543377 
170 150 29 42 0.051939216 
658 174 32 45 0.051295977 
45 134 27 33 0.050649907 
482 156 45 54 0.04911642 
289 194 33 37 0.048517205 
123 164 30 38 0.047991484 
275 182 34 49 0.046726786 
906 114 46 54 0.046225127 
-51 404 430 559 0.04405326 
374 193 43 50 0.04297906 
641 413 437 562 0.042430665 
148 138 19 23 0.041833576 
284 155 45 55 0.0393935 
375 124 20 30 0.038868994 
315 276 46 59 0.037936825 
674 298 41 52 0.035403028 
142 131 14 20 0.0353995 
611 6 15 17 0.033880074 
632 300 23 41 0.03354675 
438 130 23 31 0.033240512 
346 111 14 17 0.03303112 
878 146 45 57 0.032254647 
109 155 12 18 0.032217428 
124 147 16 18 0.031223293 
101 192 24 37 0.030872405 
924 99 16 22 0.030346455 
451 116 18 26 0.030079901 
482 158 20 23 0.028336225 
242 160 36 45 0.028036868 
479 46 12 16 0.027163977 
756 229 50 61 0.026949165 
300 257 29 39 0.026655283 
129 145 20 24 0.02601744 
82 221 50 65 0.02589309 
109 192 38 48 0.025694296 
145 192 18 22 0.025520576 
861 336 77 83 0.025479328 
101 98 15 22 0.024898136 
130 168 18 22 0.02457327 
-1 420 21 49 0.024484087 
899 596 12 14 0.024175739 
114 151 19 24 0.024175517 
610 4 27 27 0.023815298 
406 315 59 79 0.02352899 
948 605 11 14 0.023492983 
378 78 11 13 0.023387462 
315 160 28 39 0.023192642 
116 110 12 17 0.023139426 
417 533 28 33 0.023018222 
354 156 43 52 0.023011357 
689 292 45 55 0.0225665 
369 89 27 33 0.02251259 
304 199 21 24 0.021934835 
349 2 13 13 0.021793198 
81 198 32 41 0.021666333 
319 147 26 36 0.02161383 
69 198 28 42 0.021379199 
383 124 28 39 0.021293562 
272 128 20 25 0.021194307 
73 147 17 24 0.021177834 
126 201 19 23 0.0205836 
366 17 8 9 0.020553922 
196 413 436 570 0.020373786 
488 146 19 24 0.020313593 
974 168 43 65 0.020164218 
300 267 44 61 0.02014783 
380 82 11 16 0.020084368 
661 201 56 60 0.020057796 
