33_Running_Running_33_341
19
511 259 67 91 0.9971716 
42 311 254 221 0.07710214 
157 328 45 55 0.04997841 
-14 210 405 474 0.03878212 
369 1053 8 11 0.035224788 
597 255 27 34 0.032242704 
632 1090 11 14 0.029957497 
109 75 387 502 0.029173458 
379 1073 13 16 0.026208306 
255 1095 10 12 0.024633566 
840 1110 8 11 0.024286075 
599 1226 46 47 0.023925658 
116 1036 12 14 0.022404796 
610 270 19 27 0.022193197 
44 1139 11 14 0.02211786 
112 359 132 148 0.022086475 
117 288 57 71 0.0214627 
903 1003 12 14 0.020627448 
39 346 44 55 0.020214085 
