4.183754650147064602e+00
3.823158036015048555e+00
3.483739063375114853e+00
3.281242594354271347e+00
3.131940893736314901e+00
3.017882246917449329e+00
2.906822639615824322e+00
2.813797344100771536e+00
2.755760871961435043e+00
2.668512780011070618e+00
2.603374638542625519e+00
2.519861691324792208e+00
2.471156099429411945e+00
2.401691363580663818e+00
2.368018974197207083e+00
2.318510178916202591e+00
2.257241972519651529e+00
2.228504351207188261e+00
2.182268972259870932e+00
2.139576293921433781e+00
