1.869284256755935303e+01
1.633873498291702830e+01
1.480188744445765181e+01
1.382245331391784759e+01
1.312335640913951451e+01
1.261127463131217397e+01
1.205955118237074863e+01
1.161225397135159909e+01
1.120546082772823659e+01
1.077841440296691466e+01
1.045202049844383474e+01
1.002805695215367443e+01
9.755770913284758095e+00
9.397839436527364754e+00
9.208314773181211166e+00
8.918666793183881225e+00
8.570081454348860817e+00
8.470265913083686371e+00
8.183699840436810646e+00
7.999926993426699440e+00
