28_Sports_Fan_Sports_Fan_28_868
41
679 28 49 65 0.99656457 
512 248 33 44 0.9835909 
865 176 39 47 0.8726897 
803 171 43 54 0.08448339 
37 426 47 83 0.07626102 
933 185 21 26 0.07213705 
872 126 17 22 0.061619073 
896 268 18 21 0.06152121 
887 193 30 31 0.05493146 
138 255 15 20 0.039689906 
389 2 14 15 0.03766925 
841 171 45 58 0.031085469 
567 295 55 73 0.029338647 
262 251 16 22 0.027074296 
219 488 16 26 0.02677905 
580 309 33 44 0.026144551 
384 109 41 57 0.025843877 
254 118 40 50 0.025461566 
317 304 37 49 0.024998743 
852 204 11 13 0.024384333 
120 271 23 32 0.024330106 
497 258 33 38 0.023990741 
872 198 29 39 0.023986058 
784 54 49 75 0.02368447 
380 236 38 50 0.023438431 
320 437 41 52 0.02309988 
748 48 84 121 0.023085445 
17 112 56 79 0.022869702 
117 283 14 20 0.02282329 
200 316 18 22 0.02240184 
191 303 37 52 0.02201048 
317 182 40 50 0.021914277 
262 124 17 21 0.021716274 
6 369 49 66 0.021680744 
325 315 17 22 0.021566007 
201 61 18 24 0.021189738 
191 182 40 51 0.02071441 
799 32 47 68 0.020628916 
869 310 12 15 0.020435702 
384 247 24 30 0.020305544 
993 248 18 23 0.020268988 
