28_Sports_Fan_Sports_Fan_28_327
25
163 268 101 132 0.998708 
826 179 91 112 0.9986033 
91 304 38 45 0.99669576 
86 242 43 52 0.9871328 
738 274 33 40 0.9725644 
650 265 44 52 0.9580455 
954 245 20 30 0.90376496 
999 274 25 50 0.89779717 
0 271 22 32 0.8866219 
979 131 42 67 0.84975034 
348 96 99 167 0.3471257 
350 259 29 34 0.31613216 
272 533 524 500 0.28190497 
336 70 184 251 0.11904411 
980 283 33 49 0.033014618 
726 277 29 35 0.032945603 
414 664 230 192 0.0273439 
725 286 46 53 0.027235944 
711 297 33 40 0.027109927 
953 241 38 46 0.025254883 
319 588 9 11 0.02423813 
330 542 23 27 0.023876097 
743 290 22 25 0.023033246 
529 356 18 23 0.02145179 
315 122 87 140 0.021015119 
