28_Sports_Fan_Sports_Fan_28_265
24
498 80 238 343 0.9996288 
92 155 279 359 0.99911743 
948 334 10 12 0.06590201 
922 325 9 12 0.065397166 
377 358 421 448 0.060417335 
1010 317 8 11 0.047105737 
928 310 8 10 0.04311226 
973 206 9 12 0.038485948 
961 334 8 10 0.03731274 
925 318 11 14 0.03707075 
941 316 10 13 0.032246232 
910 348 9 11 0.031347573 
938 319 8 11 0.029309873 
942 311 9 11 0.026510926 
945 339 10 13 0.025137713 
403 75 17 19 0.02464741 
935 323 10 13 0.022965234 
902 362 11 15 0.02258063 
891 337 8 10 0.02245129 
925 331 10 12 0.021397935 
436 508 500 386 0.021240113 
912 254 9 11 0.020513676 
856 238 7 9 0.020314936 
911 316 9 11 0.020030713 
