28_Sports_Fan_Sports_Fan_28_7
988
473 645 112 144 0.9993824 
879 1128 95 145 0.9992512 
946 849 67 95 0.9980421 
144 668 57 68 0.9936386 
588 633 36 41 0.991598 
297 432 23 27 0.98968226 
979 664 31 38 0.98610604 
197 559 31 35 0.9843317 
653 580 21 39 0.9790845 
542 599 35 40 0.9790292 
86 861 68 102 0.9787578 
168 525 23 34 0.976763 
149 872 52 72 0.97638696 
199 655 48 62 0.9632469 
923 231 17 21 0.94358295 
51 782 54 64 0.9395892 
973 297 13 17 0.9319825 
2 563 37 53 0.92330974 
841 539 23 28 0.92205113 
292 278 13 20 0.9182253 
60 503 25 33 0.90958 
261 345 21 28 0.8965561 
813 809 33 41 0.8879558 
140 212 11 13 0.87908083 
923 313 14 17 0.8758998 
118 350 21 29 0.87151724 
194 303 17 24 0.86481327 
864 352 16 20 0.86269355 
631 50 14 17 0.8606943 
588 91 13 16 0.85843545 
881 401 15 20 0.85664564 
112 40 14 18 0.8451955 
247 31 11 15 0.83374393 
875 130 16 18 0.8223964 
190 415 24 27 0.8182681 
806 415 21 24 0.8176787 
199 130 13 17 0.8159473 
871 220 15 19 0.80312866 
495 585 22 30 0.7848407 
819 118 12 15 0.77819806 
806 140 10 14 0.7739682 
48 223 18 22 0.7697907 
789 22 12 15 0.7687213 
844 460 13 15 0.7552429 
222 222 13 16 0.74104613 
60 563 17 20 0.7409465 
142 261 14 17 0.73983073 
26 293 19 22 0.73973745 
941 275 17 20 0.7305983 
356 46 12 16 0.7276168 
89 13 13 16 0.7224923 
883 68 11 13 0.7192968 
941 168 12 16 0.6848598 
336 27 12 15 0.6826782 
485 70 9 12 0.67338634 
603 507 22 25 0.6683448 
8 75 14 17 0.6638539 
958 201 14 17 0.6579023 
351 101 13 16 0.64399886 
573 47 12 14 0.64012754 
847 48 10 12 0.6196407 
90 389 20 32 0.6177134 
90 566 36 44 0.6121991 
685 62 12 15 0.6027034 
925 170 10 13 0.5945643 
663 43 11 14 0.582194 
384 32 10 13 0.58208317 
33 383 22 29 0.58107173 
303 107 13 16 0.58080256 
163 218 11 15 0.5732386 
710 542 23 31 0.57313085 
706 109 14 17 0.57249284 
51 614 31 49 0.5584494 
782 117 13 16 0.5577306 
6 192 14 19 0.55499 
837 513 11 15 0.5543783 
38 129 13 17 0.53344184 
214 299 17 23 0.5156268 
818 538 22 24 0.5088519 
700 595 15 20 0.50452644 
878 7 10 13 0.5022108 
965 124 12 15 0.50181955 
883 298 17 19 0.49450415 
832 323 17 21 0.4930494 
126 270 16 21 0.49212933 
779 278 13 16 0.4874141 
76 237 14 17 0.48062107 
552 28 11 14 0.47953495 
955 107 11 15 0.4680967 
204 196 14 20 0.45202544 
927 692 41 47 0.4459056 
263 93 12 14 0.43829295 
963 235 11 16 0.41960955 
840 145 11 14 0.383987 
85 199 21 27 0.38174668 
744 76 11 14 0.37385127 
-3 1088 78 155 0.37334993 
918 388 12 14 0.3706369 
125 9 12 15 0.36799178 
857 236 9 12 0.3660895 
284 37 13 16 0.3652032 
429 62 13 17 0.36442694 
548 60 13 16 0.3615709 
387 79 14 18 0.35990736 
862 172 13 15 0.3562602 
169 91 13 16 0.3547979 
374 45 12 15 0.3544954 
54 266 16 20 0.35386652 
918 189 13 17 0.35298735 
207 77 11 14 0.35189527 
1008 341 12 16 0.35184726 
621 83 9 12 0.35173947 
132 127 14 19 0.3464635 
122 872 58 84 0.34639472 
863 257 14 17 0.3463041 
972 125 13 15 0.3356108 
19 18 11 16 0.3329553 
817 1216 57 99 0.3297735 
894 488 12 17 0.3292086 
481 56 9 11 0.32640502 
700 87 11 14 0.3263728 
591 12 11 14 0.32599407 
603 49 13 16 0.32490584 
336 0 11 11 0.31500283 
83 280 18 20 0.30679315 
477 7 11 13 0.30564275 
932 115 12 14 0.30331862 
108 70 13 18 0.2951796 
891 241 11 15 0.29252514 
159 121 15 18 0.2879533 
835 123 12 15 0.28601095 
708 50 13 15 0.2835961 
631 110 10 12 0.28301173 
984 51 10 13 0.28168768 
258 155 13 21 0.27968228 
315 635 40 62 0.2748283 
214 92 13 17 0.27472037 
73 45 10 13 0.2720533 
203 98 12 16 0.26777193 
203 235 12 17 0.26315638 
894 174 12 15 0.26285586 
503 38 10 13 0.26260382 
604 29 9 12 0.26196104 
823 64 10 12 0.25963613 
828 45 10 12 0.2557048 
95 240 13 17 0.25416222 
737 91 10 13 0.2525953 
793 93 10 12 0.25135282 
210 357 23 26 0.24964556 
145 18 11 14 0.24942946 
980 79 11 15 0.24917005 
942 2 11 11 0.24744502 
284 365 13 18 0.24507865 
271 228 12 15 0.24471678 
833 231 10 13 0.24191904 
616 37 11 15 0.23675545 
883 154 12 15 0.23404583 
61 162 16 20 0.2320572 
916 151 10 13 0.22595887 
1007 363 12 16 0.22544646 
238 403 26 29 0.22467354 
815 230 11 14 0.22369148 
669 634 24 37 0.22216411 
465 37 10 13 0.2211483 
750 112 11 13 0.21315958 
837 281 13 18 0.2062285 
588 35 10 13 0.20433556 
909 131 11 14 0.2027769 
902 426 15 18 0.20008305 
219 91 15 20 0.19949456 
182 65 12 14 0.19812869 
636 22 9 11 0.19655187 
361 125 11 14 0.19296777 
108 383 18 23 0.19236629 
371 1 20 19 0.18998975 
846 426 11 13 0.18931958 
449 62 11 14 0.18856406 
859 71 9 12 0.18782286 
1011 300 11 17 0.1875537 
934 13 9 12 0.18381804 
995 198 12 15 0.18317701 
251 311 15 20 0.18260396 
102 74 12 15 0.18087044 
548 53 12 15 0.18064296 
319 50 13 16 0.17753743 
798 261 14 16 0.17662445 
776 7 8 10 0.17615198 
452 44 10 13 0.17272295 
262 229 10 15 0.16654254 
444 15 11 14 0.16596198 
91 276 17 24 0.1635643 
509 59 13 15 0.16280527 
263 122 14 17 0.1573818 
519 38 11 13 0.1568882 
468 52 9 13 0.15540172 
133 36 10 14 0.15478623 
904 31 9 12 0.15438977 
896 630 13 16 0.15108162 
649 100 11 14 0.14257322 
902 139 12 16 0.13757339 
407 115 14 18 0.13580613 
958 456 15 17 0.13552247 
779 381 13 17 0.13539636 
867 265 14 20 0.13514358 
811 187 13 18 0.13459493 
675 92 12 15 0.13287263 
205 229 12 16 0.1317559 
431 22 10 14 0.13125862 
988 276 12 15 0.12730327 
202 306 15 24 0.12654632 
443 85 12 15 0.12566583 
724 729 43 62 0.123672284 
-1 133 11 22 0.122490324 
295 56 11 13 0.12175405 
185 78 10 13 0.12081967 
674 632 15 23 0.11867448 
518 93 9 12 0.1182959 
404 55 10 13 0.118085444 
984 228 12 16 0.116105616 
926 526 12 16 0.11351497 
456 4 11 12 0.112588376 
761 85 10 13 0.11000163 
43 324 15 18 0.10959467 
742 83 12 16 0.10905572 
701 69 11 13 0.10606334 
562 5 9 10 0.10593524 
855 274 12 19 0.10406159 
1005 234 14 19 0.10406 
176 244 10 13 0.10343571 
323 92 13 16 0.10089095 
846 65 8 11 0.100705065 
820 19 9 12 0.10049657 
1004 430 18 28 0.09977256 
879 580 12 17 0.09977042 
297 569 15 19 0.09843405 
140 74 14 19 0.09777146 
501 95 9 12 0.09747229 
858 293 10 14 0.095929876 
837 253 9 12 0.09513695 
494 39 9 12 0.094523974 
926 371 14 18 0.09388289 
994 595 17 22 0.093716554 
185 254 11 13 0.09362172 
105 558 37 43 0.093032815 
17 179 15 20 0.09284746 
764 775 32 39 0.09129992 
11 187 14 21 0.09037131 
980 530 16 23 0.09025082 
212 226 12 15 0.088182226 
123 232 13 17 0.0881135 
903 88 9 11 0.087763526 
575 629 33 42 0.08761556 
799 128 10 11 0.084190786 
543 2 10 10 0.083949074 
877 627 10 13 0.08341437 
139 313 14 18 0.082203194 
302 5 12 15 0.08206364 
238 238 13 16 0.081842065 
860 271 13 20 0.08082041 
56 35 12 15 0.08008732 
296 140 14 20 0.079999186 
439 19 11 14 0.07979275 
46 8 12 15 0.07861437 
1013 58 10 18 0.07856447 
925 283 13 18 0.078366734 
833 6 8 11 0.07811902 
896 139 12 15 0.07787915 
69 790 57 71 0.07738712 
929 77 9 12 0.07731896 
918 650 16 20 0.07595906 
72 586 42 51 0.075897746 
127 312 14 19 0.07577762 
52 170 14 19 0.074425034 
638 5 8 9 0.07337334 
662 49 11 15 0.07273423 
96 75 11 14 0.071859345 
400 39 9 11 0.071760856 
370 96 16 20 0.071587525 
941 131 12 15 0.071407765 
522 532 43 54 0.071237706 
624 110 11 13 0.07077238 
674 84 13 17 0.06998742 
241 15 9 12 0.06890183 
548 118 13 15 0.06886522 
662 29 10 12 0.06850301 
30 562 23 37 0.068117954 
227 92 14 18 0.06774282 
38 115 15 19 0.067639306 
797 68 11 15 0.06578987 
353 49 10 14 0.06562437 
235 533 22 25 0.06532427 
860 124 12 16 0.064943 
840 29 9 12 0.06488469 
76 19 9 12 0.06479561 
907 138 12 15 0.06477838 
133 44 10 15 0.06430582 
870 87 11 14 0.06414579 
326 98 12 15 0.064023234 
915 595 16 25 0.064004555 
882 40 8 11 0.06397109 
738 60 8 11 0.06338158 
221 188 12 16 0.06301118 
180 6 10 12 0.06178689 
885 40 10 12 0.06171581 
317 297 14 20 0.061444424 
141 60 12 14 0.061104666 
159 93 10 13 0.060451046 
582 30 11 14 0.05980515 
822 186 12 17 0.059627093 
496 94 11 13 0.05940685 
836 235 9 12 0.058357682 
774 10 11 13 0.057785306 
78 812 59 91 0.057353623 
205 400 17 19 0.057005923 
747 71 11 13 0.056803904 
957 39 10 12 0.056745593 
977 38 9 10 0.056705378 
756 17 11 13 0.056538075 
888 644 12 15 0.056287464 
230 85 10 14 0.055492993 
936 344 16 19 0.05536306 
846 163 10 13 0.055318788 
107 357 26 30 0.055181794 
809 51 10 13 0.055138547 
632 92 9 12 0.054529913 
911 88 8 12 0.054493167 
188 277 13 16 0.054353125 
577 618 24 30 0.053915985 
832 254 9 12 0.053882137 
983 220 12 17 0.053862114 
140 331 12 15 0.053831257 
885 268 13 16 0.053334378 
388 35 10 13 0.05314435 
300 377 15 20 0.053106066 
436 45 10 13 0.05309112 
467 46 11 14 0.05278496 
963 21 12 14 0.052565902 
115 69 13 17 0.05252786 
914 71 9 10 0.05244034 
936 5 10 13 0.052121483 
230 190 12 16 0.05180533 
624 22 9 12 0.051642947 
121 155 13 17 0.051114596 
886 516 14 22 0.051017147 
944 87 10 13 0.05101148 
553 750 35 55 0.050819986 
968 673 48 63 0.05071594 
208 278 12 14 0.050695635 
839 452 12 16 0.050150905 
425 109 23 29 0.049457114 
208 303 18 25 0.049252335 
455 31 9 11 0.049117867 
12 713 24 33 0.04905318 
950 55 9 11 0.04900525 
842 282 16 18 0.048999637 
43 556 25 35 0.048902337 
906 1 10 10 0.04889419 
132 12 11 14 0.048315372 
903 55 8 11 0.04822731 
414 23 8 9 0.048226736 
983 212 12 16 0.04817442 
52 499 42 51 0.047909357 
-1 859 36 87 0.047903728 
182 394 38 46 0.047659177 
805 191 16 18 0.04761044 
982 142 13 16 0.047240913 
968 54 9 13 0.046991635 
138 131 12 17 0.046938896 
300 54 9 13 0.04676449 
657 44 11 14 0.046693873 
789 805 48 62 0.046630364 
712 72 9 11 0.04659188 
649 60 9 12 0.046455573 
552 15 8 9 0.046384417 
80 239 17 20 0.046252277 
392 3 11 14 0.04597464 
212 86 13 14 0.045839608 
970 283 15 19 0.045828477 
88 52 11 13 0.04580565 
887 488 15 19 0.04575547 
750 132 12 15 0.045521405 
846 24 8 10 0.045255452 
318 119 13 15 0.045226373 
584 85 14 18 0.04512921 
787 121 12 15 0.045118775 
489 39 10 11 0.045045707 
1005 497 14 17 0.04504145 
484 62 12 16 0.044997673 
29 123 13 18 0.04474629 
288 569 24 32 0.044595625 
789 424 15 19 0.04453914 
67 459 62 72 0.044249814 
915 377 21 25 0.044078343 
849 237 10 13 0.043794956 
605 5 8 10 0.043540765 
45 199 12 13 0.04336366 
174 33 12 16 0.043345198 
698 587 15 18 0.043310504 
276 272 17 21 0.04325337 
996 69 11 16 0.043250896 
577 23 10 12 0.04282708 
347 139 14 16 0.042824186 
988 213 14 16 0.04281973 
856 190 9 12 0.04276237 
950 87 10 13 0.042674582 
638 86 9 12 0.042360634 
560 95 9 12 0.042174738 
614 122 13 17 0.04205961 
649 537 33 39 0.0419459 
777 102 9 11 0.041890815 
340 60 10 14 0.041673176 
87 87 11 15 0.04135984 
469 21 11 14 0.041139543 
950 149 12 15 0.04112253 
886 86 9 11 0.04110425 
98 387 18 24 0.041029826 
291 361 16 19 0.040991075 
694 68 11 14 0.04095912 
889 402 14 18 0.040935036 
796 418 23 28 0.04089038 
309 35 11 13 0.040789332 
815 168 11 13 0.040611096 
877 589 14 20 0.040535547 
141 37 11 14 0.040479865 
617 14 8 11 0.040161002 
502 21 10 11 0.040020604 
841 63 9 12 0.03981847 
952 71 9 11 0.03975263 
330 102 12 15 0.039745964 
557 608 41 55 0.03962004 
277 78 10 13 0.039467424 
426 23 9 12 0.039354 
472 10 12 15 0.039323222 
512 21 9 11 0.039197844 
60 31 11 14 0.03915863 
760 93 10 12 0.039052706 
930 13 9 11 0.038980875 
76 118 13 17 0.038929768 
721 92 9 12 0.038812637 
185 216 10 12 0.038727798 
68 580 28 36 0.0386622 
917 284 14 17 0.03839592 
992 202 13 16 0.038345814 
351 1 11 11 0.038331963 
768 42 12 15 0.03828435 
254 328 29 34 0.03808493 
657 21 9 12 0.037989896 
681 4 9 10 0.037873752 
557 23 10 14 0.037858438 
911 15 10 13 0.03769606 
875 268 16 18 0.037589706 
224 10 10 15 0.03753949 
667 37 11 15 0.03740016 
519 14 8 11 0.03738511 
302 670 47 63 0.037369233 
906 16 7 10 0.03723646 
161 648 65 87 0.037228983 
396 562 17 21 0.03679524 
787 1226 102 133 0.036786698 
290 371 18 21 0.03673425 
317 57 12 15 0.03670744 
628 103 12 15 0.036662206 
719 86 10 13 0.03659018 
910 55 9 11 0.03645765 
766 103 7 10 0.036435165 
884 194 14 17 0.036303908 
671 99 12 14 0.036280964 
259 398 19 27 0.03610998 
620 115 11 15 0.035987895 
333 82 11 18 0.035922583 
904 388 9 12 0.035911262 
526 103 12 16 0.035785135 
181 33 12 16 0.035688482 
853 163 11 14 0.035662074 
987 516 10 13 0.035509333 
113 396 30 38 0.035079196 
917 40 9 11 0.03489688 
904 104 8 11 0.03488521 
793 71 10 12 0.0346498 
636 110 9 12 0.03455352 
869 506 16 18 0.03453219 
105 359 41 55 0.034339063 
281 100 11 15 0.034278363 
236 100 10 13 0.034181006 
968 277 14 16 0.033863872 
365 45 11 15 0.033798054 
837 5 9 12 0.033766277 
545 29 10 13 0.03374707 
716 75 11 14 0.03368789 
608 95 9 12 0.033495344 
761 101 9 12 0.033415373 
835 446 11 15 0.0334152 
656 16 9 10 0.03339985 
733 31 9 11 0.033312965 
825 40 10 13 0.033218376 
934 121 13 15 0.033195436 
849 652 11 13 0.03303132 
872 623 12 15 0.03299946 
253 313 24 29 0.032898977 
854 240 13 16 0.032823686 
286 51 14 17 0.03281959 
488 589 41 51 0.032654352 
42 7 11 13 0.03256377 
-1 350 7 13 0.032462817 
874 404 13 16 0.032356482 
220 184 11 13 0.032299202 
134 317 16 20 0.032276887 
52 154 20 27 0.032270852 
463 31 11 14 0.032189388 
218 349 17 25 0.032156624 
964 17 10 11 0.03210648 
26 19 13 16 0.03206533 
528 7 7 10 0.03199073 
509 5 10 11 0.03193445 
455 12 9 12 0.03188669 
201 62 10 13 0.031788122 
99 276 14 19 0.031761307 
987 47 12 15 0.031641096 
794 643 16 20 0.03163407 
46 372 29 34 0.03156619 
65 1112 39 44 0.031514727 
881 584 14 21 0.031481676 
307 338 39 43 0.03147625 
648 107 12 15 0.031471957 
567 611 26 32 0.03146773 
449 40 9 12 0.031434268 
812 47 10 13 0.031292915 
697 75 11 14 0.031286873 
24 121 11 17 0.031232057 
892 45 9 11 0.031225286 
757 37 11 14 0.031168155 
152 46 8 11 0.031075032 
1011 355 12 20 0.030988289 
880 86 8 12 0.030975059 
16 510 25 39 0.030954383 
240 108 10 14 0.030888725 
647 37 9 13 0.03075715 
59 378 16 19 0.03075328 
213 292 16 20 0.030751506 
1000 363 14 18 0.0307421 
256 231 13 17 0.030581059 
866 47 8 10 0.030579356 
-1 82 7 13 0.03054406 
151 230 12 16 0.03053806 
569 50 11 15 0.03046657 
273 234 13 16 0.03041645 
207 223 13 16 0.030402364 
262 107 14 16 0.030362252 
833 119 10 13 0.03034202 
105 390 26 35 0.030142756 
18 527 14 20 0.030116402 
583 2 9 9 0.030113388 
877 875 10 12 0.030110655 
184 103 11 14 0.03010828 
930 413 9 12 0.03010819 
439 39 9 12 0.030031228 
931 376 13 18 0.029910006 
43 150 14 20 0.029803922 
656 52 10 13 0.029762061 
211 282 15 19 0.02974533 
990 127 10 13 0.02962661 
872 53 8 10 0.029591292 
365 118 13 17 0.029558437 
140 267 15 20 0.029525008 
901 405 11 14 0.029471781 
591 467 10 12 0.029394343 
213 261 13 15 0.029385615 
753 743 41 53 0.029373152 
933 280 13 19 0.029349836 
830 1178 82 121 0.029300537 
672 79 12 15 0.029267052 
137 82 14 19 0.029228635 
319 95 13 16 0.029224418 
832 260 8 11 0.029169785 
218 641 45 66 0.029136846 
735 566 13 18 0.029129248 
438 27 10 13 0.029104335 
731 1170 70 90 0.029098758 
530 22 9 12 0.029040638 
750 61 10 12 0.029038776 
998 581 22 39 0.028951902 
658 27 10 13 0.02894608 
1010 52 11 17 0.02891218 
71 336 15 19 0.028843245 
1007 513 11 16 0.028842483 
669 51 10 14 0.028800696 
182 388 25 31 0.028699942 
92 53 12 14 0.028691234 
328 86 15 21 0.028611133 
333 616 44 61 0.028588977 
69 250 13 17 0.028556935 
917 551 11 15 0.028534653 
993 210 16 19 0.028481398 
982 219 21 28 0.028446628 
991 132 11 14 0.028433468 
390 60 9 11 0.028424207 
367 20 10 13 0.028340267 
761 78 10 14 0.02825222 
270 86 11 14 0.028203417 
647 115 10 14 0.028159166 
727 505 33 39 0.02815876 
765 77 10 12 0.028154934 
997 163 11 15 0.028153734 
520 68 9 12 0.028138073 
624 52 11 14 0.028078575 
894 424 24 29 0.028017206 
77 50 11 14 0.028005088 
987 232 12 15 0.028002912 
821 235 9 12 0.027852118 
543 120 13 16 0.027714418 
851 426 10 14 0.027687242 
945 78 9 10 0.027651746 
617 62 10 12 0.027631674 
302 45 11 14 0.027586024 
660 23 10 12 0.027577225 
130 385 15 18 0.027546398 
917 14 9 12 0.027545135 
815 252 9 12 0.027490405 
812 183 21 26 0.027490081 
10 198 13 20 0.027296435 
287 379 42 52 0.027290536 
871 126 14 16 0.027274711 
180 240 10 13 0.027217329 
772 694 25 31 0.02717629 
906 124 12 16 0.02715293 
15 352 16 19 0.027150333 
86 579 15 20 0.027083661 
193 0 9 10 0.027079966 
286 126 11 13 0.027075507 
586 5 9 11 0.027068954 
23 305 21 28 0.027024858 
842 422 11 14 0.027012054 
551 77 10 13 0.027008023 
819 507 11 14 0.027007686 
830 50 10 13 0.026922608 
770 5 11 12 0.026741333 
573 62 10 13 0.026729517 
271 53 10 13 0.02672157 
796 157 15 19 0.026700199 
936 103 9 11 0.026699938 
434 66 12 15 0.026674971 
21 0 10 9 0.026606245 
924 531 15 20 0.026556116 
149 206 10 13 0.02655255 
620 43 10 13 0.026548825 
786 1210 68 97 0.026521845 
94 58 14 17 0.026511518 
31 373 42 53 0.026503406 
405 39 8 11 0.026471695 
901 253 13 17 0.026444234 
92 65 20 24 0.026386116 
469 29 10 14 0.026379272 
821 166 11 14 0.026339319 
288 162 11 14 0.026323067 
995 484 24 30 0.026303846 
955 306 12 17 0.02629484 
864 670 36 50 0.02628842 
685 134 12 15 0.026287504 
893 409 12 17 0.026253168 
896 13 8 10 0.02622557 
380 52 11 13 0.026212884 
125 29 12 16 0.026188334 
891 519 23 25 0.026187452 
870 47 8 11 0.026170101 
977 212 10 14 0.026018687 
276 174 12 16 0.02593429 
312 61 10 12 0.025887411 
63 571 25 32 0.025877828 
167 77 11 13 0.025874095 
23 275 12 14 0.025856266 
945 164 13 17 0.025817214 
200 68 10 12 0.025813274 
910 120 11 15 0.025773775 
938 116 12 15 0.025765263 
684 29 11 13 0.025700318 
277 123 11 15 0.025664482 
103 572 21 27 0.025651371 
36 313 20 28 0.025642812 
149 115 16 20 0.025596391 
152 53 9 11 0.025583774 
877 102 9 11 0.02558092 
245 111 9 12 0.025576215 
988 196 21 26 0.025571402 
661 15 9 10 0.025544543 
117 272 18 21 0.025502205 
758 680 44 57 0.025481598 
312 54 9 12 0.025417207 
24 221 10 13 0.025410859 
920 110 9 11 0.025401782 
901 342 9 13 0.025400728 
952 674 42 53 0.025389193 
981 207 23 28 0.025385436 
156 234 11 14 0.025343971 
513 15 10 12 0.025334256 
53 225 21 26 0.025268413 
894 108 10 12 0.025264975 
524 93 12 15 0.025240444 
175 269 10 14 0.025221208 
6 343 23 31 0.02519596 
949 510 24 25 0.02518397 
297 358 17 20 0.02515044 
438 50 10 13 0.02513117 
918 93 8 10 0.025117708 
330 0 9 9 0.025031846 
41 199 10 12 0.02502872 
102 602 14 17 0.025016729 
372 18 12 15 0.025001647 
227 3 12 19 0.024991512 
630 587 28 33 0.024976885 
398 114 21 29 0.024948744 
155 1321 61 53 0.024940174 
927 83 10 13 0.02491975 
13 573 48 63 0.024886861 
330 29 10 13 0.02485735 
31 61 21 25 0.024830284 
277 61 10 13 0.024820007 
631 27 10 13 0.02480672 
694 6 8 9 0.024770282 
4 121 16 20 0.024708798 
982 125 11 14 0.02468228 
847 116 12 14 0.02466243 
323 124 11 15 0.024659699 
618 111 9 13 0.024652429 
780 133 13 15 0.024633145 
262 224 12 15 0.024627721 
985 118 9 11 0.02462084 
843 46 10 13 0.02453234 
990 179 10 13 0.024530001 
649 13 9 11 0.02452699 
624 28 9 12 0.024516635 
990 76 11 14 0.024504066 
376 29 9 12 0.024504 
920 365 23 30 0.024471177 
309 113 12 15 0.024471002 
170 30 11 14 0.024406122 
767 72 9 11 0.024397086 
895 326 11 13 0.024380058 
822 156 11 12 0.02437586 
424 85 9 11 0.024341399 
512 79 8 11 0.024340492 
284 95 12 14 0.024330728 
243 252 14 20 0.024321424 
31 26 12 16 0.02431858 
505 3 10 12 0.024287578 
899 55 7 10 0.024282683 
293 383 14 18 0.024280343 
202 77 9 13 0.024203138 
50 202 14 16 0.024186004 
950 196 22 29 0.024146486 
341 32 11 14 0.024144873 
958 69 8 11 0.02413844 
40 119 20 27 0.024110368 
80 203 16 17 0.024109203 
935 387 12 17 0.024066105 
709 85 11 14 0.024049345 
518 96 13 17 0.024034528 
366 11 14 15 0.024031667 
646 29 11 13 0.023942113 
653 0 10 9 0.023917044 
319 69 11 14 0.023883335 
136 261 14 18 0.023877328 
92 577 17 22 0.023821374 
251 404 20 27 0.023821028 
797 284 10 13 0.023795845 
829 68 10 13 0.023764672 
803 254 14 18 0.02373621 
277 419 15 19 0.02372676 
368 29 9 12 0.023725707 
445 78 12 16 0.023706166 
929 111 10 13 0.023694128 
679 53 11 13 0.023686683 
219 284 15 18 0.02368568 
633 642 26 34 0.02366226 
579 45 11 15 0.023656072 
943 159 12 16 0.023650585 
817 156 9 12 0.02364335 
515 527 34 42 0.023590105 
108 280 16 19 0.023586698 
889 22 8 11 0.023566822 
87 78 11 15 0.023550943 
844 413 12 14 0.023547422 
589 69 11 13 0.02354257 
844 135 12 15 0.023509674 
198 0 9 9 0.023441544 
594 91 12 15 0.023405088 
274 223 14 17 0.023388615 
941 15 8 11 0.02338462 
147 75 12 16 0.023360368 
1 127 16 25 0.023312194 
649 0 9 9 0.023303661 
982 195 12 15 0.023280803 
224 114 11 15 0.023277264 
117 28 13 16 0.023228792 
972 194 12 16 0.023205834 
982 281 13 16 0.02318732 
176 68 10 12 0.023108643 
772 752 41 53 0.023082903 
291 628 75 98 0.023033878 
441 546 15 18 0.022983668 
122 67 13 18 0.02297981 
227 299 14 21 0.022966595 
549 5 10 11 0.022957424 
894 102 9 12 0.022954354 
891 268 10 15 0.022899453 
872 492 24 26 0.0228971 
381 90 13 18 0.022885907 
270 274 13 18 0.022873187 
897 86 9 12 0.022828586 
242 318 25 31 0.022804013 
258 308 16 23 0.022737442 
876 93 10 13 0.022715703 
510 46 10 11 0.022699216 
36 78 14 17 0.02267394 
915 125 11 15 0.022659287 
696 45 9 13 0.022652993 
520 8 9 12 0.022647806 
789 15 12 15 0.022636116 
146 211 12 15 0.022601271 
367 106 13 17 0.022596577 
846 123 10 13 0.022559669 
544 23 8 11 0.022539888 
853 118 11 14 0.022531686 
897 176 14 16 0.02252719 
597 86 10 13 0.022466099 
27 136 15 17 0.022454312 
245 1 10 10 0.022444678 
505 55 10 13 0.022426821 
964 443 16 22 0.022426195 
841 163 10 13 0.022416497 
406 45 9 11 0.022412732 
758 54 10 12 0.022405619 
413 670 33 47 0.022405546 
43 209 19 23 0.022390254 
982 270 15 18 0.022373809 
881 55 7 10 0.022355884 
823 255 8 11 0.022305341 
640 79 10 13 0.022301331 
88 69 12 15 0.02229907 
271 267 14 18 0.02227827 
764 775 16 23 0.022272965 
565 2 10 10 0.022271397 
235 83 11 14 0.022258233 
612 602 14 19 0.022239123 
839 247 9 13 0.022237187 
176 -1 10 11 0.022235848 
918 201 13 16 0.02223252 
395 82 12 16 0.022080379 
832 278 11 15 0.022063013 
948 31 8 11 0.022044688 
61 252 15 19 0.02203128 
949 76 10 12 0.022028156 
190 319 16 19 0.022013305 
686 111 11 14 0.022010311 
668 536 16 21 0.0219971 
533 14 10 13 0.021985373 
543 13 10 13 0.021981815 
846 595 10 12 0.021950865 
1004 660 14 24 0.021936722 
938 46 8 10 0.021918826 
876 261 13 17 0.021915104 
856 259 13 17 0.021907572 
587 75 14 16 0.021888662 
837 130 13 16 0.021885075 
83 248 14 17 0.021860095 
794 28 11 13 0.021841338 
423 1 10 10 0.021816602 
934 150 9 13 0.02179793 
30 76 14 18 0.021792503 
448 54 10 12 0.021789834 
597 21 11 14 0.021771828 
245 181 12 15 0.021762604 
905 119 10 13 0.021759136 
828 162 12 15 0.02174781 
86 58 12 15 0.021741899 
793 265 12 16 0.021741249 
840 321 16 21 0.021740707 
268 395 22 29 0.02174023 
83 116 15 19 0.02173535 
859 596 12 15 0.0216637 
686 5 8 10 0.021650625 
156 75 13 16 0.021646414 
141 27 12 15 0.021646256 
753 55 8 12 0.021610977 
900 518 14 16 0.021593112 
777 86 8 11 0.021578943 
213 5 14 17 0.021571139 
590 530 12 14 0.021557713 
973 52 10 14 0.021554822 
959 128 12 15 0.021539237 
28 256 16 20 0.021532085 
723 560 13 18 0.021528602 
21 4 12 13 0.021528395 
277 54 11 14 0.021515153 
206 92 18 22 0.021472545 
958 115 12 15 0.02146593 
850 452 14 18 0.021460919 
410 21 9 11 0.021443933 
984 457 13 17 0.02139416 
766 0 11 12 0.021372283 
113 650 44 59 0.021343604 
914 194 13 16 0.021335652 
432 15 9 13 0.02133036 
129 48 12 16 0.0212951 
266 97 12 15 0.021274576 
683 55 13 16 0.021269567 
300 323 20 31 0.021265784 
855 196 9 12 0.02124993 
793 133 11 13 0.021236526 
191 124 15 19 0.0212029 
871 78 9 11 0.021181747 
127 223 12 15 0.021179704 
613 99 10 13 0.021143205 
871 594 12 16 0.021126466 
950 142 11 15 0.02111282 
952 521 14 16 0.021054843 
539 544 32 37 0.021040415 
103 140 11 14 0.021039898 
842 514 12 16 0.021038078 
49 328 14 17 0.021031033 
68 266 13 18 0.021025183 
119 124 13 17 0.02101964 
211 69 12 15 0.0210123 
772 19 12 15 0.020988435 
760 0 10 10 0.02097925 
531 107 12 14 0.020974558 
101 268 12 18 0.020945624 
907 626 15 19 0.020936927 
895 117 10 12 0.020924691 
615 7 9 11 0.020917218 
966 38 8 11 0.02090276 
952 457 14 17 0.020899959 
858 618 14 17 0.020847235 
193 188 24 29 0.020837847 
741 56 9 12 0.020836618 
921 213 11 14 0.020821992 
838 269 11 16 0.020816168 
45 161 16 23 0.020759186 
189 83 9 12 0.020734036 
297 563 24 31 0.020733647 
565 29 10 14 0.020713452 
776 94 11 14 0.02068816 
181 269 11 14 0.020686494 
608 124 12 14 0.020675868 
777 793 80 98 0.020649394 
895 135 19 25 0.02064555 
494 88 11 15 0.02064424 
277 69 11 14 0.020624751 
934 622 29 36 0.02061642 
951 60 9 12 0.020611146 
237 179 13 16 0.020597791 
871 198 10 13 0.020563297 
229 107 11 15 0.020547636 
615 31 10 13 0.020505797 
245 624 47 63 0.020493742 
885 640 19 25 0.020491885 
665 100 10 14 0.02048689 
728 53 10 13 0.02045141 
958 63 9 12 0.020445345 
829 63 9 12 0.02043437 
70 242 21 27 0.020374667 
937 20 8 9 0.020373154 
750 93 10 13 0.020365441 
344 135 13 14 0.020362973 
934 207 10 13 0.02035179 
855 252 13 15 0.020349039 
997 497 23 33 0.020322094 
554 52 11 16 0.020307714 
886 629 11 15 0.020305635 
963 466 12 16 0.020304373 
926 132 10 14 0.020281775 
276 340 13 19 0.02027714 
884 234 19 24 0.020261424 
424 54 8 10 0.020258524 
680 65 13 16 0.020245317 
859 280 13 21 0.02022946 
621 15 9 12 0.020226747 
884 387 16 19 0.020198775 
527 64 9 11 0.020181883 
827 801 42 60 0.020178482 
490 94 10 13 0.020145236 
97 204 12 16 0.020129122 
996 385 25 33 0.020115253 
984 23 8 11 0.020087458 
818 537 40 49 0.020081546 
155 107 16 21 0.020076161 
606 36 11 13 0.02003412 
4 270 23 30 0.020031743 
92 267 16 22 0.020031143 
