28_Sports_Fan_Sports_Fan_28_751
38
522 233 64 74 0.99649835 
193 128 47 62 0.9964605 
17 153 40 56 0.9889619 
130 3 30 43 0.94938034 
678 18 42 53 0.25361767 
170 138 25 38 0.1808766 
837 426 89 115 0.12906899 
932 -1 34 28 0.0956949 
7 345 103 198 0.07814529 
92 183 14 16 0.07132601 
408 346 49 53 0.067278825 
323 478 40 51 0.057041097 
628 10 94 100 0.048055056 
978 402 24 32 0.036187064 
723 454 398 492 0.03489251 
429 362 27 33 0.0347546 
784 0 29 30 0.031153774 
147 2 36 38 0.030626083 
98 156 15 19 0.02986161 
99 0 28 25 0.0295773 
780 401 96 118 0.028573416 
381 353 68 65 0.028132705 
125 46 12 15 0.028110629 
441 1 33 32 0.027567197 
645 313 47 56 0.026543496 
926 15 92 169 0.026434356 
360 313 42 50 0.025962312 
712 -1 17 14 0.02532405 
304 359 9 11 0.025008436 
887 27 16 20 0.024234239 
8 50 30 37 0.023729311 
-1 337 21 39 0.023343936 
103 2 39 42 0.023082122 
305 41 33 37 0.02203577 
402 340 31 35 0.020866962 
884 4 98 145 0.020551924 
365 325 50 58 0.020543408 
930 40 35 49 0.020351017 
