28_Sports_Fan_Sports_Fan_28_2
65
627 227 142 177 0.9985318 
211 334 118 138 0.9876665 
109 310 11 15 0.19626413 
524 434 15 18 0.13003246 
94 323 8 11 0.090344384 
17 287 9 11 0.08013613 
58 303 9 12 0.07280282 
536 383 32 48 0.06136815 
76 319 10 13 0.055821 
970 508 28 29 0.05504297 
976 468 9 12 0.05465547 
321 459 23 29 0.053858656 
397 413 15 19 0.049336784 
13 267 9 12 0.04306497 
62 307 9 11 0.0420672 
73 223 8 10 0.04139381 
82 271 9 11 0.03797767 
90 320 10 12 0.037603065 
8 263 10 13 0.035851683 
1011 453 11 14 0.032221653 
14 237 7 10 0.03203285 
90 221 7 10 0.030381186 
453 336 9 10 0.030317979 
24 279 8 10 0.029283496 
6 300 10 12 0.029249452 
452 403 12 14 0.028289212 
486 420 21 26 0.028234782 
447 398 9 12 0.028102499 
71 278 8 11 0.02754967 
508 428 10 13 0.02754065 
429 388 8 10 0.027089253 
434 431 32 37 0.0263521 
41 272 7 10 0.025937738 
464 364 9 11 0.02593087 
442 390 8 11 0.024826879 
486 374 10 13 0.02458556 
24 249 7 10 0.024083637 
135 293 9 10 0.023947563 
413 382 9 11 0.023860926 
469 413 12 16 0.02378193 
415 404 14 19 0.023752093 
58 331 10 14 0.023202104 
65 278 8 11 0.022682661 
491 325 404 410 0.022524713 
441 397 9 11 0.022205194 
455 340 8 10 0.0218644 
38 276 8 12 0.021798119 
32 276 9 12 0.021727283 
519 366 7 9 0.021677662 
54 229 8 11 0.02167025 
77 311 10 13 0.021517452 
533 397 11 14 0.021256765 
475 396 14 16 0.021218067 
47 248 8 11 0.02110098 
528 398 10 12 0.02069203 
60 325 10 13 0.020551868 
9 238 8 11 0.020533983 
253 490 50 60 0.020481577 
1014 471 8 12 0.020363886 
469 423 15 20 0.02034099 
88 289 7 9 0.020330159 
47 293 10 12 0.020292848 
79 288 8 11 0.020254815 
44 316 11 15 0.02021637 
72 310 10 13 0.02001972 
