28_Sports_Fan_Sports_Fan_28_118
67
637 307 93 115 0.99889 
486 316 96 128 0.9972389 
1 368 83 104 0.99448806 
48 80 33 41 0.985134 
324 156 42 57 0.9838525 
712 204 35 51 0.9713156 
11 198 71 92 0.9636479 
95 125 29 36 0.9498472 
841 457 55 60 0.59326637 
550 228 30 43 0.47455522 
888 51 16 19 0.27857265 
530 134 23 27 0.24700946 
674 27 15 18 0.10198827 
775 31 15 19 0.101148546 
487 144 36 51 0.09370716 
670 173 11 13 0.0919363 
319 306 31 36 0.08421046 
670 178 23 33 0.077244565 
839 39 23 29 0.07076044 
39 47 15 19 0.070087925 
0 26 41 65 0.059481945 
744 11 20 24 0.05699851 
150 -3 135 136 0.05677997 
364 144 34 42 0.051116917 
173 50 15 19 0.049108695 
343 139 48 65 0.044549156 
471 158 45 51 0.044042636 
30 40 26 33 0.04379019 
668 179 15 19 0.04102978 
284 252 27 32 0.038767237 
717 213 54 57 0.036753528 
527 165 13 17 0.035862405 
731 2 12 14 0.033320777 
2 100 39 57 0.03201155 
180 533 29 30 0.031721734 
307 149 28 39 0.03162935 
125 46 12 15 0.03082121 
664 174 12 13 0.03020626 
227 178 47 69 0.029464131 
737 241 39 35 0.02878988 
142 116 16 18 0.027499342 
480 13 11 13 0.026800979 
2 93 17 20 0.026233573 
843 0 27 26 0.02622626 
771 19 23 29 0.025730593 
983 6 12 14 0.025522413 
515 120 47 53 0.02543732 
561 233 18 25 0.025122898 
555 229 17 23 0.025049618 
571 242 14 21 0.024094993 
332 302 29 36 0.023733092 
725 71 11 15 0.023605278 
725 11 12 16 0.023398386 
895 50 16 19 0.02327591 
743 5 12 16 0.023074172 
169 42 79 83 0.022965826 
849 26 28 36 0.02283196 
572 241 24 31 0.022762872 
579 244 14 18 0.022636585 
369 126 33 46 0.02263246 
39 67 30 43 0.022005167 
801 25 16 20 0.021617219 
315 113 57 84 0.021296037 
771 38 17 19 0.021089567 
843 9 33 35 0.02073426 
562 245 18 26 0.020487491 
961 9 10 12 0.02030218 
