28_Sports_Fan_Sports_Fan_28_557
26
407 183 90 118 0.99954396 
54 113 28 36 0.08183482 
232 45 36 39 0.06349576 
44 140 16 21 0.052582715 
113 75 53 62 0.041995816 
48 121 23 35 0.03910773 
475 154 50 67 0.037075453 
47 -1 19 14 0.03675072 
183 25 44 47 0.027801685 
488 3 170 215 0.026983436 
140 66 33 45 0.026430685 
60 124 17 22 0.026375744 
499 150 31 38 0.026119053 
481 4 126 90 0.025033109 
277 119 443 459 0.024164047 
253 87 57 97 0.023701759 
347 736 34 31 0.022550376 
157 3 31 37 0.022313667 
44 140 25 35 0.022220323 
46 133 14 18 0.021897655 
249 58 91 156 0.021756202 
253 9 46 67 0.02157197 
130 62 29 41 0.021567302 
130 8 27 31 0.021326091 
49 105 46 57 0.021218492 
236 16 44 59 0.020986103 
