28_Sports_Fan_Sports_Fan_28_711
19
432 127 134 170 0.9847305 
-1 289 59 104 0.16431789 
53 772 38 48 0.059703737 
417 38 211 284 0.038055196 
73 172 115 139 0.035233304 
-4 530 241 275 0.03510401 
873 143 34 36 0.033601467 
54 99 138 148 0.03163911 
-66 9 422 531 0.027985675 
52 99 202 265 0.02698994 
-138 413 423 434 0.02647978 
493 365 9 12 0.026439236 
911 304 91 103 0.026171207 
415 372 8 10 0.025598448 
598 437 429 510 0.025336882 
222 264 94 115 0.024276076 
839 123 96 115 0.024080927 
864 138 57 71 0.023913415 
630 95 425 502 0.021000842 
