28_Sports_Fan_Sports_Fan_28_480
22
488 214 60 77 0.99907124 
979 237 30 36 0.9986155 
698 168 88 108 0.99560356 
424 76 89 165 0.9911457 
562 265 46 61 0.4468852 
322 73 94 147 0.15790264 
626 196 43 54 0.06375953 
667 243 21 28 0.06296475 
367 77 107 146 0.053753857 
2 200 31 41 0.048351277 
973 204 14 18 0.041973058 
210 159 39 48 0.04118308 
-19 95 435 403 0.0385591 
937 68 11 16 0.031005394 
835 223 46 52 0.02919179 
410 257 40 54 0.029094696 
9 190 38 56 0.02787361 
925 273 27 30 0.026392877 
127 155 43 40 0.025389135 
662 240 16 24 0.024725778 
882 261 22 28 0.021905938 
920 285 47 69 0.020568388 
