28_Sports_Fan_Sports_Fan_28_267
138
354 226 17 21 0.9543879 
502 343 20 25 0.893408 
347 328 18 24 0.85218376 
632 342 21 26 0.81242853 
626 281 19 23 0.80172837 
359 257 16 19 0.76848227 
419 241 19 23 0.69418526 
310 216 17 22 0.6876401 
326 274 16 19 0.6239388 
596 402 16 20 0.41495383 
405 202 16 20 0.34437427 
441 707 11 14 0.27342582 
564 365 14 20 0.23807235 
622 327 13 17 0.23447539 
315 697 16 22 0.22223572 
439 386 16 20 0.21721105 
631 194 23 27 0.13335809 
113 602 20 24 0.13163014 
285 260 18 23 0.1231597 
28 692 11 15 0.1048094 
668 254 15 20 0.09356681 
680 240 15 19 0.09144099 
24 707 11 13 0.08980772 
761 614 9 12 0.08890118 
337 698 11 15 0.08797891 
571 699 13 16 0.081572324 
824 613 8 11 0.07421964 
391 232 8 10 0.06244584 
445 234 11 16 0.05937439 
423 306 14 17 0.059344377 
336 220 9 12 0.05909246 
411 314 14 16 0.057904944 
457 20 70 79 0.056760892 
44 694 13 16 0.055190492 
635 205 16 19 0.054781467 
376 266 11 16 0.053562406 
227 702 14 20 0.052498475 
697 712 9 11 0.05214152 
501 325 23 27 0.051621746 
549 694 10 14 0.051381636 
76 607 11 14 0.04982698 
215 717 11 14 0.048629194 
550 610 12 14 0.04568883 
425 299 18 21 0.044821113 
340 199 10 12 0.043690234 
191 697 15 20 0.042009573 
26 699 14 18 0.041688517 
607 309 13 17 0.040898927 
408 719 11 13 0.040042806 
542 293 10 12 0.039850198 
4 693 15 21 0.03951686 
461 365 9 11 0.037156764 
190 706 13 17 0.03637672 
454 351 9 12 0.03593796 
624 327 20 25 0.035489116 
582 701 11 15 0.035302904 
415 222 11 15 0.03474603 
765 375 10 13 0.034634765 
365 214 12 14 0.033507664 
596 718 12 14 0.03308856 
298 697 14 19 0.03252613 
323 218 13 17 0.032455686 
398 230 8 11 0.03242773 
639 634 9 12 0.031696122 
644 248 16 18 0.03164167 
591 276 10 13 0.03157517 
477 208 10 11 0.031427395 
644 260 13 15 0.031259373 
502 686 10 14 0.031187696 
470 233 8 11 0.031131087 
802 743 28 28 0.03061462 
561 748 24 23 0.030578706 
551 277 9 11 0.029860476 
598 276 11 13 0.02984562 
793 643 10 13 0.029802825 
449 670 8 10 0.029455828 
429 701 8 11 0.029043911 
455 356 10 14 0.028750334 
675 250 14 18 0.028715577 
659 130 16 19 0.028699793 
212 697 12 16 0.028609863 
358 213 13 15 0.028265746 
891 193 20 21 0.027695432 
456 204 9 11 0.027439544 
465 669 9 11 0.027392872 
45 718 11 13 0.026949894 
518 665 9 11 0.026562082 
247 706 13 18 0.02655282 
534 702 9 12 0.026160162 
523 325 14 18 0.026093468 
349 199 11 12 0.025790183 
808 639 9 11 0.025745593 
519 330 12 15 0.025682282 
545 692 9 13 0.025294637 
738 687 8 10 0.025184834 
425 289 18 21 0.024827894 
424 389 9 11 0.0247098 
621 296 14 17 0.024402298 
784 630 8 10 0.024397597 
61 699 12 15 0.024260955 
615 332 10 15 0.023779377 
427 311 16 19 0.02363471 
385 230 10 13 0.023471657 
589 388 12 15 0.023274392 
284 645 11 14 0.022909733 
42 699 11 15 0.022859113 
594 408 14 19 0.02271833 
662 285 11 15 0.022675145 
616 323 11 16 0.022581665 
298 265 14 18 0.022575667 
479 269 8 10 0.022546267 
398 222 9 12 0.022195151 
393 223 10 13 0.022048537 
462 203 11 13 0.02203099 
117 601 11 16 0.022007015 
408 311 11 15 0.021968583 
565 359 13 17 0.021589302 
419 313 15 17 0.021427054 
367 612 10 12 0.021379659 
347 285 13 15 0.021374922 
582 270 10 13 0.021360084 
479 684 13 15 0.021182772 
471 206 10 12 0.021140115 
14 450 507 337 0.020950768 
372 719 11 12 0.020946015 
824 376 9 10 0.020726804 
583 372 12 14 0.020622987 
483 338 14 17 0.020614168 
340 694 9 13 0.020511985 
930 644 10 13 0.020510327 
853 207 46 56 0.020453382 
4 703 14 19 0.02036917 
499 669 11 14 0.020193048 
712 669 9 10 0.020143738 
567 696 12 15 0.020115396 
213 708 13 16 0.020088632 
231 698 19 26 0.020033695 
595 311 22 29 0.020024821 
