28_Sports_Fan_Sports_Fan_28_244
114
891 311 30 34 0.8133465 
331 67 33 47 0.70581543 
940 268 45 54 0.4256468 
585 80 48 59 0.25129426 
488 137 31 41 0.20088759 
393 55 56 93 0.189732 
953 289 29 37 0.121969335 
933 279 26 34 0.09835116 
565 83 45 57 0.09579295 
933 7 22 29 0.08100063 
177 210 40 49 0.0722264 
779 40 56 79 0.07151426 
154 120 30 37 0.0685947 
692 4 168 228 0.068040766 
785 247 42 53 0.06730488 
51 202 23 28 0.06380407 
1001 -1 24 22 0.061158124 
327 75 50 64 0.059078455 
115 276 17 22 0.058555767 
689 344 26 32 0.057338756 
714 69 84 139 0.05466508 
366 306 10 13 0.053792655 
857 106 42 59 0.053626094 
100 105 21 27 0.04881616 
555 85 30 42 0.04779862 
734 19 97 116 0.047532357 
67 9 40 35 0.04638777 
761 71 50 79 0.04585239 
5 161 16 21 0.0449723 
150 437 20 25 0.044917565 
585 80 30 33 0.044706814 
521 26 37 48 0.043582357 
64 242 18 20 0.04131925 
979 441 42 70 0.040790662 
61 149 17 21 0.03957929 
943 198 22 31 0.035988696 
525 13 31 33 0.035950832 
997 87 23 33 0.03521154 
867 261 31 35 0.035118088 
241 4 47 51 0.034253195 
122 210 24 33 0.034227345 
961 77 17 22 0.033799786 
768 328 19 22 0.032854058 
625 54 46 59 0.032099865 
861 24 90 114 0.031935204 
930 277 19 25 0.03165602 
731 46 31 38 0.031582877 
379 24 95 108 0.031191261 
482 62 33 37 0.031172821 
868 71 45 64 0.030420791 
722 0 63 53 0.030408597 
481 41 53 63 0.029903583 
132 248 25 33 0.029708106 
597 134 16 18 0.029598067 
690 -1 36 31 0.0295383 
970 11 22 27 0.029166335 
505 188 38 48 0.02908753 
208 144 49 49 0.029025363 
714 104 54 86 0.028638395 
878 294 36 46 0.0286291 
364 348 31 45 0.028513053 
418 28 23 28 0.028079335 
0 144 22 39 0.028046394 
243 199 58 97 0.027815733 
243 95 42 60 0.026905498 
16 74 25 30 0.02688591 
883 272 18 22 0.026868366 
898 21 58 68 0.026487863 
404 331 24 29 0.02620819 
617 95 18 22 0.02615757 
869 100 26 31 0.026031423 
607 89 30 34 0.02597864 
18 118 16 20 0.025753783 
474 6 91 119 0.025203332 
164 314 21 34 0.025069961 
427 170 58 81 0.025029536 
119 260 26 32 0.024981128 
429 410 27 32 0.024888525 
793 286 27 34 0.024742302 
674 81 30 41 0.024370767 
586 555 44 57 0.024336156 
676 333 46 58 0.024227375 
328 42 55 74 0.024008965 
194 216 39 44 0.023915023 
383 96 56 75 0.023849962 
200 118 47 55 0.023423413 
921 244 84 93 0.023367919 
632 23 54 65 0.022917895 
879 1 32 34 0.02288641 
150 131 43 50 0.022807503 
746 13 70 69 0.022492705 
707 99 41 58 0.022357812 
638 300 84 114 0.022001186 
427 515 50 61 0.021929745 
1009 374 15 25 0.02187673 
854 250 33 40 0.021875605 
0 223 19 29 0.021865536 
948 286 20 28 0.021648262 
175 118 47 58 0.021635985 
728 25 52 59 0.021431189 
593 130 27 30 0.021394337 
805 11 61 65 0.021286307 
965 289 33 37 0.021107571 
45 26 23 29 0.020859854 
821 63 83 112 0.020849217 
0 145 11 22 0.020818045 
772 280 49 51 0.020797092 
920 248 50 62 0.02062054 
149 237 43 61 0.020492757 
800 24 37 42 0.02036917 
179 44 16 19 0.02033145 
410 405 36 38 0.020293372 
448 498 51 84 0.020140193 
866 276 38 47 0.020125778 
