28_Sports_Fan_Sports_Fan_28_126
65
457 202 87 103 0.99762005 
421 383 58 69 0.99678886 
309 247 78 95 0.9955468 
71 311 13 16 0.88279504 
407 296 23 33 0.83440405 
104 277 9 11 0.5258274 
126 284 10 13 0.28825825 
41 287 9 12 0.1769303 
126 292 13 18 0.17059492 
841 297 7 9 0.15902314 
464 452 53 62 0.124755315 
132 339 10 14 0.11973705 
0 270 10 20 0.11212993 
937 303 8 10 0.08667316 
173 284 9 12 0.085941084 
978 297 8 11 0.08420439 
962 295 8 11 0.080454074 
64 270 8 10 0.063849464 
845 297 8 9 0.058942918 
98 277 11 13 0.043920934 
47 270 11 14 0.04362419 
280 282 12 16 0.043083813 
46 258 13 15 0.041894965 
519 158 9 12 0.041790973 
102 281 10 14 0.038069304 
823 297 7 10 0.036915626 
385 568 72 65 0.03550672 
397 299 25 32 0.034517765 
606 277 435 582 0.033832263 
815 278 11 13 0.03358977 
57 339 15 18 0.032885723 
64 308 13 16 0.031928934 
397 289 41 49 0.031165967 
119 311 10 11 0.030945117 
654 288 15 19 0.02991499 
44 290 10 13 0.029777108 
530 162 22 29 0.028832989 
129 285 12 15 0.028285947 
93 302 12 14 0.028242638 
916 301 11 16 0.02802085 
817 310 9 13 0.02736207 
834 296 7 10 0.025728913 
704 309 10 12 0.025476065 
817 316 10 14 0.025267465 
562 118 26 30 0.025169311 
942 303 7 10 0.024802439 
951 303 7 8 0.02421161 
62 277 10 12 0.024192568 
57 285 9 12 0.024015611 
697 292 8 10 0.023468865 
776 339 12 15 0.023058653 
817 300 8 12 0.022821523 
960 299 9 11 0.022721875 
486 158 9 11 0.022597993 
800 309 11 13 0.021479424 
71 284 12 15 0.021287233 
702 290 8 10 0.021267898 
40 280 9 11 0.020840628 
913 306 11 15 0.020685785 
62 285 9 11 0.02068508 
53 346 16 17 0.020590074 
53 269 11 14 0.02052731 
852 197 10 12 0.020335453 
120 280 13 15 0.020276563 
142 293 13 16 0.020104252 
