28_Sports_Fan_Sports_Fan_28_487
164
164 145 34 42 0.998154 
621 94 31 40 0.99767905 
667 157 33 38 0.99766064 
909 450 38 45 0.99737096 
512 435 36 44 0.9973502 
992 104 29 44 0.9973463 
787 79 32 43 0.9966828 
339 555 34 37 0.99628973 
939 146 33 40 0.9962759 
824 493 36 49 0.9961887 
131 445 35 43 0.9959715 
604 182 36 46 0.99537116 
969 283 37 45 0.9929663 
954 350 39 45 0.992965 
460 509 42 52 0.99276924 
617 319 32 37 0.9927505 
797 1 33 36 0.9926489 
747 561 35 40 0.9926031 
430 66 27 38 0.9922461 
107 266 39 48 0.9919762 
570 342 34 41 0.9919704 
213 108 32 41 0.9917345 
787 216 39 45 0.99166965 
873 166 37 41 0.9909713 
330 64 32 41 0.9905731 
674 9 31 38 0.9900309 
962 482 40 50 0.98905295 
557 243 30 39 0.9889727 
819 275 37 47 0.9886253 
714 106 32 40 0.9885334 
673 275 35 45 0.9883101 
916 527 40 51 0.9880586 
731 283 35 47 0.98742396 
992 335 28 43 0.98702127 
708 322 39 47 0.9867192 
881 304 41 48 0.9864979 
417 257 33 44 0.98647785 
547 503 40 46 0.9855957 
159 274 33 41 0.9829518 
554 566 39 48 0.9817685 
47 443 41 53 0.9812123 
455 286 39 44 0.97849065 
406 582 41 51 0.97819155 
666 493 39 53 0.9778276 
463 205 37 46 0.9769792 
669 80 29 40 0.97546047 
424 194 31 39 0.97420305 
58 380 38 52 0.9741227 
593 383 38 44 0.97343093 
727 591 33 43 0.9711376 
958 209 36 43 0.9633795 
407 27 32 37 0.9628087 
820 561 47 57 0.96258104 
471 35 31 41 0.9619627 
798 400 34 46 0.9616859 
858 421 39 52 0.95895296 
857 238 39 44 0.95707726 
344 -2 33 38 0.95697594 
161 1 29 35 0.94827497 
263 552 41 55 0.94176257 
197 308 34 41 0.93014556 
490 375 43 53 0.9281064 
737 240 37 40 0.92001534 
-1 340 22 38 0.9081329 
220 195 34 39 0.9007531 
206 14 26 34 0.88578874 
548 12 24 30 0.867169 
620 537 35 40 0.8256604 
0 460 31 44 0.7538383 
146 230 25 32 0.6967776 
597 440 32 38 0.60183257 
147 29 17 22 0.59917873 
425 471 46 51 0.5523351 
482 258 32 37 0.54260606 
47 113 32 48 0.5100608 
1003 417 22 45 0.50905895 
40 90 41 54 0.4176251 
172 510 40 47 0.41468978 
839 347 34 44 0.37203342 
15 220 31 36 0.35635385 
604 0 28 32 0.29254895 
733 575 39 49 0.24322072 
184 391 36 41 0.21451405 
753 -1 32 27 0.16888101 
675 401 26 42 0.16823994 
523 233 30 40 0.16169918 
893 0 34 24 0.14653891 
846 0 25 22 0.12170522 
730 251 41 49 0.11946982 
24 444 42 59 0.105740294 
608 481 20 27 0.09443424 
463 407 33 40 0.06550294 
835 257 39 52 0.06340261 
480 -2 19 14 0.06318729 
779 393 43 59 0.053846847 
6 46 22 28 0.051315892 
537 232 35 47 0.04940724 
654 76 28 40 0.048776057 
602 464 28 37 0.047950823 
795 168 30 40 0.047643196 
2 461 19 24 0.044096794 
140 50 25 38 0.043497797 
523 254 26 39 0.043327056 
518 240 17 23 0.042369112 
396 28 26 35 0.040642176 
101 0 17 20 0.04019936 
248 389 30 37 0.039617233 
116 246 40 52 0.039443895 
145 385 16 20 0.038314138 
616 478 17 25 0.03756007 
169 259 41 54 0.035908867 
448 123 26 39 0.035885748 
95 107 23 30 0.03454905 
42 102 19 28 0.03319083 
540 13 19 26 0.032704454 
771 64 38 53 0.032228645 
191 508 31 42 0.03196392 
225 194 22 25 0.031593546 
38 -2 35 42 0.031592038 
360 125 25 26 0.030815141 
466 270 39 50 0.030012459 
751 5 50 48 0.030002266 
495 264 21 25 0.029848512 
899 270 24 28 0.029216155 
450 98 29 36 0.029054094 
359 483 26 32 0.028790906 
173 538 33 34 0.028395645 
620 545 20 23 0.027397813 
652 499 41 58 0.027168099 
768 192 30 36 0.027121766 
831 9 48 51 0.026806215 
207 324 21 25 0.026197717 
62 212 31 39 0.02594913 
749 225 41 53 0.025776194 
60 111 30 35 0.025421176 
106 64 16 25 0.025305478 
782 -2 35 34 0.024886262 
28 85 29 43 0.024826428 
602 437 21 24 0.024639914 
158 521 13 16 0.024568623 
236 370 40 49 0.024069162 
370 495 17 26 0.02391842 
98 103 17 18 0.022810673 
10 474 32 36 0.022649791 
188 276 49 60 0.022626914 
532 7 21 30 0.02262628 
126 266 39 49 0.022311093 
765 0 34 32 0.02197349 
368 128 29 30 0.021947416 
738 378 23 31 0.021917263 
774 180 40 50 0.021902738 
607 460 40 53 0.021716004 
640 85 26 37 0.02143525 
596 537 13 17 0.02140045 
98 2 30 31 0.02115601 
548 4 17 21 0.021027755 
97 114 29 39 0.021024447 
0 67 34 54 0.021013826 
131 234 33 39 0.02080292 
374 457 47 60 0.020691535 
759 388 47 65 0.020663409 
357 491 44 53 0.020564118 
138 390 29 35 0.020359613 
914 427 31 34 0.020307155 
