28_Sports_Fan_Sports_Fan_28_590
45
597 610 35 36 0.9969227 
769 463 34 38 0.99175864 
50 38 27 35 0.9830119 
551 169 28 35 0.9765622 
198 293 26 40 0.94141287 
31 264 23 37 0.932094 
252 245 31 36 0.35119563 
559 306 36 41 0.20223373 
915 201 42 57 0.14017883 
786 456 29 37 0.109361395 
806 462 16 23 0.099441476 
582 169 16 23 0.07386563 
322 400 20 35 0.064903386 
205 402 73 92 0.06273248 
244 241 25 34 0.058401786 
929 224 14 17 0.05714172 
13 13 62 76 0.051793102 
723 1 29 37 0.049635563 
41 40 44 53 0.049631815 
176 294 48 60 0.042152483 
563 159 30 40 0.040774487 
543 305 36 43 0.03936887 
951 219 13 20 0.036625233 
701 595 12 15 0.0361511 
659 101 14 17 0.034788128 
922 211 28 33 0.03385639 
686 12 12 15 0.03222966 
6 19 95 123 0.030724285 
598 388 14 17 0.027073361 
311 398 23 38 0.026797565 
768 333 31 38 0.026753062 
689 547 26 33 0.026350694 
901 244 11 14 0.023770157 
704 446 50 64 0.023447342 
945 211 22 34 0.022803508 
572 310 20 24 0.022641258 
836 421 11 12 0.02202568 
654 99 24 30 0.021468788 
702 402 43 54 0.021243634 
638 611 14 21 0.021153787 
246 257 48 56 0.021091534 
715 0 13 13 0.021042777 
69 42 28 32 0.020493995 
234 297 44 58 0.02040872 
879 588 14 22 0.020262916 
