28_Sports_Fan_Sports_Fan_28_357
19
437 93 181 217 0.99648654 
228 599 57 49 0.5038639 
754 378 155 158 0.17054108 
908 109 104 94 0.13865148 
57 90 89 59 0.10051608 
29 73 142 113 0.10030696 
720 291 234 285 0.074010685 
853 595 64 54 0.045748547 
13 519 36 42 0.03559858 
626 50 38 40 0.034978822 
459 -1 38 41 0.02944186 
636 278 432 398 0.028675782 
816 163 31 36 0.027796607 
233 360 69 55 0.026797876 
197 412 13 17 0.024592502 
498 52 14 17 0.023210857 
90 87 40 34 0.022005968 
250 490 34 49 0.021762248 
866 105 25 31 0.02119743 
