28_Sports_Fan_Sports_Fan_28_862
26
439 126 126 160 0.99917114 
211 495 42 50 0.9803854 
296 512 35 48 0.8159668 
137 715 9 11 0.19506416 
462 666 19 24 0.084200494 
42 254 12 13 0.04875995 
150 732 12 15 0.047126114 
183 698 9 13 0.034320835 
144 734 12 16 0.0342023 
175 732 11 13 0.027805239 
877 729 11 13 0.026927419 
325 717 12 16 0.024860926 
846 553 12 16 0.024533402 
112 1251 424 536 0.024460742 
223 747 12 16 0.024329811 
717 728 111 148 0.023635758 
311 517 51 71 0.023000848 
213 700 15 18 0.02289158 
170 709 9 12 0.02278895 
233 792 118 148 0.022684507 
155 733 11 13 0.022676568 
349 1281 35 37 0.022458032 
565 663 9 13 0.0217179 
796 503 9 12 0.021092067 
487 774 187 247 0.021040697 
304 747 25 33 0.020830631 
