28_Sports_Fan_Sports_Fan_28_697
80
742 1291 78 94 0.9886035 
184 1233 68 80 0.86328983 
143 1410 30 42 0.4892289 
-7 894 192 318 0.22272873 
706 1197 122 154 0.19219524 
83 1019 52 63 0.17959248 
-2 1250 64 98 0.16426153 
93 798 351 417 0.09012149 
152 1366 27 33 0.08686036 
285 1376 40 52 0.07795983 
237 1453 26 29 0.07295318 
148 1366 45 57 0.069537915 
565 360 129 104 0.06246522 
7 963 135 173 0.058972385 
691 1133 248 241 0.05763302 
319 1012 105 124 0.0540984 
225 1127 43 57 0.053576183 
165 893 200 264 0.05156864 
526 1396 46 65 0.049596168 
595 434 116 143 0.04842918 
46 1501 37 39 0.04822389 
106 1288 51 67 0.04630127 
64 903 202 265 0.046150684 
346 948 111 119 0.0422118 
59 1336 41 57 0.039207112 
322 540 454 385 0.038017947 
231 1458 37 49 0.037843592 
269 1427 24 30 0.037568424 
875 1443 53 79 0.03738016 
600 924 444 373 0.03733599 
294 1343 98 122 0.037140425 
43 1109 126 142 0.036316503 
88 64 228 178 0.0360165 
281 658 377 405 0.03540441 
519 352 190 248 0.03533664 
359 1380 28 33 0.034683924 
-9 1285 75 140 0.03448262 
54 1411 51 59 0.034343533 
292 1264 201 224 0.034204505 
455 1450 73 84 0.033925988 
187 1113 52 69 0.033797074 
389 85 102 107 0.03264513 
122 1307 30 42 0.032517374 
142 1293 44 61 0.032348618 
328 1304 112 134 0.032266535 
584 365 84 62 0.03125979 
173 1158 43 54 0.030050894 
596 1408 31 39 0.029858414 
165 1493 50 48 0.029829716 
487 1397 35 43 0.029737843 
255 1381 29 38 0.029140636 
189 1365 30 39 0.028749825 
670 744 425 436 0.02658508 
17 1374 94 124 0.026475428 
316 1467 69 70 0.02619161 
422 1389 111 122 0.026187556 
204 1330 87 113 0.025876405 
322 1431 59 72 0.025742233 
130 1345 86 118 0.02572995 
224 1384 25 31 0.0245857 
222 1453 62 78 0.024480708 
753 947 43 54 0.02440528 
79 1256 86 107 0.02427785 
143 1386 44 60 0.023610318 
975 1234 46 99 0.02327601 
61 976 108 129 0.022888519 
15 1057 118 168 0.022850232 
345 239 124 172 0.022598583 
265 1372 41 56 0.022555733 
784 663 219 380 0.022452552 
846 1486 39 49 0.022128427 
114 1264 88 119 0.022017527 
719 1232 73 93 0.021518696 
243 1431 45 62 0.021455074 
416 311 366 450 0.021343265 
288 1466 16 18 0.021229738 
67 1201 100 121 0.021023346 
297 1368 58 74 0.020656986 
720 834 257 282 0.020447621 
206 1121 450 442 0.020146396 
