3.998145176016765845e+01
3.589737505794312256e+01
3.364202698269245673e+01
3.240522554794453924e+01
3.165111865316118411e+01
3.098944952176964662e+01
3.049732176413447249e+01
2.999814886632173128e+01
2.938411664518510236e+01
2.893468628166625223e+01
2.839131300345711040e+01
2.799180252655692769e+01
2.760559935303208334e+01
2.719423525970174538e+01
2.673896196021796712e+01
2.645741601167998525e+01
2.613109826893539989e+01
2.589589753506346526e+01
2.556058968520312646e+01
2.537852485727819740e+01
