7_Cheering_Cheering_7_57
64
796 281 52 60 0.9821675 
29 161 40 51 0.981874 
433 339 42 52 0.9747449 
131 299 42 50 0.97233826 
1 305 46 54 0.9574182 
553 348 46 47 0.95309114 
747 337 40 50 0.95197505 
330 304 42 54 0.89143515 
669 316 34 39 0.6328593 
599 176 23 31 0.40322882 
878 106 54 58 0.20225708 
1002 341 25 53 0.19312881 
540 708 25 35 0.1854463 
667 358 29 42 0.15826543 
351 204 15 16 0.09442725 
336 270 49 64 0.09423912 
244 354 31 47 0.08081741 
106 324 28 40 0.07298569 
489 335 44 61 0.06503314 
496 707 28 42 0.063154586 
302 223 8 11 0.061614852 
591 167 39 48 0.060164258 
743 143 49 56 0.05492704 
324 214 30 30 0.05337171 
498 704 16 20 0.04858808 
130 219 29 33 0.047171235 
348 201 26 26 0.044918045 
706 269 16 21 0.040125687 
908 104 10 13 0.039362602 
605 231 28 41 0.037145212 
677 259 22 31 0.036371283 
666 328 38 50 0.035735276 
877 303 32 44 0.03469402 
112 78 22 34 0.034220252 
860 90 88 94 0.032859277 
816 192 38 54 0.032113604 
301 226 11 15 0.031860013 
59 82 31 28 0.031826913 
527 252 10 13 0.030876746 
604 176 14 20 0.030349389 
142 257 34 37 0.0303378 
323 196 61 56 0.029801399 
109 320 17 23 0.028909452 
86 75 46 52 0.028687768 
736 149 35 41 0.028643932 
250 314 27 36 0.027318386 
679 262 13 17 0.027152527 
577 240 8 11 0.026914528 
119 311 36 44 0.026223248 
117 78 12 16 0.026200857 
730 246 35 42 0.023812287 
660 149 101 136 0.023291023 
45 80 51 52 0.023108372 
122 255 32 39 0.022999363 
581 245 10 14 0.022535264 
753 173 42 51 0.02222702 
679 321 20 24 0.022022646 
678 271 13 18 0.02168293 
325 213 13 16 0.021604242 
578 236 30 42 0.021529503 
397 301 37 50 0.020550828 
949 573 11 16 0.020405436 
86 158 27 36 0.02029901 
341 308 14 16 0.020255255 
