7_Cheering_Cheering_7_345
127
452 157 26 38 0.9753524 
581 393 24 28 0.9428163 
1 311 20 32 0.9064165 
253 371 21 27 0.872889 
553 353 23 28 0.8666225 
228 378 23 29 0.8498325 
355 401 21 29 0.8159904 
265 395 22 27 0.7937566 
461 391 24 30 0.7127249 
603 190 26 34 0.7082427 
758 374 23 27 0.59244233 
240 372 22 31 0.58414876 
292 415 17 22 0.47153178 
92 380 17 20 0.46128547 
793 397 25 35 0.4207815 
857 358 23 31 0.34747288 
434 267 22 30 0.3454476 
432 185 28 37 0.33812773 
879 377 16 20 0.27227357 
338 387 13 20 0.19153257 
863 406 15 22 0.14495574 
207 413 15 18 0.13478214 
28 370 13 16 0.1337606 
470 387 42 54 0.12532009 
899 358 25 27 0.11985998 
870 349 15 18 0.11822393 
198 497 22 30 0.11264799 
803 396 22 28 0.10038057 
332 422 15 27 0.09803952 
149 411 25 28 0.08965327 
565 334 16 21 0.08941903 
780 400 27 36 0.07984786 
202 389 16 18 0.07774451 
754 491 12 16 0.06432848 
54 393 13 15 0.064031646 
679 232 17 28 0.06244233 
946 313 16 21 0.057076912 
813 400 15 20 0.05672987 
187 373 14 18 0.056362968 
717 384 36 54 0.054366853 
633 308 53 89 0.053878635 
405 192 20 31 0.05021286 
236 434 15 24 0.04816121 
756 403 28 34 0.047532726 
533 500 12 16 0.043864384 
891 366 23 28 0.04369298 
865 350 23 29 0.041771416 
605 188 17 21 0.04140724 
756 267 13 18 0.040288467 
46 404 15 17 0.040054727 
44 418 15 21 0.03910003 
233 373 17 22 0.036032163 
891 381 15 18 0.035697814 
595 376 14 19 0.035410263 
27 390 12 17 0.03537069 
940 307 16 21 0.035228357 
197 432 21 27 0.033423424 
192 377 22 24 0.033165593 
154 360 17 18 0.03281299 
308 648 10 12 0.032547366 
691 432 15 19 0.03052997 
461 405 36 41 0.030342259 
460 134 13 19 0.029589958 
22 368 22 27 0.029411722 
254 427 10 16 0.028926669 
215 460 14 15 0.028908862 
85 386 23 29 0.028626742 
637 313 13 18 0.028513014 
639 204 13 16 0.028071726 
805 389 14 18 0.027643511 
908 360 25 32 0.027414124 
244 410 14 17 0.027396265 
315 423 23 27 0.027112003 
474 385 16 28 0.026692936 
525 368 14 17 0.026668657 
348 394 22 28 0.026662813 
917 357 12 16 0.026362825 
653 319 16 20 0.02634937 
159 415 25 33 0.026074905 
347 454 23 30 0.02591396 
286 420 17 22 0.025822261 
414 191 26 30 0.025602017 
325 385 25 31 0.025495397 
487 368 43 54 0.025464177 
908 351 14 15 0.025457159 
186 366 13 15 0.02528213 
642 308 26 30 0.025275867 
46 387 14 15 0.025031175 
866 365 22 32 0.024633493 
4 723 44 70 0.02438423 
781 380 12 15 0.024148718 
191 412 12 14 0.023704687 
197 413 12 14 0.023593858 
901 433 14 18 0.02348395 
202 425 17 21 0.0232661 
622 769 31 32 0.023200907 
753 378 35 48 0.02300689 
347 451 15 19 0.022770645 
435 198 35 44 0.02275879 
526 396 13 20 0.022605745 
0 443 8 13 0.022577014 
885 393 14 18 0.022253813 
23 366 13 15 0.022237722 
783 346 12 14 0.022123108 
618 332 33 52 0.021853093 
910 337 12 17 0.02176813 
903 412 12 14 0.02166256 
442 137 43 59 0.021646334 
613 193 28 32 0.021615556 
674 237 36 46 0.021572229 
752 489 9 11 0.021568744 
807 434 27 31 0.021548068 
442 391 16 23 0.021477139 
836 398 22 26 0.021409485 
228 440 22 27 0.021380747 
43 408 20 25 0.021301696 
906 425 15 19 0.021223448 
496 348 40 50 0.020863269 
273 405 18 23 0.02080858 
466 376 29 43 0.02080131 
38 379 11 15 0.02070851 
883 428 14 16 0.020618238 
848 399 20 28 0.020383334 
941 391 10 13 0.02018406 
423 251 37 51 0.020144237 
921 482 23 30 0.020141572 
9 308 15 24 0.020059722 
