7_Cheering_Cheering_7_334
31
509 339 48 62 0.99847823 
292 306 44 53 0.99634856 
196 280 47 58 0.99627626 
644 375 43 56 0.9959422 
569 178 39 52 0.99526054 
680 171 45 55 0.9951273 
399 352 44 55 0.9949393 
376 241 47 58 0.994938 
496 243 44 60 0.99444675 
802 143 45 57 0.99432534 
168 136 45 56 0.9942668 
779 285 42 55 0.9934471 
706 290 42 54 0.99276674 
461 122 42 55 0.9923098 
300 200 45 56 0.9921708 
614 258 43 56 0.99066883 
387 168 17 22 0.72307444 
615 23 31 41 0.17569861 
141 77 15 16 0.09846677 
138 68 15 18 0.060959168 
39 13 15 18 0.053323157 
1014 149 9 14 0.05269991 
863 309 25 30 0.044081237 
840 5 10 13 0.043531794 
627 38 16 23 0.036976468 
729 548 52 73 0.035627335 
609 602 64 78 0.028097322 
155 0 12 12 0.026519751 
527 133 40 51 0.025365418 
826 253 12 14 0.023779796 
71 346 37 53 0.023006987 
