7_Cheering_Cheering_7_391
87
709 174 17 21 0.92147094 
310 328 16 22 0.8740047 
478 338 13 22 0.80198205 
209 430 51 79 0.6499616 
221 349 15 26 0.5314585 
301 362 20 28 0.4503699 
114 271 22 33 0.3333639 
358 355 20 32 0.30999374 
736 364 20 35 0.25406903 
663 271 13 18 0.22448139 
645 166 13 16 0.20567963 
90 271 24 36 0.18399799 
278 439 10 11 0.17633903 
736 372 34 41 0.14321512 
406 314 11 14 0.13697554 
659 322 19 21 0.12793729 
390 323 37 59 0.09443148 
318 638 84 143 0.091667086 
108 481 52 70 0.08631092 
657 269 10 13 0.08258658 
203 414 92 121 0.078367904 
365 306 12 15 0.07481055 
760 255 12 15 0.07275358 
697 292 20 29 0.059937645 
422 315 10 13 0.05490881 
471 160 9 11 0.054741375 
540 336 14 20 0.053706035 
494 308 23 35 0.05023174 
526 414 51 43 0.048721135 
679 267 22 29 0.048004333 
483 332 14 23 0.047939576 
15 312 9 12 0.043964803 
460 314 14 19 0.039848447 
302 107 43 54 0.03971544 
413 324 14 20 0.039673816 
105 486 34 47 0.039226793 
415 311 10 13 0.03903292 
465 450 53 68 0.038409002 
721 368 37 51 0.0382148 
551 321 31 42 0.03806191 
743 379 50 43 0.03795438 
759 254 20 26 0.03708696 
302 332 20 23 0.036703385 
635 269 12 15 0.036636718 
625 245 16 21 0.036258824 
413 315 13 16 0.03616004 
486 312 22 34 0.034214236 
161 423 95 105 0.033767145 
509 390 41 49 0.032629337 
542 323 24 38 0.03186006 
814 330 13 18 0.030958088 
502 110 11 13 0.029889638 
212 357 18 22 0.029439325 
365 346 25 36 0.029338226 
510 330 14 23 0.028692814 
457 315 23 28 0.028108671 
179 464 64 76 0.028082794 
108 469 95 100 0.027312811 
404 314 21 26 0.027229352 
453 314 14 19 0.027167872 
195 350 24 28 0.026725061 
710 380 34 35 0.02594931 
736 291 33 41 0.025927596 
655 272 14 18 0.02567663 
567 282 12 15 0.025325043 
373 348 36 53 0.025300473 
349 365 19 25 0.024434973 
481 317 10 14 0.024345545 
727 149 9 12 0.024297964 
447 315 11 16 0.024076188 
726 262 11 13 0.023892853 
854 474 75 58 0.023877038 
557 278 11 13 0.023408836 
260 658 102 112 0.022976052 
226 614 105 123 0.022698192 
336 468 12 15 0.022559728 
309 365 23 31 0.021923972 
246 432 60 73 0.021916015 
696 228 11 15 0.021352468 
792 297 47 51 0.021071667 
220 364 16 21 0.020946681 
143 485 80 70 0.020785157 
553 398 32 48 0.020589286 
645 287 15 18 0.020573871 
531 337 26 30 0.020534033 
664 315 20 23 0.020495709 
464 320 23 32 0.020486914 
