7_Cheering_Cheering_7_138
46
470 169 47 61 0.99805486 
831 120 56 77 0.9969337 
338 133 50 64 0.9964772 
56 171 43 57 0.9931068 
868 90 44 58 0.9911704 
602 196 44 54 0.9878819 
195 123 24 32 0.9801475 
495 106 48 63 0.9624168 
216 137 43 50 0.961818 
787 121 45 62 0.9618128 
847 105 52 65 0.90961325 
393 137 35 50 0.8172655 
293 128 39 54 0.7529496 
104 152 35 37 0.6362766 
138 199 66 71 0.4670942 
369 135 42 57 0.32712942 
-3 347 54 86 0.28380102 
545 98 32 44 0.2179552 
147 184 47 56 0.1715776 
405 143 40 52 0.1435227 
970 472 45 66 0.12564844 
419 210 16 19 0.09764155 
932 151 23 29 0.09649635 
484 141 47 61 0.08509132 
94 116 17 20 0.07083308 
816 510 48 61 0.06424532 
525 93 44 57 0.04861251 
120 217 59 59 0.048195757 
216 458 47 55 0.04511382 
84 155 41 57 0.04205306 
213 127 30 40 0.0410382 
562 105 17 24 0.040806435 
397 131 17 19 0.039059512 
497 615 19 23 0.03351128 
432 227 13 17 0.026976584 
107 154 19 21 0.025726853 
331 229 38 50 0.025614306 
198 450 46 58 0.02493749 
188 159 48 63 0.024367006 
1011 141 13 26 0.02403114 
134 299 29 36 0.022946337 
118 187 51 68 0.022124005 
396 158 35 52 0.021803183 
197 473 28 36 0.021542368 
199 9 7 9 0.021249771 
194 136 49 59 0.020295916 
