7_Cheering_Cheering_7_427
30
120 78 68 80 0.99818975 
473 85 59 73 0.9979335 
831 76 68 81 0.9941227 
196 497 22 31 0.06733891 
434 484 13 17 0.065972105 
637 116 52 68 0.058090433 
430 429 11 14 0.054617163 
440 465 12 14 0.053200014 
165 489 26 36 0.049855616 
13 258 15 18 0.044246044 
756 496 12 15 0.040377494 
198 34 41 57 0.03820749 
634 434 57 71 0.035714086 
801 502 10 13 0.03157135 
815 534 14 19 0.030806584 
445 409 12 15 0.02926845 
914 486 8 11 0.027550397 
5 236 26 37 0.027221724 
487 430 10 12 0.026210811 
789 493 9 12 0.02597839 
549 450 12 15 0.025915239 
187 0 15 12 0.024312321 
822 462 9 12 0.023783322 
482 431 9 12 0.023463812 
101 332 10 13 0.023398442 
781 512 9 13 0.022575233 
85 479 22 30 0.0212822 
466 520 13 15 0.020644004 
958 499 14 19 0.020282855 
917 519 13 18 0.020184645 
