7_Cheering_Cheering_7_426
103
307 1005 65 82 0.9953322 
855 1182 38 49 0.99502665 
552 1037 106 97 0.15874755 
500 1002 41 69 0.14764035 
485 436 11 14 0.14553188 
773 1133 25 35 0.1173303 
915 1194 15 23 0.10638987 
92 1082 25 43 0.10530296 
5 1323 62 62 0.1051009 
566 1324 46 58 0.10473868 
720 100 11 13 0.102363914 
72 1089 39 49 0.10220565 
756 115 10 13 0.101265326 
420 462 10 11 0.08626062 
789 1047 11 15 0.08326659 
859 322 22 27 0.07468999 
803 1059 11 15 0.06830872 
632 154 10 13 0.06330765 
638 113 8 11 0.062584326 
604 866 69 54 0.054593615 
619 93 12 15 0.052955583 
654 167 11 14 0.052197475 
415 520 13 16 0.05021343 
3 990 14 18 0.049552854 
842 405 18 22 0.047501456 
799 1054 11 15 0.044046834 
870 309 12 15 0.0427155 
515 1010 38 52 0.042634092 
393 28 18 20 0.04258901 
168 84 11 14 0.040913433 
316 78 12 17 0.040709525 
48 1338 61 45 0.039296888 
444 117 11 15 0.039140675 
515 461 15 18 0.038536094 
103 1070 28 42 0.03791566 
37 1022 10 13 0.037471883 
625 916 63 73 0.035823498 
723 94 10 16 0.035450898 
121 1069 28 38 0.035228547 
614 861 38 40 0.035032164 
886 1103 10 13 0.03359643 
368 581 10 13 0.03333091 
512 455 11 16 0.032929122 
48 1095 42 42 0.032188434 
754 113 9 11 0.03217223 
685 439 11 14 0.03117782 
893 342 13 18 0.031097634 
626 20 9 11 0.030978363 
647 150 9 12 0.030305482 
531 925 27 37 0.029335741 
717 106 11 15 0.028604932 
517 1024 57 58 0.02837476 
810 1059 29 37 0.027830815 
521 1003 166 183 0.027505428 
394 429 8 12 0.027463686 
783 1204 34 43 0.027378168 
469 888 55 52 0.027253006 
93 1089 15 24 0.027240708 
709 175 10 13 0.027217867 
114 1014 9 11 0.026266893 
593 858 105 95 0.026124418 
894 150 9 12 0.025656007 
167 1021 10 13 0.025630653 
466 983 75 121 0.02545772 
102 1050 26 30 0.025237696 
537 1033 73 65 0.025161058 
766 1125 22 35 0.024817985 
305 1322 29 42 0.024601242 
177 59 8 11 0.024506023 
704 1088 24 32 0.02444036 
414 507 11 15 0.024273658 
743 1221 12 16 0.024016798 
205 109 12 15 0.023948723 
513 920 32 45 0.023765167 
79 1327 50 49 0.023584872 
330 27 21 25 0.023493188 
895 979 13 14 0.023416499 
452 519 12 16 0.02340867 
471 530 15 21 0.023126207 
847 97 26 34 0.02307262 
416 470 17 20 0.02305575 
794 1045 13 17 0.022997195 
845 393 23 29 0.022674257 
629 134 8 12 0.022604154 
722 1313 28 35 0.022559248 
501 881 46 46 0.022470342 
861 358 13 17 0.02241766 
884 1124 14 19 0.022305455 
793 1048 20 25 0.022273662 
492 491 15 17 0.022145402 
165 91 13 17 0.022072604 
877 1130 12 16 0.021921156 
790 1031 9 11 0.021689283 
319 555 19 23 0.021406794 
778 1130 37 48 0.021201955 
567 85 10 12 0.0211862 
699 268 12 14 0.021134235 
790 1037 11 15 0.021116616 
710 100 13 17 0.021023337 
243 1229 12 16 0.020936824 
722 89 8 11 0.020640852 
619 115 11 15 0.020387106 
863 318 13 16 0.020080559 
