7_Cheering_Cheering_7_462
38
549 130 71 98 0.9961712 
274 358 37 42 0.99114096 
822 363 32 45 0.98824626 
67 553 30 47 0.9772932 
720 335 24 44 0.942167 
360 591 37 68 0.8935482 
-1 547 18 36 0.80191755 
888 504 24 39 0.78955334 
198 366 30 37 0.707154 
757 567 20 23 0.30609065 
59 422 25 33 0.1275213 
595 72 468 394 0.09256442 
74 395 15 18 0.07960958 
211 417 47 63 0.06483537 
387 379 18 27 0.05785844 
98 416 18 21 0.053993385 
575 3 18 18 0.050887782 
700 563 16 19 0.050790403 
900 520 34 34 0.050004408 
402 316 30 40 0.0494451 
870 557 11 14 0.048887037 
148 383 18 22 0.044722646 
12 421 16 21 0.042687576 
793 363 36 49 0.04059831 
735 159 297 238 0.038899936 
0 392 11 22 0.03561053 
31 429 14 19 0.030485265 
92 418 27 34 0.027304545 
32 478 30 33 0.024445096 
899 490 41 51 0.023224762 
779 365 35 43 0.0223283 
907 535 20 20 0.022290675 
50 459 18 24 0.021734394 
809 368 30 44 0.021526905 
33 68 280 333 0.02145882 
950 209 25 28 0.020615237 
337 586 48 70 0.02037373 
379 188 49 55 0.020107994 
