7_Cheering_Cheering_7_313
40
652 150 35 50 0.99547845 
160 121 48 63 0.9952685 
346 160 35 50 0.9928054 
235 147 35 49 0.98883015 
27 112 34 47 0.9861872 
745 137 38 57 0.9841085 
951 182 42 66 0.9644444 
969 148 36 58 0.84176314 
848 3 28 21 0.37196365 
331 0 24 21 0.24871315 
468 236 37 65 0.16839483 
857 1 33 28 0.13034132 
46 369 29 40 0.087307215 
209 152 34 42 0.08313182 
837 532 13 16 0.049767155 
145 131 31 39 0.048767183 
802 124 15 22 0.048346054 
761 124 42 60 0.047398865 
903 176 34 45 0.03903374 
198 -1 11 10 0.03433228 
774 106 40 60 0.033129524 
876 103 24 32 0.03051088 
199 138 30 51 0.027216539 
852 15 17 20 0.02669109 
336 312 61 79 0.026331827 
36 251 20 21 0.026233526 
845 1 19 16 0.024627093 
379 311 10 12 0.023991551 
789 129 28 38 0.02263747 
217 161 20 25 0.022350267 
0 93 21 35 0.022119034 
527 234 45 61 0.02143229 
898 161 34 42 0.021228258 
873 18 15 16 0.020954404 
914 146 40 50 0.02087671 
8 35 48 58 0.020778315 
479 249 55 61 0.020405605 
6 347 56 93 0.020279733 
890 182 38 56 0.020231677 
993 146 28 50 0.020135842 
