7_Cheering_Cheering_7_386
112
762 291 33 42 0.98679674 
766 437 30 37 0.98522514 
212 546 44 54 0.96362334 
54 504 51 76 0.9383008 
524 469 161 192 0.71480894 
286 401 16 21 0.67112845 
660 440 31 38 0.6637849 
221 428 15 18 0.5148333 
304 430 24 28 0.38155383 
253 464 29 43 0.3768486 
801 509 43 73 0.33024597 
389 400 16 20 0.31414714 
415 442 22 30 0.3004036 
404 528 37 43 0.2111452 
463 436 21 28 0.1743635 
555 465 37 51 0.1563977 
74 331 108 137 0.15306047 
355 429 17 21 0.13606605 
789 486 46 72 0.12981229 
0 478 56 73 0.112561606 
418 451 24 33 0.10749809 
885 399 25 30 0.10713017 
408 405 15 20 0.10047073 
53 388 47 67 0.09105254 
305 408 15 18 0.08274431 
173 431 31 39 0.079974174 
978 489 43 61 0.07698042 
239 459 30 38 0.07607108 
353 431 26 33 0.06498497 
664 428 44 60 0.06335528 
216 456 29 32 0.063238345 
899 367 11 14 0.062180925 
10 382 15 21 0.05885359 
-1 465 27 46 0.055142045 
679 406 52 75 0.053701896 
938 400 23 35 0.053457398 
326 395 15 18 0.053154003 
583 371 13 16 0.04965572 
258 428 14 20 0.048306298 
422 427 23 30 0.046284072 
874 344 21 26 0.046219867 
312 381 347 423 0.046161573 
243 374 16 20 0.045766525 
21 510 57 72 0.043345563 
328 604 54 46 0.04307181 
788 497 83 102 0.03971042 
547 367 15 20 0.03919859 
825 424 18 22 0.038440593 
26 355 87 112 0.0380824 
543 390 10 14 0.037840866 
768 540 119 172 0.03674897 
354 442 30 37 0.036410812 
47 533 37 53 0.03553775 
88 507 50 63 0.035189994 
378 395 25 30 0.034974176 
771 345 32 31 0.033986703 
543 353 24 31 0.03303196 
867 402 28 35 0.033029847 
32 244 234 239 0.032983743 
40 503 93 106 0.032702845 
850 408 35 43 0.03205172 
833 414 22 33 0.031997908 
527 424 12 14 0.031581245 
22 379 22 30 0.0314497 
155 356 14 17 0.030439002 
371 437 15 18 0.02995567 
998 375 15 20 0.029272247 
318 402 14 21 0.028514417 
951 398 26 29 0.028223014 
873 376 26 30 0.028124364 
-5 96 395 486 0.028032785 
565 468 50 59 0.02799567 
319 577 55 60 0.02794754 
225 423 25 29 0.02732641 
558 370 14 19 0.027297689 
415 437 16 22 0.027122943 
219 448 45 54 0.027024392 
659 452 20 23 0.026919441 
330 457 24 33 0.026679847 
3 453 46 70 0.026569413 
396 378 11 14 0.02649701 
797 434 26 34 0.026406812 
403 446 23 29 0.026135944 
565 423 14 16 0.02610257 
253 472 16 22 0.025641128 
858 427 29 37 0.025468273 
43 388 33 47 0.02532842 
396 455 26 29 0.024982939 
484 379 12 15 0.024081385 
429 416 25 35 0.023697335 
429 454 23 33 0.023464292 
783 413 42 57 0.023362484 
72 368 63 90 0.022575414 
8 387 63 81 0.022244196 
948 403 14 19 0.022141704 
540 355 14 19 0.021977775 
199 614 36 47 0.021941928 
663 380 88 117 0.02183488 
868 442 18 23 0.021539789 
534 411 11 14 0.021463526 
223 452 19 22 0.021183357 
286 487 44 62 0.021169128 
228 555 53 68 0.021035902 
867 384 29 38 0.020964872 
202 415 20 25 0.020881336 
293 433 19 24 0.020829344 
394 404 15 21 0.02038706 
935 409 15 21 0.020268565 
17 368 365 450 0.020231815 
340 450 27 36 0.020127947 
296 401 20 25 0.02010828 
436 332 10 12 0.020089658 
