7_Cheering_Cheering_7_134
91
465 241 92 117 0.9989064 
235 224 100 148 0.99873835 
717 251 89 116 0.9971378 
2 35 72 142 0.9940089 
159 70 80 117 0.9931371 
469 142 80 94 0.9373379 
581 356 56 69 0.2899515 
426 147 26 32 0.20367919 
578 357 27 31 0.1951665 
946 443 10 14 0.14370498 
960 449 11 15 0.13129143 
997 544 15 18 0.12559585 
972 389 11 14 0.082020864 
557 284 33 46 0.08060727 
928 468 13 16 0.07914213 
952 430 10 12 0.07408573 
419 130 28 29 0.07326542 
290 142 25 31 0.07227436 
939 382 14 16 0.064537436 
66 394 385 338 0.06201762 
949 438 11 14 0.06092539 
998 378 10 14 0.059149057 
838 442 11 16 0.056364484 
950 327 14 17 0.056029726 
953 397 9 10 0.050098512 
566 342 53 59 0.04839589 
45 1 56 64 0.04810806 
971 492 12 16 0.046487022 
971 499 15 18 0.045966793 
1014 422 8 13 0.04493685 
974 507 13 16 0.04392446 
948 496 16 20 0.03737962 
989 533 12 14 0.03728156 
66 37 45 70 0.03653018 
989 556 11 15 0.036409874 
1002 538 16 21 0.035717126 
906 460 14 17 0.035015855 
941 424 9 11 0.033433925 
912 486 12 14 0.03127851 
923 422 12 15 0.030922236 
937 427 10 13 0.030766118 
996 533 14 17 0.030277366 
881 504 30 37 0.02920376 
972 414 10 12 0.0290776 
1012 389 12 17 0.028896362 
902 464 15 21 0.02845648 
965 438 11 14 0.028312191 
932 470 15 19 0.028035263 
957 430 9 13 0.027707089 
956 442 21 25 0.02765908 
946 439 20 24 0.02746224 
949 604 16 20 0.027207151 
192 144 32 39 0.027162265 
919 466 12 18 0.026596375 
57 -1 39 31 0.026038934 
371 10 13 17 0.026025165 
250 108 38 42 0.025767997 
936 388 12 15 0.025740838 
802 429 11 14 0.02554512 
84 108 9 12 0.02515154 
291 106 10 13 0.02501639 
1012 537 11 20 0.02461053 
959 436 11 15 0.024390392 
983 557 12 15 0.024300527 
993 476 10 14 0.023871528 
958 411 10 13 0.023758497 
1005 492 14 18 0.023345735 
992 547 13 16 0.02332436 
934 394 11 15 0.023129063 
971 446 10 14 0.022862718 
416 135 15 19 0.022827566 
966 412 11 14 0.022826577 
659 46 449 508 0.022709612 
563 317 33 45 0.022568943 
989 409 14 16 0.022479992 
890 412 15 17 0.022443822 
893 380 13 15 0.022389969 
869 507 23 28 0.022303881 
222 89 51 74 0.022072267 
816 484 15 18 0.021979542 
276 71 25 31 0.021917926 
997 518 23 32 0.021515224 
991 538 15 17 0.021439461 
512 269 62 88 0.020667588 
976 542 11 14 0.02060489 
980 500 13 16 0.02059966 
814 468 22 29 0.020588592 
950 390 11 14 0.020410597 
982 525 14 17 0.020226922 
1006 555 13 16 0.020193303 
279 81 15 18 0.020124279 
