7_Cheering_Cheering_7_530
85
303 163 13 17 0.98648006 
9 105 22 24 0.93296224 
722 145 21 27 0.88157994 
400 21 34 72 0.87226796 
957 210 14 18 0.7936184 
814 172 15 28 0.7512601 
141 141 12 16 0.6516288 
620 110 20 37 0.52324885 
81 135 11 14 0.49370575 
551 195 8 10 0.3069524 
249 240 11 14 0.25624177 
261 175 10 13 0.1825761 
358 58 13 18 0.13976038 
912 231 9 11 0.118070975 
364 180 9 11 0.108466364 
158 165 11 13 0.09791658 
685 187 10 14 0.087933555 
712 144 20 29 0.08601135 
925 244 8 10 0.0856429 
867 170 15 20 0.074213155 
218 187 11 14 0.056380406 
246 190 7 10 0.049744837 
949 181 11 14 0.048100386 
857 160 23 29 0.04632342 
806 150 11 14 0.04587737 
868 139 11 16 0.04272858 
547 193 8 10 0.041455474 
258 180 9 11 0.039909285 
385 65 9 12 0.039722223 
0 230 11 20 0.038846735 
256 197 8 12 0.03662085 
811 226 17 24 0.036471523 
148 146 11 14 0.036364112 
418 46 51 60 0.036172114 
77 179 10 13 0.03604204 
678 186 12 19 0.035702884 
683 146 16 19 0.03360988 
163 168 10 12 0.032338046 
381 7 64 100 0.032252874 
933 259 10 12 0.032166474 
335 31 8 12 0.03154584 
859 174 18 23 0.03150469 
297 247 10 13 0.030676864 
366 38 10 12 0.030139765 
227 327 14 17 0.029692153 
493 0 14 16 0.028819531 
119 187 11 14 0.02856479 
524 187 10 13 0.028496915 
916 230 10 12 0.027805 
854 151 14 19 0.027731124 
933 183 8 10 0.027328232 
662 182 21 30 0.026248595 
896 220 10 13 0.026180418 
846 158 23 33 0.02583133 
856 143 21 29 0.025793074 
349 259 9 11 0.02571553 
591 215 10 12 0.025638644 
690 150 16 22 0.025300309 
137 144 11 16 0.024360284 
355 70 13 18 0.02402785 
110 165 10 13 0.024024019 
853 175 16 25 0.023852164 
702 164 11 16 0.023805583 
903 190 14 20 0.023263792 
942 204 11 16 0.023132905 
942 199 10 12 0.02295835 
584 150 10 13 0.022659784 
919 176 9 12 0.02264437 
5 143 55 70 0.022248553 
222 318 29 33 0.021993287 
41 237 14 18 0.021976238 
586 125 10 13 0.02190613 
376 46 11 13 0.021717783 
117 161 10 13 0.02157105 
351 37 43 64 0.021499664 
263 190 9 11 0.02140044 
296 182 9 12 0.021326311 
841 172 21 29 0.021116937 
271 214 10 12 0.021036513 
705 171 10 14 0.020884112 
757 2 9 10 0.020811014 
631 114 25 32 0.020396253 
248 197 8 11 0.020365119 
698 143 22 29 0.020317057 
921 239 9 12 0.02002513 
