7_Cheering_Cheering_7_631
19
387 213 146 199 0.9966294 
703 329 100 160 0.9696508 
139 1071 52 108 0.6418583 
292 583 78 65 0.086543776 
55 170 422 410 0.062163144 
480 718 69 75 0.047620323 
702 319 67 107 0.03354207 
131 508 52 65 0.033293843 
287 686 78 54 0.029694838 
12 328 412 461 0.029648812 
12 259 235 317 0.02942444 
72 546 42 51 0.028179422 
275 89 52 65 0.028054526 
250 62 94 108 0.02401084 
471 686 61 81 0.02376291 
254 688 114 101 0.02208113 
618 1510 44 33 0.021616412 
138 551 46 58 0.021167317 
-2 530 54 82 0.02002622 
