58_Hockey_icehockey_puck_58_184
37
315 96 75 85 0.4180666 
566 398 50 62 0.29077044 
77 61 408 445 0.064075366 
752 404 10 12 0.061590686 
736 403 10 12 0.04288365 
790 338 12 15 0.042087313 
250 375 128 178 0.038340226 
703 395 11 13 0.036833003 
712 415 12 14 0.03546938 
861 422 12 14 0.030800385 
904 403 11 14 0.030223552 
697 412 10 14 0.029852625 
759 331 11 13 0.028591791 
354 95 63 86 0.02818723 
766 406 11 13 0.028013213 
177 480 165 287 0.027797954 
730 420 9 11 0.02731675 
745 421 10 12 0.027251627 
833 486 11 13 0.026497798 
61 475 336 494 0.025091678 
790 281 12 15 0.024792304 
199 922 43 47 0.024761574 
774 333 11 14 0.024054136 
689 429 11 13 0.023790564 
846 413 12 15 0.023396224 
759 388 9 11 0.02297222 
846 454 12 14 0.022094568 
776 427 10 12 0.021639857 
767 235 12 15 0.021426471 
179 242 232 253 0.021007033 
774 276 12 14 0.020802774 
784 299 12 14 0.020602196 
840 471 10 12 0.020517472 
784 356 11 13 0.020455843 
726 324 11 14 0.020283334 
975 264 12 15 0.020055749 
799 244 13 16 0.020043675 
