58_Hockey_icehockey_puck_58_221
61
0 693 54 74 0.99779236 
7 456 47 61 0.9953571 
253 332 44 60 0.99430805 
110 456 50 67 0.993193 
97 361 51 64 0.9927987 
654 462 49 61 0.9908959 
206 469 51 73 0.9894545 
575 36 44 53 0.9817615 
453 517 74 95 0.98060256 
738 158 35 54 0.96863717 
203 201 37 54 0.9331648 
81 578 52 67 0.9282849 
546 486 34 48 0.9088877 
818 145 37 48 0.90146375 
1 71 30 52 0.90130335 
52 69 38 50 0.9006664 
0 193 30 57 0.8908679 
53 196 38 51 0.81353575 
364 286 40 55 0.8014208 
114 78 39 60 0.7980417 
896 473 37 56 0.5904265 
483 457 38 55 0.51297015 
130 331 41 51 0.4636397 
486 301 40 49 0.34541753 
822 474 40 50 0.31534928 
314 248 39 44 0.23824623 
141 734 35 51 0.11517122 
684 203 41 54 0.08308187 
500 460 29 41 0.055578817 
353 290 34 42 0.049753834 
599 407 31 34 0.048455223 
515 463 24 33 0.047654286 
602 339 47 56 0.04686343 
502 958 33 37 0.04336141 
840 153 25 34 0.04295663 
183 139 12 14 0.042915132 
799 466 97 111 0.039243765 
832 297 46 52 0.038209166 
93 70 43 59 0.031443056 
384 293 48 70 0.029237203 
592 359 51 56 0.028854026 
737 661 45 53 0.028626166 
198 711 13 17 0.02774643 
588 383 47 52 0.027492039 
324 250 46 58 0.02700465 
229 460 51 69 0.026729936 
524 510 11 15 0.026015542 
580 297 28 36 0.02591678 
608 4 49 56 0.02572797 
514 937 24 31 0.025582785 
612 415 20 23 0.02427499 
450 471 84 104 0.023621935 
34 -2 32 32 0.02330138 
271 287 48 59 0.023265265 
546 290 52 75 0.023218544 
437 269 10 14 0.023013288 
518 365 32 37 0.022033783 
287 302 45 60 0.021655021 
132 475 58 71 0.02128942 
386 930 93 174 0.020667594 
433 741 29 34 0.020617474 
