58_Hockey_icehockey_puck_58_507
74
724 119 58 69 0.999159 
850 217 62 76 0.99849546 
417 108 32 38 0.9853563 
462 68 32 39 0.9526332 
290 46 18 21 0.8719047 
225 369 41 49 0.4804875 
655 213 43 60 0.37150648 
341 160 57 63 0.23654063 
534 106 35 44 0.21761616 
493 128 43 49 0.14278826 
512 106 45 50 0.12824073 
352 54 17 22 0.10736354 
519 91 31 36 0.0985918 
358 29 13 14 0.07915039 
436 93 23 30 0.076930605 
365 70 28 32 0.07690854 
898 225 35 48 0.07171541 
141 12 21 25 0.06551314 
916 444 14 17 0.06251071 
284 37 13 15 0.062333744 
439 31 15 18 0.060948484 
212 0 13 11 0.055223808 
961 422 39 46 0.053903144 
317 50 11 18 0.0523723 
539 4 15 20 0.050787795 
491 140 18 24 0.04954886 
409 21 16 19 0.044297237 
373 35 12 15 0.04264354 
270 19 12 15 0.04173105 
523 85 21 23 0.0415274 
418 29 22 27 0.040826764 
765 317 11 13 0.040742364 
290 37 16 19 0.040587652 
324 422 40 58 0.03704546 
429 0 15 14 0.036217947 
468 12 15 16 0.035995226 
302 581 12 14 0.03524517 
303 102 12 17 0.033953886 
796 1 13 13 0.03263251 
385 1 20 20 0.031876173 
468 18 18 20 0.031722855 
409 97 28 36 0.031075155 
440 20 21 25 0.03084737 
1011 521 12 17 0.030109461 
347 41 23 29 0.029564274 
632 219 60 76 0.02929525 
272 26 12 15 0.02909125 
372 43 14 17 0.028877366 
942 437 10 16 0.02805338 
3 0 18 17 0.026662465 
473 67 19 23 0.026247304 
460 60 14 19 0.025108462 
152 121 240 290 0.02497034 
280 41 13 17 0.024942253 
340 21 11 14 0.024936615 
265 45 14 19 0.024589425 
310 44 15 22 0.02455501 
448 27 17 20 0.023142597 
823 326 43 56 0.023020336 
532 123 15 17 0.022789316 
472 32 23 27 0.022749402 
574 71 34 45 0.022501905 
511 531 124 108 0.022478176 
360 56 19 22 0.022346446 
457 19 24 28 0.022336055 
978 1 12 12 0.021497432 
167 43 11 14 0.0208915 
88 208 33 34 0.02084204 
366 34 13 15 0.02065772 
95 85 10 14 0.020506758 
292 28 16 18 0.020481996 
391 -1 25 24 0.020293837 
364 54 27 34 0.020293646 
384 121 41 54 0.020234602 
