58_Hockey_icehockey_puck_58_825
30
390 116 27 32 0.9990814 
297 119 27 35 0.99880254 
639 104 26 33 0.9984584 
770 103 26 34 0.9984017 
792 219 31 39 0.9983511 
596 115 27 33 0.99832827 
574 232 30 38 0.9982639 
819 118 29 38 0.9981719 
211 230 32 42 0.99794537 
250 110 27 33 0.99792117 
477 217 29 39 0.9977386 
545 100 27 34 0.9975006 
498 125 26 34 0.99704 
343 213 31 42 0.9964257 
347 105 25 32 0.9960698 
684 222 31 38 0.9960691 
95 386 41 45 0.99606735 
715 121 27 37 0.9954242 
212 116 27 36 0.9951191 
842 397 36 44 0.9935787 
106 110 28 38 0.9923921 
451 88 26 29 0.99184495 
-37 319 355 457 0.041548736 
774 368 23 31 0.031733405 
323 109 22 28 0.027238928 
574 113 22 29 0.026025357 
438 279 32 45 0.025443364 
139 422 58 68 0.02478177 
339 294 55 65 0.02176137 
371 114 15 21 0.021069918 
