58_Hockey_icehockey_puck_58_290
80
421 62 26 36 0.99650586 
659 36 23 31 0.9953975 
560 43 24 32 0.99328184 
489 62 24 32 0.99189657 
60 18 27 37 0.9908647 
358 71 24 32 0.9855467 
742 32 23 30 0.9852409 
300 81 25 33 0.9838127 
807 18 24 28 0.9812305 
491 468 25 40 0.979418 
362 -1 23 27 0.97734207 
862 0 24 28 0.9744014 
123 22 23 28 0.9420496 
179 13 22 26 0.93665594 
602 40 19 28 0.9161261 
912 0 24 24 0.9032289 
44 180 18 23 0.8772147 
101 113 21 27 0.8527201 
325 337 31 34 0.72297555 
31 36 20 29 0.63537604 
242 8 23 26 0.48309135 
3 126 22 31 0.4112695 
739 255 30 33 0.2594794 
703 468 43 38 0.2402525 
311 330 28 33 0.1497404 
153 25 14 18 0.094735146 
210 81 15 18 0.0921094 
242 19 25 29 0.07053047 
251 57 13 18 0.062394474 
162 75 15 18 0.057819583 
915 234 16 19 0.057691373 
106 27 14 21 0.05733478 
779 85 18 22 0.055115853 
180 0 13 12 0.050922498 
240 33 26 29 0.050225757 
691 345 13 17 0.04644597 
753 251 19 26 0.045570448 
239 49 23 27 0.044232402 
765 22 18 24 0.04423178 
677 0 33 30 0.040372197 
903 225 23 25 0.038798817 
76 94 15 17 0.036948647 
50 142 17 19 0.036906425 
170 3 35 43 0.036169752 
501 466 26 33 0.034643568 
690 0 46 35 0.033775065 
681 0 21 18 0.03373556 
156 78 22 26 0.032724578 
712 0 21 18 0.03189504 
167 19 12 18 0.031369157 
180 3 17 22 0.029788375 
328 28 42 57 0.028433483 
898 224 18 21 0.027622182 
142 90 9 12 0.027434815 
212 21 20 26 0.027286163 
716 316 36 38 0.026755707 
553 27 42 50 0.02632885 
382 24 14 19 0.025716987 
923 222 12 15 0.025336385 
19 31 28 41 0.025197776 
71 96 14 18 0.025083058 
105 30 22 28 0.024566464 
771 23 23 27 0.024477618 
116 10 36 48 0.02438929 
131 161 14 19 0.024194144 
265 66 18 22 0.023718383 
156 88 14 19 0.023422094 
71 90 25 29 0.02264779 
552 2 49 56 0.021619307 
350 11 45 54 0.021541981 
222 21 22 29 0.02151059 
237 100 10 13 0.021069296 
100 86 10 13 0.02089907 
150 72 15 18 0.020814646 
112 114 16 21 0.0206457 
153 67 21 26 0.020619977 
588 43 24 29 0.020582 
352 -2 38 42 0.020403739 
739 250 20 26 0.020297961 
183 75 11 14 0.020001236 
