58_Hockey_icehockey_puck_58_753
40
882 383 56 91 0.9533778 
558 293 23 32 0.74838537 
896 188 17 25 0.73790365 
1003 158 16 23 0.56422806 
739 221 26 40 0.2800181 
820 242 23 24 0.24418704 
170 109 10 13 0.21437229 
765 159 12 16 0.12221041 
940 155 18 18 0.10837989 
710 331 36 42 0.083305106 
335 496 43 50 0.08307994 
357 480 45 53 0.06629333 
936 132 23 26 0.06539767 
454 124 11 14 0.06328765 
330 487 29 49 0.060112376 
180 549 46 71 0.05991367 
664 302 35 51 0.0594363 
681 230 41 54 0.0462756 
735 201 41 55 0.04580316 
939 144 22 25 0.045016054 
343 448 10 12 0.037163276 
521 156 11 14 0.037097804 
815 242 17 19 0.034559663 
904 190 22 26 0.03174391 
527 367 42 49 0.03054111 
564 299 28 31 0.028916659 
526 387 34 40 0.02844278 
138 504 62 62 0.02685597 
45 515 28 35 0.026562244 
179 510 14 17 0.024731996 
142 513 78 105 0.02391218 
935 99 12 14 0.023791797 
942 96 10 12 0.023728829 
830 240 17 22 0.022839785 
550 301 27 36 0.022662403 
449 120 10 12 0.022046588 
173 114 10 12 0.022041082 
195 537 43 69 0.021585679 
308 597 37 45 0.021146001 
933 144 16 20 0.02068806 
