58_Hockey_icehockey_puck_58_118
26
599 127 63 71 0.9720357 
173 76 65 71 0.9608931 
828 147 147 173 0.41548246 
517 296 39 55 0.2784693 
826 82 91 118 0.09671033 
148 87 52 70 0.08916118 
289 324 46 64 0.06687586 
816 101 61 81 0.06442977 
221 38 45 60 0.062434778 
818 114 39 48 0.05651938 
534 353 14 16 0.055658024 
896 535 122 144 0.047961064 
286 16 70 80 0.04720413 
805 126 57 75 0.038807034 
301 12 15 16 0.034902237 
813 136 98 141 0.031419065 
282 262 439 577 0.03093919 
547 308 24 29 0.028951881 
779 92 347 406 0.028389897 
308 -4 62 71 0.028172223 
441 13 108 117 0.025078403 
512 331 408 485 0.024290796 
205 64 57 73 0.022703607 
607 94 66 80 0.022156226 
265 316 31 36 0.02202953 
284 55 64 67 0.021603523 
