58_Hockey_icehockey_puck_58_384
79
223 206 35 29 0.9984653 
606 226 27 30 0.9874155 
423 494 28 33 0.95911527 
529 439 32 39 0.9423512 
776 63 18 21 0.62205404 
554 302 20 26 0.5498223 
602 193 18 25 0.48820677 
139 527 39 34 0.4033184 
544 254 23 27 0.34772012 
349 575 30 36 0.26165482 
605 188 13 18 0.20707233 
-1 492 30 37 0.17588033 
839 84 12 14 0.14058727 
253 618 14 20 0.1369543 
534 307 13 15 0.12281108 
0 500 12 21 0.11434593 
375 548 37 41 0.09635309 
847 69 10 13 0.08959672 
629 74 28 27 0.087650366 
851 26 13 16 0.080983184 
231 488 34 29 0.07707454 
763 60 25 31 0.07216686 
655 178 24 29 0.06910596 
742 60 33 45 0.0603781 
602 200 25 30 0.059889738 
738 119 26 33 0.053121764 
830 57 13 18 0.051377524 
310 619 35 45 0.04575626 
808 68 14 17 0.042247966 
545 240 28 31 0.039157107 
661 192 18 23 0.037486248 
844 74 13 15 0.03576607 
444 612 12 15 0.033985004 
556 315 18 23 0.03391052 
803 0 38 52 0.033371706 
637 72 33 37 0.032868616 
356 561 35 42 0.03255662 
472 211 38 53 0.032396637 
537 302 20 26 0.03226577 
660 167 16 19 0.031964906 
839 65 14 17 0.030298017 
766 65 14 19 0.029849855 
219 196 16 23 0.029086772 
533 258 30 34 0.028662447 
322 613 28 37 0.028658755 
307 455 14 19 0.028529884 
130 504 45 47 0.028239824 
527 143 43 49 0.027244058 
349 579 18 22 0.027176945 
404 378 32 37 0.026930662 
515 329 37 40 0.026865192 
209 201 41 45 0.02676804 
878 63 9 11 0.026520004 
152 522 22 21 0.026448213 
658 164 25 31 0.02580359 
436 242 26 29 0.025548346 
597 300 10 15 0.02549752 
654 180 14 18 0.025465362 
671 69 11 14 0.025197657 
831 86 11 14 0.025043176 
838 80 20 24 0.024751412 
512 415 13 16 0.024361292 
527 299 22 26 0.023142828 
751 53 48 55 0.022924623 
621 64 28 33 0.022249315 
333 615 15 19 0.022196308 
258 623 15 18 0.022154057 
795 64 14 20 0.02139581 
245 608 25 34 0.021286188 
681 252 9 13 0.02120572 
784 60 17 23 0.020939896 
724 187 13 17 0.020827089 
292 451 27 31 0.020610752 
370 450 37 50 0.020501329 
390 287 43 42 0.020297581 
669 336 10 13 0.020216336 
693 38 10 12 0.02020453 
451 248 15 19 0.02002125 
650 122 15 18 0.0200014 
