58_Hockey_icehockey_puck_58_94
25
686 166 44 50 0.9948343 
440 117 36 49 0.9901038 
815 230 46 53 0.98468494 
123 33 41 47 0.9831262 
760 117 40 54 0.98237914 
568 151 46 49 0.97766817 
307 93 42 47 0.9203928 
976 113 33 46 0.7864673 
598 105 39 51 0.6409043 
524 213 66 78 0.39645913 
598 387 25 31 0.38076797 
1002 110 22 43 0.096761495 
55 12 31 49 0.09580047 
292 102 16 25 0.038262155 
295 97 26 33 0.03412909 
503 40 27 33 0.027897587 
907 325 35 37 0.027541658 
239 385 69 109 0.022949468 
589 390 10 13 0.021728199 
609 -5 99 103 0.021719826 
588 76 48 60 0.021610219 
638 196 36 44 0.021374097 
61 1 48 57 0.021222109 
521 91 48 60 0.02086098 
769 212 17 22 0.02036825 
