58_Hockey_icehockey_puck_58_692
27
444 70 61 73 0.9975297 
565 87 61 76 0.98027885 
250 47 54 77 0.53999996 
149 30 35 40 0.14202529 
569 112 32 47 0.1103059 
330 281 24 28 0.09933809 
593 106 52 59 0.06979468 
613 53 44 54 0.06448057 
593 61 52 71 0.056010343 
419 86 10 14 0.04653917 
616 127 31 35 0.04124229 
375 339 26 30 0.039225653 
506 344 28 34 0.036732122 
571 134 16 24 0.035275303 
153 27 52 63 0.030944755 
227 17 71 89 0.027489806 
558 44 14 17 0.027343357 
272 50 62 77 0.026403926 
852 125 12 14 0.025448043 
820 65 49 63 0.024554346 
667 166 44 61 0.023426784 
390 91 9 12 0.022497086 
324 109 14 16 0.02234316 
485 -45 416 479 0.021533782 
606 124 51 57 0.020604173 
545 64 58 84 0.020545172 
556 35 22 28 0.02034406 
