58_Hockey_icehockey_puck_58_469
109
370 239 36 41 0.993789 
548 209 39 45 0.99210054 
164 81 17 22 0.9592132 
23 84 21 26 0.95005924 
413 25 18 23 0.94140095 
480 86 18 22 0.9232642 
649 113 16 21 0.91910875 
69 91 17 21 0.9136355 
304 56 16 20 0.89436436 
88 3 17 20 0.8901546 
618 110 21 26 0.88391304 
216 58 18 24 0.87615794 
465 11 16 21 0.8701843 
396 84 22 27 0.86136323 
572 104 18 21 0.8596268 
332 73 20 23 0.8546923 
499 23 13 17 0.8425485 
100 81 21 26 0.8398939 
339 112 16 20 0.8139028 
879 92 11 14 0.7822691 
259 47 14 19 0.7322335 
552 139 18 23 0.69371116 
520 160 18 23 0.6781629 
359 63 15 19 0.6681577 
722 21 15 20 0.6487016 
623 0 11 11 0.5407473 
887 67 14 18 0.4502692 
605 164 42 51 0.35891098 
683 26 14 17 0.30328876 
783 157 15 20 0.28787428 
131 11 17 22 0.26925507 
950 74 14 18 0.22485916 
838 163 12 16 0.18208824 
741 132 13 17 0.17972665 
828 117 17 21 0.16293249 
902 165 12 16 0.14934653 
4 43 21 29 0.14340423 
867 115 15 18 0.12679973 
162 29 13 16 0.12387242 
712 6 11 15 0.08830868 
627 176 18 22 0.081969276 
621 101 15 17 0.064493634 
919 150 23 27 0.060642205 
473 8 16 22 0.059748497 
478 4 13 16 0.05612022 
364 180 17 20 0.050244596 
637 111 18 25 0.040017284 
809 166 10 12 0.039132964 
392 8 40 50 0.03888273 
566 108 16 21 0.037996218 
916 177 12 15 0.036146905 
302 92 11 13 0.036127932 
428 173 12 15 0.03373898 
279 134 10 12 0.032089483 
330 110 20 25 0.031914808 
863 160 12 16 0.031153962 
389 64 36 48 0.030741831 
854 19 9 11 0.030577315 
731 198 13 14 0.03003413 
936 183 11 13 0.029616093 
307 109 24 27 0.029292662 
238 53 11 14 0.028411632 
267 67 12 15 0.028408373 
736 135 15 21 0.027285993 
0 109 24 32 0.027153226 
288 124 11 14 0.02659393 
562 141 15 22 0.026104946 
539 144 22 28 0.025967775 
584 105 14 19 0.02584366 
541 38 14 15 0.025588347 
593 248 63 80 0.025497688 
727 305 13 17 0.025494577 
683 178 11 16 0.025174465 
381 191 26 31 0.024915336 
423 177 12 16 0.024636608 
751 302 26 35 0.02456499 
90 202 13 15 0.024408609 
482 7 17 24 0.024265796 
909 172 11 14 0.024040587 
310 109 15 16 0.024011333 
352 63 17 24 0.023901353 
904 116 12 15 0.023800248 
112 81 15 21 0.02379849 
547 0 12 10 0.023659317 
707 162 25 31 0.023480194 
103 229 12 16 0.023367072 
656 0 12 12 0.02322246 
114 179 15 19 0.023116017 
639 3 14 16 0.023047762 
924 123 10 13 0.022834161 
123 89 16 20 0.02220861 
910 87 9 11 0.022178777 
493 13 17 22 0.021452138 
715 9 14 16 0.021425592 
907 153 25 28 0.021333337 
917 99 11 15 0.021299208 
929 155 13 17 0.021260941 
904 86 9 11 0.021230076 
435 27 16 21 0.02108374 
199 6 27 30 0.02104362 
860 188 12 14 0.020989364 
492 140 12 15 0.020961119 
886 113 12 16 0.020920115 
846 146 11 16 0.020832 
128 78 21 26 0.020588897 
276 70 10 13 0.02050179 
500 38 15 20 0.020351382 
340 249 14 16 0.020316543 
744 137 14 18 0.02001621 
