58_Hockey_icehockey_puck_58_113
33
81 39 29 33 0.9954733 
306 120 53 61 0.9248003 
660 51 22 27 0.8101041 
225 40 18 21 0.769389 
273 33 27 32 0.70383745 
182 39 20 25 0.69526994 
513 43 48 67 0.53094 
131 48 17 20 0.22748868 
431 39 22 29 0.22328624 
244 18 11 14 0.18772121 
490 53 14 18 0.1305667 
443 47 16 20 0.11079676 
358 40 24 32 0.09316176 
566 68 12 15 0.09183303 
1012 418 11 19 0.08827536 
128 44 13 18 0.083583616 
519 55 28 42 0.080515474 
391 36 27 31 0.06645391 
993 93 30 45 0.058353845 
435 37 13 16 0.058158934 
533 26 57 67 0.05627017 
533 54 39 48 0.050317597 
527 63 53 68 0.047994584 
315 45 19 22 0.046301667 
676 77 53 60 0.03738989 
558 67 15 19 0.03196781 
389 25 27 30 0.029865094 
126 58 25 31 0.024468947 
306 248 32 46 0.024054281 
553 60 28 32 0.023885049 
322 139 18 21 0.02062162 
549 12 59 55 0.0201096 
369 35 33 37 0.020089978 
