58_Hockey_icehockey_puck_58_245
40
677 55 31 38 0.9994205 
281 79 29 36 0.9991954 
811 54 27 36 0.9991264 
610 71 29 36 0.998934 
154 75 29 35 0.9988104 
613 196 29 36 0.9986527 
253 205 30 37 0.99862766 
382 104 28 36 0.99862194 
882 47 30 35 0.99826956 
198 121 29 36 0.9982476 
103 95 30 38 0.9981831 
353 207 28 36 0.99817646 
733 63 28 39 0.99810094 
410 82 29 39 0.99801 
840 200 28 35 0.9979327 
199 225 34 41 0.99784625 
529 99 29 38 0.9977701 
611 366 29 37 0.99773175 
901 169 30 39 0.9972771 
474 116 29 36 0.99714774 
99 189 32 35 0.9968182 
680 292 27 34 0.9955367 
436 194 32 41 0.99014586 
456 185 32 41 0.066331625 
342 110 17 22 0.044972975 
835 276 39 50 0.042003337 
773 245 21 30 0.036888607 
507 110 23 30 0.036636326 
270 290 13 14 0.033727225 
721 73 24 32 0.030809853 
584 362 26 30 0.029214371 
716 81 18 25 0.02721035 
497 113 22 31 0.022939447 
682 144 12 15 0.02263721 
578 372 34 42 0.022515949 
428 367 30 50 0.022120045 
396 196 12 15 0.021156712 
209 328 11 13 0.020567486 
874 124 37 49 0.02023148 
469 180 28 37 0.020188775 
