58_Hockey_icehockey_puck_58_785
38
130 328 38 45 0.99875534 
525 339 31 37 0.9983084 
286 364 33 39 0.997781 
791 310 33 38 0.99706984 
728 337 32 39 0.9964898 
480 339 33 40 0.99608827 
244 360 34 40 0.99599224 
448 354 32 40 0.99533087 
686 337 29 36 0.9945208 
375 341 34 45 0.9943475 
421 293 34 43 0.99323565 
919 310 33 45 0.99123526 
626 361 29 36 0.99032533 
658 306 28 37 0.9840677 
329 333 34 43 0.97500926 
283 310 30 36 0.9662802 
605 326 24 32 0.6738992 
683 458 27 35 0.34891462 
831 445 23 28 0.18622649 
617 330 17 21 0.113311194 
803 431 18 23 0.057586346 
659 289 26 32 0.056676205 
758 476 16 17 0.039153818 
947 720 26 28 0.03755834 
617 308 18 22 0.033706415 
602 324 18 25 0.032677084 
718 480 15 18 0.02954562 
309 548 15 20 0.028556451 
938 508 25 27 0.02851087 
714 461 32 38 0.027607683 
136 685 12 15 0.025791256 
311 68 500 583 0.025087357 
285 501 33 44 0.024411084 
156 191 451 497 0.024186455 
497 339 25 33 0.021932947 
809 586 12 15 0.02188492 
335 311 9 11 0.021143226 
472 348 29 35 0.020471474 
