58_Hockey_icehockey_puck_58_835
33
149 245 31 38 0.9984681 
246 244 31 41 0.99770844 
677 250 30 39 0.997695 
444 238 32 40 0.997661 
216 183 29 36 0.9965018 
515 241 30 38 0.9961228 
769 257 31 40 0.9956493 
552 185 29 34 0.99564654 
876 310 30 36 0.99533045 
163 398 37 45 0.9951616 
356 179 30 35 0.99504244 
701 405 38 41 0.9938479 
353 238 36 44 0.9938338 
310 412 35 42 0.99356407 
599 247 31 37 0.98974496 
449 179 28 34 0.9889686 
439 411 38 48 0.9865176 
626 197 25 33 0.98593533 
560 404 35 48 0.9848231 
851 406 38 48 0.9839474 
51 305 37 50 0.98393506 
693 202 27 33 0.98322475 
288 174 31 40 0.9804278 
761 213 27 35 0.9803242 
363 550 16 20 0.07622241 
573 271 9 14 0.05084954 
662 180 14 19 0.045546204 
444 504 42 58 0.034006998 
661 184 21 26 0.027829949 
949 533 15 19 0.024753977 
409 496 52 67 0.024532422 
730 386 27 38 0.021593207 
37 390 48 75 0.020576693 
