58_Hockey_icehockey_puck_58_403
27
292 88 59 81 0.98685336 
573 202 67 84 0.9559443 
357 339 41 58 0.11502897 
114 213 16 24 0.062288385 
262 239 29 39 0.057338316 
990 152 33 51 0.05229932 
77 46 12 19 0.041061904 
557 171 78 87 0.03844895 
363 307 43 48 0.03836578 
270 237 13 14 0.03815063 
269 110 62 72 0.037181582 
383 351 40 51 0.036758576 
759 320 41 50 0.030802492 
676 477 42 43 0.030249838 
219 196 93 113 0.029025251 
345 336 35 50 0.027852472 
605 394 31 38 0.02456855 
777 325 26 35 0.024214499 
69 37 21 30 0.023883281 
347 318 29 40 0.023115167 
581 451 74 89 0.022997031 
22 149 400 522 0.02218578 
239 214 57 72 0.021491831 
215 753 62 52 0.02133253 
516 288 59 71 0.021112476 
394 361 47 52 0.02102629 
498 230 36 38 0.020763362 
