58_Hockey_icehockey_puck_58_680
318
563 243 34 41 0.9987148 
562 328 35 44 0.9967032 
470 320 37 43 0.99632025 
838 206 35 42 0.9954348 
671 354 34 38 0.99513274 
751 216 35 39 0.9939547 
433 225 34 41 0.9938274 
331 237 37 43 0.9931613 
368 320 38 45 0.99027365 
891 366 38 43 0.9827132 
225 198 35 43 0.98237246 
621 250 35 42 0.9813519 
788 124 16 20 0.9771111 
643 141 15 20 0.9728065 
774 343 38 45 0.9720186 
548 191 31 39 0.9674326 
256 342 35 45 0.9518036 
261 176 25 31 0.9390591 
486 152 12 16 0.93449265 
790 51 12 15 0.9152909 
739 119 14 18 0.9016592 
802 149 16 20 0.8978614 
626 56 14 18 0.8801026 
669 2 14 17 0.8744435 
301 138 13 16 0.8713263 
981 23 13 17 0.8712785 
377 132 13 17 0.8684908 
887 134 15 19 0.859763 
702 118 14 18 0.8195668 
543 147 14 18 0.7965755 
624 138 13 16 0.7908048 
928 80 12 16 0.7724372 
673 58 15 19 0.7683741 
116 79 11 14 0.7641215 
946 223 34 37 0.76050353 
342 31 11 14 0.7338693 
369 103 15 19 0.72126937 
687 188 15 19 0.7143707 
936 165 13 16 0.69723755 
701 150 14 17 0.6734095 
581 133 12 15 0.6578121 
445 95 12 14 0.65392196 
771 19 13 17 0.64426416 
983 172 15 19 0.6230022 
579 94 13 17 0.62082577 
831 40 14 16 0.6188058 
513 111 15 19 0.6161515 
245 132 13 17 0.52748257 
1001 43 14 17 0.49439034 
500 28 15 19 0.42372206 
451 15 12 16 0.41432402 
639 193 14 16 0.40450346 
703 25 10 12 0.38403216 
300 79 13 16 0.35180843 
308 18 14 16 0.31525517 
895 59 12 15 0.31249318 
613 194 13 17 0.27862683 
580 2 13 13 0.2775267 
950 61 10 13 0.27381676 
834 125 15 18 0.27062672 
559 26 11 13 0.26861548 
363 27 12 14 0.26845548 
694 237 31 37 0.23473355 
229 82 14 17 0.23249173 
525 45 10 13 0.22604738 
836 25 12 15 0.21375969 
463 110 14 18 0.19663148 
955 126 13 15 0.18006667 
435 132 12 17 0.17049775 
704 70 11 13 0.16445206 
624 0 13 12 0.16305225 
502 23 12 15 0.15991166 
702 82 11 16 0.15954159 
588 60 11 14 0.157037 
218 127 11 14 0.15587133 
478 78 12 16 0.15445232 
870 153 14 19 0.14109166 
875 42 11 15 0.13654815 
290 333 26 34 0.13373654 
21 102 12 15 0.1305897 
409 91 11 14 0.12823923 
702 75 12 16 0.12451236 
539 114 12 15 0.12245223 
50 38 13 16 0.117463805 
732 77 11 13 0.11347019 
600 1 10 10 0.11322362 
348 134 14 18 0.11260673 
316 190 16 22 0.10868198 
734 363 41 55 0.10754063 
976 140 13 15 0.10616088 
398 22 8 11 0.087730356 
962 155 14 17 0.0863585 
468 37 10 14 0.08464277 
392 21 10 13 0.08384198 
776 150 10 12 0.081840865 
730 63 10 13 0.08132556 
88 163 38 50 0.080810174 
448 117 9 13 0.077549204 
518 1 11 12 0.07710373 
905 123 11 15 0.075213335 
825 141 11 15 0.075006925 
449 159 11 13 0.06975359 
300 382 17 23 0.06821728 
213 13 10 16 0.06790907 
638 78 14 17 0.06747692 
695 54 11 13 0.066382 
424 114 11 14 0.06628522 
107 45 13 18 0.0660601 
887 103 14 18 0.06546153 
734 192 13 17 0.064948484 
916 16 17 20 0.06472992 
533 120 15 19 0.06456003 
589 39 9 11 0.06324397 
32 60 22 27 0.06276086 
285 155 12 16 0.06250078 
599 557 10 12 0.06075938 
676 104 11 13 0.05686082 
668 79 10 13 0.056328483 
737 141 11 15 0.05629419 
341 160 12 17 0.05437945 
232 14 12 16 0.054330017 
174 51 12 15 0.052638486 
503 55 11 14 0.052050315 
396 136 10 12 0.050946612 
483 82 10 13 0.05010198 
404 5 13 14 0.049828075 
731 68 12 14 0.049530726 
311 364 14 18 0.049501605 
525 68 12 15 0.049457002 
509 92 11 14 0.049113236 
308 103 9 13 0.049023427 
548 130 12 15 0.04742559 
754 139 17 20 0.04666627 
894 352 33 38 0.04660509 
527 84 12 14 0.04586079 
615 77 13 16 0.04550299 
272 133 10 12 0.044929598 
430 109 12 16 0.04488174 
693 58 10 13 0.04448924 
518 68 12 16 0.043937836 
612 497 23 27 0.043927535 
195 125 11 13 0.043125037 
555 41 13 17 0.042645954 
902 343 24 28 0.042608254 
781 149 11 14 0.042543434 
629 221 10 12 0.042422883 
1002 242 15 19 0.04200491 
704 203 12 15 0.041401707 
320 0 9 10 0.04029717 
741 78 9 12 0.040105015 
791 175 12 15 0.039995458 
417 37 11 14 0.039072648 
864 27 10 13 0.03822354 
686 132 10 14 0.038123943 
454 110 10 13 0.03795559 
712 52 12 16 0.037602905 
396 101 10 13 0.037016697 
974 163 12 15 0.03664632 
585 140 12 15 0.036586598 
964 124 10 13 0.0364574 
253 182 26 34 0.03628569 
958 139 11 14 0.036098342 
716 56 11 16 0.03589117 
451 115 11 15 0.035633616 
704 181 11 14 0.0353994 
448 232 31 36 0.034556128 
597 157 11 15 0.034495 
536 146 15 20 0.0342694 
232 149 12 16 0.033947077 
325 106 10 14 0.033819243 
915 94 12 16 0.03366584 
68 170 29 35 0.03359665 
268 327 44 52 0.033577852 
605 267 10 15 0.032539703 
652 422 14 18 0.03251157 
140 273 49 58 0.032136843 
680 131 11 15 0.032062512 
564 116 12 15 0.03202127 
398 91 11 15 0.031791497 
359 32 13 17 0.031692453 
470 252 40 46 0.030772125 
618 31 16 19 0.030599529 
218 138 14 18 0.030529562 
853 0 14 12 0.030464418 
525 74 14 19 0.030119848 
529 122 12 16 0.030065088 
791 28 14 16 0.029965375 
471 166 10 13 0.029956575 
77 29 10 13 0.029632889 
511 353 38 46 0.029478263 
598 356 16 20 0.029273994 
336 143 11 15 0.028996238 
788 150 11 14 0.028961329 
224 0 11 11 0.028712172 
105 71 9 12 0.028639872 
916 56 14 19 0.028561719 
436 110 10 13 0.028488392 
276 39 11 13 0.02842381 
392 91 12 15 0.02830518 
686 79 9 12 0.028097536 
405 23 10 12 0.028092919 
693 132 11 16 0.02788652 
365 266 25 30 0.027840877 
679 156 9 12 0.027758548 
967 11 11 16 0.027716396 
701 153 20 25 0.027704204 
403 77 12 14 0.02758839 
455 237 38 50 0.027579984 
937 63 9 12 0.027577173 
319 196 31 34 0.027500054 
451 99 11 13 0.02743428 
944 100 11 14 0.02737146 
147 255 43 43 0.027270285 
463 92 10 14 0.027208442 
868 75 12 15 0.027096707 
165 109 11 14 0.027038027 
957 119 12 15 0.027037248 
967 157 20 27 0.027005373 
239 194 28 35 0.026843758 
841 128 14 17 0.026806956 
720 20 11 14 0.026794938 
664 22 10 13 0.02647477 
923 7 13 14 0.026451405 
4 70 13 16 0.02641849 
995 65 14 20 0.026141139 
376 245 11 15 0.026096327 
510 0 13 12 0.025963837 
453 84 14 18 0.025934877 
471 82 13 16 0.025899611 
479 30 10 12 0.025878048 
249 135 15 18 0.025357772 
460 82 14 19 0.025299273 
315 9 14 20 0.025271729 
962 165 15 21 0.025264727 
1 533 34 52 0.025221618 
262 133 13 15 0.024968471 
976 169 13 18 0.02486802 
687 37 11 15 0.02474513 
343 138 12 16 0.024679227 
426 166 12 16 0.024555082 
392 107 10 12 0.024531228 
277 161 12 16 0.024339925 
697 68 11 14 0.024126725 
952 118 11 15 0.02402037 
470 93 9 12 0.024000129 
446 110 12 14 0.023993874 
708 182 12 16 0.023916392 
230 140 11 14 0.02381784 
721 14 10 13 0.023811819 
55 68 9 12 0.023776874 
616 487 9 10 0.02374609 
308 366 24 32 0.02373276 
401 118 10 12 0.023545286 
318 3 13 18 0.023464056 
732 21 12 15 0.023399845 
84 177 12 16 0.02336414 
501 2 12 13 0.023340087 
687 60 10 14 0.023320695 
538 126 21 24 0.02327743 
108 40 11 14 0.023250267 
707 74 11 14 0.023238938 
889 53 13 17 0.023233645 
355 67 12 16 0.022958118 
432 104 9 12 0.022950383 
555 23 19 23 0.022900006 
960 149 12 17 0.02289768 
582 66 12 15 0.022710146 
362 210 14 18 0.022672607 
702 52 9 13 0.022660078 
439 114 10 14 0.022625698 
563 43 11 14 0.022562241 
20 24 11 12 0.022531435 
393 139 10 13 0.02248809 
756 99 13 16 0.022477275 
78 87 9 12 0.02211198 
367 55 9 12 0.022025814 
302 28 11 13 0.02196157 
500 38 13 18 0.02195342 
752 108 12 14 0.02193418 
899 91 12 17 0.021887943 
574 5 20 24 0.021838669 
309 114 12 15 0.0216473 
835 134 15 18 0.021574477 
699 237 19 22 0.021544153 
952 157 12 14 0.021534916 
117 112 17 21 0.021527644 
851 43 11 14 0.021492299 
965 142 10 13 0.021418069 
296 380 13 17 0.021373576 
346 34 13 17 0.021370234 
634 79 22 27 0.021366155 
471 62 11 13 0.021331692 
630 162 12 17 0.021259015 
825 41 13 17 0.02123414 
438 29 12 14 0.021208016 
701 126 14 18 0.021195384 
585 0 14 13 0.021182865 
697 155 13 16 0.021150606 
412 523 14 17 0.021132372 
669 179 12 17 0.021115946 
734 0 10 10 0.021019097 
903 107 12 16 0.020823188 
574 20 11 15 0.020719992 
663 331 40 51 0.020699684 
770 9 23 27 0.020696368 
256 125 23 28 0.020673279 
151 218 48 55 0.020603772 
500 13 14 17 0.02054477 
406 110 11 13 0.020461323 
1005 9 13 17 0.020435134 
359 60 10 15 0.020394051 
969 143 20 24 0.020339953 
671 149 10 13 0.020237781 
372 54 10 13 0.02014789 
441 100 10 13 0.020139476 
302 90 12 14 0.02013904 
946 358 40 49 0.02005037 
330 85 10 12 0.020018578 
