58_Hockey_icehockey_puck_58_553
28
913 231 23 27 0.93627447 
141 181 15 20 0.9347127 
567 170 14 18 0.9190769 
480 212 18 25 0.8778386 
92 200 27 31 0.3089836 
570 204 20 31 0.114834756 
92 171 12 14 0.06605839 
79 205 34 36 0.052568156 
73 196 29 34 0.04363905 
852 185 14 17 0.04114842 
901 238 18 23 0.036631063 
32 245 26 34 0.034475487 
940 157 9 11 0.03300989 
191 470 11 14 0.032957982 
183 468 12 16 0.029611947 
594 224 17 21 0.027471315 
580 214 28 32 0.025224505 
682 60 12 14 0.024375828 
41 305 14 19 0.023988247 
955 164 8 10 0.023656562 
144 174 19 24 0.023450753 
165 460 11 14 0.023429463 
897 222 38 43 0.022925735 
107 193 15 24 0.021410579 
557 205 21 33 0.021305755 
70 192 16 26 0.021200286 
36 242 17 23 0.020330088 
73 454 63 53 0.020101428 
