58_Hockey_icehockey_puck_58_285
29
567 174 37 43 0.9949456 
289 147 32 38 0.97695756 
786 81 14 18 0.9259029 
568 93 20 23 0.89810896 
964 262 48 52 0.8696224 
429 128 30 34 0.857129 
36 129 23 25 0.39722642 
611 168 22 28 0.21414739 
309 117 24 28 0.1305622 
547 134 34 45 0.097310446 
298 135 31 38 0.07377961 
72 179 35 37 0.061124288 
327 35 70 77 0.05270195 
894 302 59 75 0.04563106 
196 150 438 508 0.045585655 
479 44 10 12 0.038614288 
22 205 13 16 0.033289474 
899 253 87 111 0.029810583 
1013 60 10 17 0.029577028 
829 78 8 11 0.025676552 
44 143 17 19 0.025408925 
600 154 29 41 0.024673503 
32 131 15 19 0.023548312 
550 145 42 53 0.02350775 
318 93 9 11 0.023462908 
804 73 14 19 0.023459747 
777 123 39 43 0.02098197 
315 109 14 17 0.020945776 
19 160 39 59 0.0207273 
