58_Hockey_icehockey_puck_58_248
20
496 186 38 44 0.9951426 
565 69 21 27 0.900088 
385 239 59 63 0.89357644 
364 235 50 62 0.32652497 
368 470 33 35 0.26001891 
85 44 17 20 0.17659813 
411 407 39 39 0.13922031 
256 485 46 37 0.13313644 
80 131 10 13 0.086091354 
226 34 10 12 0.051028177 
691 18 13 16 0.04902553 
408 464 28 32 0.044952273 
524 94 56 73 0.04386532 
448 220 13 16 0.034910407 
461 315 414 521 0.034072977 
374 463 43 52 0.027689673 
533 176 42 55 0.023561072 
565 118 14 20 0.023071848 
365 30 14 17 0.02266952 
547 189 24 32 0.021577863 
