35_Basketball_Basketball_35_209
197
501 134 34 46 0.9943758 
418 108 34 42 0.9936632 
899 182 17 23 0.76817715 
171 188 21 25 0.6300893 
614 234 11 13 0.5576849 
50 239 11 14 0.48374057 
957 264 14 19 0.32451564 
18 231 9 12 0.19478035 
67 291 12 15 0.18453375 
336 206 10 12 0.18089746 
31 267 14 18 0.17934982 
150 230 9 13 0.14185283 
31 261 11 15 0.13346896 
146 196 14 16 0.13190793 
663 262 8 11 0.12837176 
125 198 11 14 0.12824287 
87 290 11 15 0.11852855 
978 222 14 17 0.11791882 
638 143 13 16 0.11039337 
87 206 10 12 0.099578924 
145 191 10 12 0.09582113 
925 179 9 12 0.09129357 
666 138 9 12 0.08746331 
134 228 8 12 0.086781114 
713 264 8 10 0.08116104 
637 235 9 12 0.073824465 
6 228 9 14 0.07373534 
31 198 8 11 0.07007425 
186 220 23 31 0.069997825 
959 131 10 12 0.06243892 
65 267 10 13 0.06180387 
51 293 11 13 0.058926173 
941 172 9 13 0.05833205 
159 214 13 17 0.05338906 
145 292 9 13 0.05237624 
12 259 12 15 0.052081298 
21 182 9 13 0.05093386 
922 152 7 10 0.049929705 
871 244 12 16 0.049584623 
839 198 11 15 0.049103856 
829 257 16 19 0.048796482 
332 199 11 15 0.04805401 
886 165 9 10 0.047303848 
16 236 11 13 0.044591583 
180 227 12 17 0.044386018 
654 224 8 10 0.043082252 
847 251 11 13 0.04307575 
24 434 92 106 0.04214309 
151 224 10 13 0.042117268 
120 291 11 13 0.041850936 
944 158 7 9 0.041817714 
118 270 8 10 0.041455936 
253 200 9 12 0.04134879 
750 203 9 11 0.040550496 
31 228 10 13 0.040161736 
262 228 14 19 0.038616348 
921 175 9 12 0.037590113 
15 243 12 14 0.037522815 
877 181 10 12 0.037145715 
911 160 9 12 0.03676227 
639 207 7 10 0.035922058 
120 202 10 14 0.03530779 
167 271 8 11 0.03522596 
613 243 12 16 0.035204414 
876 149 9 12 0.035111886 
634 232 9 12 0.0350856 
628 263 9 11 0.03500014 
177 77 9 11 0.03470801 
674 196 8 11 0.034638528 
967 159 8 12 0.034600694 
48 51 9 12 0.034335677 
747 200 9 11 0.03408728 
633 223 7 9 0.03316376 
109 206 9 12 0.033118546 
47 195 10 12 0.032841153 
981 141 9 11 0.03282333 
69 262 10 14 0.032036573 
927 190 10 13 0.031722665 
287 216 8 10 0.03169485 
950 189 9 13 0.031601127 
721 232 8 11 0.031214394 
103 264 9 11 0.031029105 
327 182 9 11 0.030523924 
39 239 8 11 0.030008698 
821 156 9 12 0.03000373 
22 188 11 13 0.029856902 
870 168 8 10 0.029832838 
309 198 10 12 0.029578019 
162 294 8 10 0.029554205 
125 251 11 14 0.029552989 
274 199 7 9 0.029092187 
952 175 8 10 0.02900757 
119 263 9 11 0.028786905 
965 221 10 13 0.028577609 
656 125 9 11 0.02829532 
74 222 9 12 0.02813135 
957 116 10 12 0.02748384 
977 116 8 10 0.027435299 
872 156 9 11 0.027365027 
72 241 8 10 0.02688138 
655 261 10 12 0.026567101 
885 189 12 16 0.026474414 
618 235 11 13 0.02638454 
702 196 9 11 0.026382003 
68 185 12 15 0.026287401 
968 162 10 14 0.026197601 
609 263 10 13 0.026192397 
766 124 9 11 0.026180493 
958 174 8 10 0.026079655 
649 224 8 11 0.026076268 
145 254 8 10 0.026006782 
878 176 8 11 0.025882797 
33 238 9 11 0.025723964 
121 223 8 10 0.02565488 
111 288 9 11 0.025639765 
976 215 26 29 0.02555733 
166 289 8 10 0.025496053 
134 203 10 13 0.02543953 
491 113 12 15 0.02537407 
921 134 8 11 0.025241593 
648 201 7 9 0.025207996 
918 195 10 14 0.025131816 
919 166 8 11 0.024911772 
278 199 7 10 0.02486746 
608 231 10 12 0.024826637 
666 208 7 9 0.024821565 
963 160 8 10 0.024763843 
279 84 9 12 0.024637597 
725 251 11 15 0.024634838 
131 271 7 10 0.024394318 
22 259 12 15 0.02433302 
42 192 8 10 0.024203327 
765 165 10 13 0.023971526 
953 144 7 9 0.02385201 
901 115 10 12 0.023811925 
105 49 8 10 0.023694154 
657 216 7 9 0.023636173 
213 186 17 20 0.02360501 
25 197 9 12 0.023520675 
352 247 10 12 0.02331761 
63 208 7 9 0.023242772 
294 254 8 12 0.023235235 
668 232 7 9 0.02301334 
681 140 10 13 0.022982888 
148 287 11 13 0.022950726 
145 201 21 25 0.02291064 
926 152 8 11 0.022897296 
247 66 10 13 0.022833576 
475 168 13 16 0.022823438 
696 256 9 10 0.022761915 
662 255 10 14 0.02275799 
987 218 15 17 0.02266693 
63 229 9 10 0.022586212 
328 188 9 12 0.022570623 
964 133 10 11 0.02250039 
86 263 9 11 0.022411637 
294 55 9 11 0.022228366 
870 230 10 14 0.022127876 
978 137 8 9 0.022109196 
742 268 10 12 0.02210641 
505 109 12 15 0.021840286 
910 69 8 11 0.02182759 
972 163 12 15 0.021796936 
944 179 10 12 0.021567492 
111 178 13 16 0.021498809 
28 55 6 8 0.021475937 
126 77 9 12 0.021405809 
37 228 9 13 0.021350577 
902 151 7 9 0.021346586 
16 205 9 12 0.021315098 
541 87 40 49 0.021283625 
265 224 9 12 0.021143245 
738 56 7 10 0.021130627 
950 182 9 12 0.021117799 
919 157 9 11 0.021110598 
150 210 12 15 0.021100935 
664 237 9 11 0.021094933 
143 277 9 11 0.02106499 
312 220 8 11 0.020817135 
896 167 9 10 0.020809978 
1002 284 14 22 0.020809399 
804 143 10 12 0.02080883 
256 221 8 12 0.020715823 
724 203 11 14 0.02065907 
646 261 12 13 0.020636968 
359 192 10 12 0.02063551 
79 229 8 10 0.020557435 
670 207 8 10 0.020529557 
721 252 10 13 0.020488957 
82 292 10 13 0.02046947 
878 186 11 14 0.020444619 
928 120 8 9 0.020379558 
48 289 10 13 0.020337436 
9 255 20 25 0.020289836 
176 276 9 11 0.020088822 
887 172 10 12 0.020082574 
153 196 14 17 0.020010201 
