35_Basketball_basketballgame_ball_35_216
199
293 393 12 15 0.8050829 
641 419 8 11 0.60171926 
706 405 10 13 0.53242975 
482 210 16 18 0.5012047 
1012 431 10 14 0.37737608 
371 169 19 23 0.28969282 
637 488 10 12 0.25240016 
102 393 8 11 0.2288344 
290 427 16 19 0.2130922 
117 432 9 12 0.19654366 
65 415 9 13 0.18139379 
715 487 8 12 0.13716334 
227 414 8 11 0.13135011 
461 372 14 15 0.11078342 
574 401 12 15 0.0931233 
45 447 9 12 0.09144375 
77 374 9 11 0.084837444 
104 414 9 12 0.08387422 
159 431 7 10 0.08275889 
600 348 11 15 0.08203287 
27 -15 392 406 0.07836676 
495 243 13 16 0.063892014 
684 364 10 13 0.06234308 
917 452 10 14 0.06175692 
119 324 9 12 0.060463667 
937 448 9 12 0.058340736 
87 353 7 9 0.056351785 
6 359 10 12 0.054838397 
216 442 7 9 0.054379765 
2 366 8 12 0.052413028 
462 122 29 36 0.052279007 
900 440 9 11 0.05155417 
933 464 8 10 0.051257774 
5 365 9 12 0.051227193 
353 404 8 10 0.048141535 
601 471 10 13 0.04793441 
27 352 8 11 0.047190506 
108 413 11 13 0.046717294 
607 494 10 12 0.046535786 
841 438 11 14 0.04637031 
887 431 9 11 0.046282806 
782 477 9 12 0.045689993 
193 415 7 9 0.044213172 
174 422 7 10 0.04407235 
896 328 9 10 0.043347564 
664 406 9 10 0.042287882 
149 375 11 13 0.0422689 
624 500 12 15 0.041306775 
392 65 39 48 0.04088808 
690 438 10 14 0.040869784 
142 398 7 10 0.03955722 
500 385 14 19 0.038062423 
96 413 7 10 0.03757452 
301 375 9 12 0.037358962 
64 371 6 8 0.036970824 
298 485 8 11 0.03684913 
140 324 11 14 0.036791094 
592 477 8 10 0.036633857 
1014 423 10 16 0.036029812 
917 400 10 13 0.03602514 
736 468 9 12 0.035897523 
662 412 10 13 0.035800233 
142 413 8 10 0.035257384 
63 406 8 10 0.03499433 
29 355 8 11 0.034566473 
741 383 11 14 0.033678103 
94 376 8 10 0.033392496 
166 327 9 11 0.033180907 
937 380 9 12 0.03305449 
396 445 16 18 0.03290974 
950 357 7 10 0.03290541 
458 362 21 25 0.03242513 
984 378 8 9 0.032414448 
940 451 9 12 0.032020126 
789 333 9 12 0.03195769 
865 327 10 12 0.031805366 
456 6 24 34 0.03177446 
888 360 9 11 0.031642985 
158 416 7 10 0.031618726 
785 470 8 11 0.031213498 
778 478 8 10 0.030882774 
912 480 7 10 0.030704185 
137 449 8 10 0.030172413 
703 351 8 10 0.02999433 
872 471 8 9 0.029892545 
573 372 10 12 0.029676402 
374 423 10 11 0.029357335 
14 303 8 10 0.029257847 
478 462 13 16 0.02925281 
45 383 8 10 0.029242553 
616 461 9 11 0.028714234 
711 8 47 52 0.02863327 
764 471 9 11 0.02835162 
633 491 10 12 0.028092153 
829 435 8 12 0.027730653 
903 478 10 13 0.027578447 
633 406 7 10 0.027304161 
373 185 15 18 0.027213214 
374 429 10 13 0.027110483 
23 370 6 8 0.027017264 
605 498 13 15 0.026963739 
111 409 9 11 0.02689944 
173 382 8 10 0.026797261 
825 438 8 10 0.02668739 
782 357 13 16 0.02650841 
827 414 10 13 0.0264083 
751 359 12 14 0.026328797 
240 392 7 10 0.026170077 
406 111 46 53 0.025943462 
87 433 7 9 0.025675757 
933 411 10 12 0.025650768 
578 469 8 11 0.025546096 
359 398 10 13 0.025464173 
490 262 13 15 0.025464155 
720 359 9 11 0.02542128 
826 453 9 13 0.02540378 
576 487 9 11 0.025253436 
175 343 9 12 0.025176307 
789 462 9 12 0.025121141 
549 397 10 14 0.025077906 
136 414 8 10 0.025003761 
386 396 8 11 0.025001077 
903 471 8 11 0.02497272 
428 371 10 12 0.02491359 
582 85 50 65 0.024868947 
623 429 9 12 0.024803603 
748 437 11 13 0.024561513 
141 447 7 10 0.024440672 
278 414 9 12 0.024379175 
590 502 10 13 0.024272844 
287 487 9 11 0.024225283 
813 454 9 11 0.024190247 
629 372 10 12 0.024168383 
392 447 12 14 0.02397916 
862 478 9 12 0.023977432 
528 407 10 12 0.023839056 
526 389 10 12 0.023822479 
374 159 27 37 0.023724888 
785 335 9 12 0.023709716 
812 476 9 12 0.023705997 
886 340 10 12 0.023523664 
791 456 7 8 0.023436615 
441 374 9 12 0.023406541 
960 415 9 11 0.023338951 
195 429 7 10 0.023248704 
785 439 8 11 0.023069665 
853 373 10 12 0.0229214 
913 300 9 11 0.02283084 
973 349 11 15 0.0227522 
765 477 9 12 0.022707622 
982 420 8 10 0.022675846 
95 409 8 10 0.022596268 
669 399 8 10 0.02256883 
248 400 7 9 0.02256851 
688 479 9 10 0.022546703 
130 417 7 9 0.022431938 
705 436 12 15 0.022165472 
398 93 47 54 0.02212611 
589 445 9 12 0.022066597 
913 399 9 12 0.022057697 
737 479 8 10 0.022030888 
562 69 99 121 0.021991702 
142 408 9 11 0.021987708 
444 362 10 13 0.021971809 
262 89 27 33 0.021774366 
6 335 9 11 0.02176359 
725 435 10 14 0.02167399 
70 419 9 11 0.02165123 
909 319 10 12 0.021648757 
47 270 10 12 0.021615716 
193 407 8 11 0.021560615 
241 397 7 10 0.021532595 
968 326 10 13 0.021521097 
158 421 9 11 0.021479124 
309 412 10 12 0.021441618 
174 417 8 10 0.021363115 
520 388 9 13 0.021357883 
277 419 9 13 0.021276984 
475 129 16 21 0.021233404 
1006 420 12 17 0.021208648 
799 343 10 12 0.02113176 
766 455 8 10 0.021112606 
449 117 48 64 0.021069469 
837 483 9 12 0.020944567 
613 395 9 12 0.02086158 
862 438 9 11 0.02079189 
378 363 13 16 0.020785129 
643 415 11 14 0.02071355 
478 377 10 14 0.020694522 
255 88 44 55 0.020599587 
999 419 9 12 0.020556176 
927 428 9 13 0.02033205 
885 436 9 12 0.020323833 
1000 332 12 15 0.020164322 
866 413 8 10 0.020119272 
621 474 12 15 0.020097211 
135 432 7 10 0.020096093 
366 142 46 62 0.02008865 
551 390 9 12 0.020009102 
