35_Basketball_playingbasketball_35_248
32
491 923 31 39 0.9948868 
395 828 30 37 0.9821873 
171 890 24 31 0.97368217 
288 854 10 13 0.9106511 
143 854 19 22 0.87826586 
814 858 21 25 0.83962 
651 859 20 24 0.8084908 
153 956 30 39 0.7183795 
115 972 47 51 0.6700992 
624 894 55 57 0.53263617 
532 1085 24 35 0.07233749 
27 896 16 23 0.04351453 
542 970 474 539 0.04257743 
344 1171 442 536 0.037915982 
552 1197 19 23 0.03680743 
649 893 35 34 0.035541333 
421 791 9 12 0.028886847 
157 822 9 13 0.028441804 
606 885 93 88 0.027636519 
411 826 27 34 0.023707908 
42 1052 14 18 0.023505177 
282 852 12 15 0.02318203 
126 997 12 14 0.023153935 
438 798 9 11 0.022689033 
168 961 16 23 0.022410434 
172 790 12 15 0.022128616 
242 189 440 461 0.022002472 
412 810 11 15 0.021153878 
295 950 11 13 0.021045651 
652 1168 44 57 0.020403799 
865 693 9 11 0.020171927 
665 892 16 18 0.020088563 
