35_Basketball_Basketball_35_579
25
902 93 51 68 0.99831057 
735 298 45 57 0.9961557 
266 529 22 30 0.98762244 
478 569 21 29 0.98683923 
410 343 24 28 0.9854762 
76 598 27 31 0.9812339 
81 97 26 30 0.8265507 
204 216 21 25 0.7248852 
854 139 46 67 0.21318485 
220 195 14 19 0.07939348 
696 240 40 42 0.05665226 
214 200 15 18 0.04482912 
105 653 11 13 0.04186233 
105 142 11 13 0.033651117 
197 185 16 19 0.02781927 
831 117 80 106 0.025060209 
680 24 9 11 0.023097204 
206 244 11 13 0.022434318 
500 601 22 30 0.0223529 
526 82 13 22 0.02203923 
398 460 10 14 0.021574765 
513 82 20 26 0.02141937 
687 211 49 59 0.020922154 
67 608 16 22 0.020916715 
489 111 26 35 0.020241816 
