35_Basketball_basketballgame_ball_35_256
64
227 71 56 67 0.9975563 
524 57 67 94 0.99712414 
761 353 48 57 0.99250185 
935 356 44 55 0.9900074 
872 328 39 49 0.97631866 
949 51 33 42 0.9557977 
886 373 40 51 0.9542406 
358 54 44 54 0.93793046 
468 161 47 58 0.9287589 
355 152 37 49 0.92245626 
983 340 33 56 0.90379214 
723 242 38 51 0.8898966 
957 166 40 51 0.877362 
778 112 33 42 0.8635688 
756 323 39 48 0.7601713 
922 120 30 39 0.7412346 
849 194 34 46 0.73961294 
734 150 42 50 0.6566126 
284 136 28 48 0.34741223 
542 13 40 50 0.27169082 
435 101 45 58 0.23193534 
843 170 34 45 0.21633458 
421 29 33 39 0.18855003 
392 254 31 42 0.11909798 
445 87 41 48 0.106805444 
814 217 42 46 0.10319852 
833 204 40 46 0.10148534 
919 130 42 58 0.10019477 
504 99 35 47 0.089887284 
677 264 35 52 0.08979175 
702 206 30 38 0.07427974 
425 38 42 56 0.053996768 
531 26 56 77 0.053420447 
441 63 43 53 0.04822569 
972 506 27 37 0.04502763 
652 265 393 421 0.044884633 
760 121 37 47 0.041550845 
671 104 31 36 0.035537478 
21 251 33 43 0.033450536 
667 4 19 21 0.02950533 
594 16 65 83 0.029382061 
722 235 102 124 0.028406737 
415 113 48 57 0.028289376 
270 141 30 42 0.028220173 
17 644 46 50 0.027814584 
215 83 25 38 0.027705945 
974 325 31 48 0.027703188 
534 227 140 162 0.027556134 
725 159 61 70 0.026166404 
1012 499 11 17 0.02509974 
59 232 28 37 0.02495253 
30 663 23 32 0.024940904 
807 329 41 52 0.024899086 
941 129 42 53 0.024385413 
664 115 38 46 0.024013132 
964 133 41 54 0.023982126 
857 200 21 26 0.023670224 
750 294 57 66 0.022235762 
323 124 37 47 0.021394197 
826 216 18 22 0.021189835 
791 212 50 60 0.020444885 
795 355 31 41 0.020095719 
542 24 76 112 0.020042023 
393 130 41 54 0.020029675 
