35_Basketball_playingbasketball_35_78
27
423 455 71 98 0.9917995 
576 747 74 87 0.99175185 
635 475 73 91 0.98739946 
156 299 80 83 0.9499653 
213 580 57 64 0.42525116 
177 556 99 102 0.19485869 
169 347 149 132 0.14537239 
189 1006 93 111 0.089969486 
136 533 109 107 0.08736583 
159 544 65 67 0.08090118 
225 10 273 207 0.07086799 
102 297 230 241 0.059030034 
163 941 222 216 0.051728275 
151 305 122 134 0.051711716 
97 -124 489 344 0.03449133 
197 550 23 38 0.03336524 
216 375 75 74 0.027912106 
7 234 392 393 0.025996363 
271 850 51 65 0.024481311 
439 695 68 65 0.02393494 
147 535 225 264 0.023016164 
166 839 267 236 0.021918295 
298 836 35 60 0.02176125 
585 103 51 62 0.021719132 
400 985 30 44 0.021197824 
388 1217 137 134 0.021134354 
57 745 423 399 0.02055118 
