35_Basketball_basketballgame_ball_35_276
48
938 154 63 73 0.9994873 
278 167 55 75 0.9989458 
491 128 56 67 0.9983387 
14 0 57 53 0.99806494 
69 181 55 65 0.9972299 
234 0 58 48 0.99619055 
957 33 58 81 0.99493486 
669 122 66 89 0.994896 
18 125 42 68 0.96164364 
427 50 59 56 0.13932888 
964 0 51 74 0.11777903 
742 3 42 26 0.101854354 
569 2 40 29 0.0893669 
38 131 36 50 0.08035254 
410 27 26 34 0.0688259 
517 369 30 39 0.06392081 
616 51 22 30 0.06191237 
413 29 50 53 0.06028225 
181 324 29 52 0.05777479 
751 10 34 40 0.05370744 
897 1 57 78 0.043740515 
1 -1 31 51 0.040585537 
2 0 10 14 0.03905221 
725 6 33 33 0.035030287 
140 160 46 59 0.032124363 
658 353 142 135 0.03023435 
352 204 11 15 0.029574303 
943 549 10 12 0.0291443 
619 327 229 217 0.027470227 
568 -1 60 55 0.025230885 
814 37 14 17 0.024801299 
918 2 71 95 0.024537357 
523 372 15 16 0.024239203 
445 0 53 55 0.024231153 
591 2 19 17 0.024102218 
390 377 27 35 0.024080973 
953 6 31 41 0.023460139 
339 195 10 14 0.023201967 
30 9 60 64 0.023049599 
359 165 23 33 0.022085723 
291 20 29 37 0.021806318 
549 194 56 82 0.021586832 
44 129 17 21 0.02149659 
4 88 79 110 0.02141043 
248 573 30 45 0.021075606 
284 0 57 61 0.020985145 
762 21 20 26 0.020684049 
576 2 24 18 0.02026346 
