35_Basketball_Basketball_35_107
241
948 370 27 35 0.99844235 
417 46 131 191 0.9983096 
934 441 33 40 0.99811745 
892 376 29 36 0.9953122 
851 387 26 32 0.9941935 
41 205 77 113 0.9938591 
665 444 29 35 0.98862433 
619 451 28 35 0.9877973 
691 544 48 59 0.9855671 
852 303 21 27 0.97165424 
857 354 21 27 0.97035193 
744 480 28 40 0.96521074 
817 408 23 27 0.95129275 
734 349 20 27 0.95046204 
318 64 17 21 0.94809264 
221 68 14 19 0.9446401 
789 348 16 22 0.92711616 
166 71 14 18 0.90513253 
602 513 43 59 0.88970417 
683 79 14 16 0.8640629 
311 165 15 18 0.8605033 
336 123 15 19 0.85830826 
211 100 15 18 0.84780765 
687 201 18 24 0.83505356 
226 356 21 26 0.81307614 
916 120 19 23 0.81284046 
748 379 21 24 0.79889715 
817 92 16 19 0.7912085 
1007 345 15 21 0.77768403 
388 29 16 21 0.7638782 
231 118 16 20 0.76106226 
614 108 14 17 0.7429022 
849 133 15 20 0.72741556 
727 231 19 26 0.67739844 
143 42 14 17 0.63424206 
297 9 15 20 0.6224105 
922 361 22 29 0.61659676 
680 510 37 47 0.6041181 
774 96 15 18 0.57786083 
291 40 13 17 0.5761882 
201 328 17 21 0.5671428 
193 22 12 16 0.5240684 
677 18 12 17 0.4814956 
741 195 15 18 0.46205938 
783 2 27 21 0.4604642 
629 81 13 17 0.45853108 
748 10 12 17 0.41655046 
786 162 15 19 0.41161638 
263 168 14 18 0.4017078 
949 489 36 63 0.397262 
24 3 11 14 0.3883844 
292 122 13 17 0.38355857 
818 335 24 29 0.38145563 
99 157 17 19 0.37840247 
713 362 14 18 0.37546793 
787 9 16 17 0.27412093 
1003 102 19 25 0.26426834 
271 2 14 17 0.25491768 
319 98 13 17 0.23905574 
869 67 15 17 0.23754513 
273 69 12 16 0.23719805 
771 363 15 17 0.2236186 
744 44 15 19 0.22148456 
796 387 21 29 0.21812074 
364 87 17 22 0.20491514 
1006 385 14 20 0.20024757 
812 150 17 22 0.1846431 
198 44 13 16 0.18187012 
164 286 18 22 0.17149818 
816 129 12 16 0.17118531 
336 29 14 17 0.17035359 
989 488 37 66 0.15867169 
880 92 14 18 0.14441308 
874 60 15 19 0.13049236 
585 27 14 17 0.12677379 
623 61 10 14 0.1206378 
747 148 14 16 0.119413026 
720 85 11 14 0.11874586 
780 222 18 23 0.11870537 
799 186 16 18 0.11153599 
684 99 13 17 0.110137545 
244 90 11 13 0.10960668 
4 171 12 16 0.10371119 
183 60 13 16 0.10240473 
837 166 12 15 0.09832585 
908 368 26 34 0.0978442 
705 57 11 15 0.09499644 
870 109 12 14 0.09161342 
181 9 11 14 0.087798245 
253 122 11 14 0.08273743 
912 359 24 28 0.08224221 
152 11 13 16 0.08110044 
909 58 14 17 0.07906802 
675 43 13 16 0.07762772 
246 102 11 14 0.07676609 
195 0 12 13 0.075209096 
92 161 25 30 0.07463978 
240 103 9 12 0.07369953 
869 219 18 22 0.0735471 
841 62 16 21 0.07328915 
882 345 16 20 0.06876908 
133 5 17 22 0.06872345 
717 244 13 19 0.06785278 
242 201 13 16 0.06722219 
881 139 11 15 0.066453554 
218 237 221 258 0.06501025 
841 220 15 19 0.06393481 
748 77 13 15 0.06267964 
780 166 14 18 0.06261188 
261 30 11 16 0.06071502 
253 102 9 13 0.059271015 
973 132 13 15 0.05924987 
310 120 13 17 0.058046725 
839 212 14 16 0.057879813 
930 34 13 18 0.05728774 
340 53 14 21 0.05700993 
309 105 11 15 0.055189837 
717 231 19 27 0.054891657 
775 382 22 27 0.05443828 
733 482 24 33 0.05400142 
310 53 10 12 0.04910822 
780 190 14 17 0.04711565 
776 169 11 15 0.046267804 
868 131 11 16 0.04557329 
0 564 23 47 0.045519345 
827 230 13 17 0.045469366 
306 104 9 12 0.045174398 
185 66 13 17 0.043447014 
955 354 24 30 0.04326762 
358 125 10 13 0.042993385 
660 448 19 24 0.04228935 
684 529 40 52 0.04199849 
747 103 17 19 0.041125838 
77 155 44 50 0.039407745 
685 11 12 17 0.038940337 
873 348 20 28 0.038810637 
784 383 23 28 0.03854927 
279 202 11 13 0.03840918 
692 10 13 16 0.038254965 
753 480 89 115 0.03807552 
980 151 14 17 0.038005043 
650 118 9 12 0.037749287 
446 739 214 236 0.037117198 
747 487 60 75 0.03706083 
940 365 24 33 0.03653657 
808 136 23 30 0.03619465 
605 505 29 40 0.035669748 
589 2 16 17 0.0346659 
885 135 13 16 0.034244146 
648 55 10 12 0.033922803 
307 141 12 16 0.033876333 
910 340 13 17 0.033301234 
3 812 29 41 0.032429975 
349 52 14 18 0.032353256 
913 345 23 27 0.031601325 
810 125 21 25 0.031407796 
833 192 18 21 0.031394277 
861 92 13 16 0.031285822 
273 119 13 16 0.03109179 
456 465 95 117 0.030511672 
710 234 14 17 0.030466266 
808 748 12 15 0.030430384 
946 187 15 19 0.030351492 
798 381 13 16 0.030331794 
927 77 13 17 0.029278304 
291 198 11 14 0.029261308 
1012 547 10 15 0.028808579 
798 147 12 15 0.028379578 
282 200 16 17 0.028004268 
765 366 17 21 0.027984623 
912 334 11 13 0.02759145 
139 253 12 17 0.02703223 
835 199 23 29 0.02660776 
574 783 183 254 0.026568003 
759 2 13 15 0.026310803 
916 338 16 19 0.026304781 
708 47 12 16 0.026266657 
192 45 12 16 0.026120335 
865 126 11 14 0.026047604 
203 67 14 20 0.02578829 
248 118 11 15 0.025684103 
960 510 20 27 0.025567377 
313 100 21 26 0.025378454 
809 318 31 34 0.02534814 
72 164 15 17 0.025118923 
883 60 12 18 0.02507057 
829 155 13 16 0.025041223 
867 209 16 20 0.024736289 
829 129 13 16 0.024587698 
-7 261 552 583 0.024565194 
745 81 12 17 0.024537602 
725 485 16 22 0.024535812 
949 2 17 17 0.024348035 
862 216 16 23 0.024313012 
814 342 17 21 0.024160605 
882 334 16 19 0.024008885 
877 331 14 16 0.023820566 
576 25 23 31 0.023812158 
381 74 12 15 0.023475612 
227 184 15 16 0.023263196 
893 56 14 19 0.023206642 
662 38 12 16 0.023150302 
808 130 13 16 0.02295197 
237 107 12 15 0.022926439 
201 194 14 16 0.022863086 
682 86 16 20 0.022857442 
720 240 20 25 0.022779988 
720 3 12 14 0.02275308 
806 148 14 19 0.022593772 
240 359 16 21 0.022532761 
257 271 131 168 0.022446984 
786 195 14 16 0.022339651 
780 147 11 14 0.02216574 
361 89 26 35 0.022083325 
709 240 16 20 0.022059599 
188 51 13 16 0.021933723 
789 380 14 18 0.021888036 
262 85 9 12 0.021881938 
929 356 16 23 0.021785561 
874 70 17 20 0.021490075 
278 149 12 16 0.021488076 
894 90 13 17 0.02139466 
227 190 24 28 0.021239994 
692 30 14 17 0.021174274 
862 99 14 16 0.021131404 
753 75 14 16 0.021054292 
688 6 13 15 0.021047208 
223 80 14 18 0.020890955 
703 479 23 27 0.020862376 
677 101 15 20 0.020808477 
767 67 13 17 0.020726977 
771 367 21 25 0.020624427 
1013 140 10 15 0.020558272 
844 362 15 19 0.020316128 
637 26 13 19 0.02027215 
703 74 12 18 0.020265585 
301 118 13 16 0.020244662 
825 97 14 18 0.020189898 
797 141 12 14 0.02002331 
999 387 23 33 0.020019555 
842 169 13 17 0.020007934 
