35_Basketball_Basketball_35_664
38
91 337 13 20 0.34160402 
20 318 12 17 0.31871673 
50 338 14 19 0.18019253 
45 324 10 14 0.16790491 
141 350 9 12 0.13782804 
84 343 16 17 0.13653404 
39 327 9 12 0.1341356 
161 340 9 12 0.11848384 
165 340 10 13 0.11046984 
193 349 9 11 0.09352112 
46 330 14 20 0.07906368 
32 326 10 13 0.059506938 
175 338 11 15 0.051301353 
101 307 10 12 0.044950657 
7 446 11 13 0.041633546 
97 305 9 11 0.039340664 
125 312 9 10 0.03778568 
11 312 20 26 0.034609556 
179 334 12 15 0.033579547 
134 335 8 10 0.033352975 
517 38 377 432 0.031858884 
39 332 21 30 0.030918336 
98 338 11 16 0.030513775 
116 347 10 13 0.029697087 
130 335 8 10 0.028745947 
692 353 16 19 0.028523996 
134 342 10 13 0.027685126 
143 344 9 12 0.026484936 
27 317 11 15 0.025944756 
114 343 9 13 0.025243176 
141 378 12 19 0.02488655 
57 338 13 16 0.023681983 
113 326 9 12 0.02171441 
112 333 9 12 0.020766592 
1 302 22 33 0.020639151 
150 339 10 14 0.020388247 
494 369 8 9 0.020300386 
77 332 15 20 0.020071598 
