35_Basketball_playingbasketball_35_219
151
244 675 105 125 0.9986424 
465 959 65 81 0.9977214 
701 1047 66 88 0.99762744 
924 856 70 97 0.99560034 
813 947 74 104 0.99142855 
584 862 31 45 0.9754245 
686 918 26 41 0.9690545 
178 372 14 17 0.23434338 
830 878 21 25 0.19866772 
228 473 15 19 0.18442893 
362 532 12 15 0.18282728 
174 493 10 13 0.119685926 
223 79 11 14 0.1149694 
615 148 12 16 0.11468066 
205 423 13 17 0.10046647 
232 278 10 13 0.09555501 
236 435 10 13 0.08719697 
628 30 14 18 0.07555974 
500 8 11 14 0.07520442 
350 517 10 13 0.0679296 
212 500 11 15 0.067418486 
212 466 13 16 0.06541889 
227 451 11 14 0.064154126 
616 143 11 13 0.059693027 
328 454 10 13 0.05650835 
116 -8 493 443 0.055165373 
509 43 24 31 0.053515572 
994 231 15 18 0.05245284 
80 115 30 34 0.048961245 
817 91 10 12 0.048874892 
280 489 10 13 0.04846391 
44 485 12 13 0.04791982 
879 253 9 11 0.046572648 
858 164 9 11 0.04568505 
348 566 26 33 0.044105407 
213 446 11 13 0.04205764 
12 431 12 14 0.041401047 
52 493 14 17 0.041314516 
807 8 10 13 0.039755084 
218 530 15 19 0.039720055 
610 215 11 13 0.03916102 
766 164 11 13 0.039113205 
323 511 13 15 0.03907935 
405 340 14 18 0.038072955 
718 250 16 19 0.037308797 
23 391 10 12 0.036760893 
232 431 11 14 0.036477562 
528 420 12 15 0.03603499 
429 399 11 13 0.035441466 
793 15 12 13 0.03541306 
192 388 10 12 0.035179026 
577 36 11 14 0.035160773 
1004 942 21 35 0.03471647 
137 380 12 15 0.033954468 
824 889 36 48 0.033553388 
462 303 10 13 0.033226036 
772 322 22 31 0.03295928 
615 133 11 14 0.032815546 
215 116 12 16 0.032417327 
748 876 36 36 0.031667795 
686 238 11 14 0.031208685 
268 518 16 20 0.031146064 
360 478 9 13 0.030617898 
465 341 9 12 0.030306548 
372 296 15 19 0.030128736 
173 104 13 16 0.0299882 
102 446 10 13 0.029203007 
223 298 12 16 0.029050132 
370 2 34 35 0.028957855 
852 179 10 13 0.028425694 
264 332 9 13 0.027829045 
103 451 10 14 0.027697414 
240 310 12 14 0.027685046 
874 165 10 13 0.027618984 
622 233 16 19 0.027601033 
177 300 10 12 0.027489778 
453 35 10 13 0.027423201 
251 554 26 37 0.027420975 
730 877 61 59 0.027037224 
233 469 14 18 0.02694969 
587 883 19 25 0.026367413 
603 123 11 16 0.026252424 
228 381 12 14 0.02613385 
408 1151 56 56 0.026003646 
241 454 10 13 0.025975943 
330 388 27 33 0.025946135 
62 182 14 19 0.025883976 
520 953 42 60 0.025827713 
387 411 12 14 0.025134206 
382 579 29 36 0.02506742 
463 5 14 15 0.02505601 
385 416 16 18 0.025021369 
54 629 9 11 0.024968643 
245 458 11 14 0.024832096 
673 228 15 19 0.024734134 
437 325 12 15 0.024549214 
221 468 17 24 0.024531975 
148 492 10 12 0.024465846 
728 271 20 23 0.024346314 
135 171 11 14 0.024326127 
39 612 12 14 0.024073122 
205 367 12 15 0.024024555 
764 313 22 35 0.023863137 
138 192 13 17 0.02361086 
198 221 10 12 0.023595273 
43 229 12 14 0.02349678 
364 23 13 17 0.02307178 
360 528 11 14 0.0230097 
383 406 13 15 0.022957766 
192 243 13 17 0.02291532 
206 486 9 12 0.022842249 
54 389 9 11 0.022713797 
279 390 11 13 0.02266859 
364 431 11 14 0.0226536 
559 365 14 17 0.022570768 
208 404 9 11 0.022481179 
480 325 9 12 0.022200681 
513 406 11 14 0.021860927 
44 491 16 19 0.021737406 
283 403 21 27 0.021669138 
874 276 10 14 0.02161622 
375 476 10 13 0.02151152 
479 60 14 17 0.021501414 
207 326 10 12 0.021473512 
199 425 13 16 0.021465166 
704 871 107 96 0.021417486 
453 334 11 13 0.021394812 
482 233 17 21 0.021388512 
480 357 14 16 0.021357419 
815 58 16 19 0.021304242 
343 428 12 15 0.02129533 
129 447 10 12 0.021222686 
212 45 11 12 0.021145985 
405 55 13 16 0.021051895 
691 937 17 25 0.02105172 
610 149 20 25 0.020944372 
465 4 26 29 0.0209424 
552 584 11 14 0.020907305 
252 355 11 13 0.020902779 
190 332 10 12 0.020861333 
74 435 14 17 0.020815227 
990 1073 34 49 0.020719126 
750 356 13 16 0.020387333 
942 442 12 14 0.020380909 
839 901 34 41 0.020368332 
37 477 14 17 0.020244285 
593 221 13 15 0.020204486 
15 557 9 11 0.020186303 
417 1127 31 33 0.020182468 
174 478 9 11 0.020090085 
765 171 11 14 0.020056086 
