35_Basketball_playingbasketball_35_876
59
462 100 82 121 0.99831486 
66 102 74 107 0.9859205 
709 500 24 30 0.9694253 
262 529 24 30 0.8692501 
655 502 24 30 0.8379605 
206 527 23 28 0.8351341 
771 499 22 27 0.8243916 
731 523 22 29 0.7947045 
955 505 20 26 0.77934504 
979 519 22 26 0.75219107 
799 504 24 30 0.7219835 
856 485 21 27 0.70708203 
965 345 17 21 0.63377184 
886 511 23 30 0.60620767 
882 403 19 23 0.47300476 
889 320 18 23 0.45445308 
864 448 21 26 0.41838714 
930 451 16 21 0.4032933 
923 491 16 21 0.35930696 
952 398 19 25 0.33238268 
930 521 18 22 0.30399212 
895 460 21 25 0.2988111 
701 414 74 72 0.2618209 
89 467 18 23 0.22073652 
964 448 15 19 0.19037351 
850 424 18 23 0.17576356 
232 180 12 15 0.14476793 
724 181 13 16 0.13741471 
954 315 16 20 0.12046303 
819 451 15 18 0.11948381 
931 416 16 20 0.11218639 
101 475 17 20 0.08701383 
136 465 16 20 0.08271816 
914 428 17 22 0.048243843 
678 181 13 17 0.04546579 
284 175 13 17 0.041814364 
235 228 14 17 0.039771345 
818 259 13 17 0.039181005 
727 394 65 74 0.037646316 
334 73 13 16 0.03343877 
942 216 20 26 0.032325875 
825 477 18 23 0.031818688 
950 451 11 15 0.031194001 
328 150 13 17 0.028082987 
996 381 14 17 0.028024595 
621 401 22 29 0.027511857 
794 492 13 17 0.02500449 
211 491 17 22 0.024791537 
956 435 10 13 0.024616763 
945 345 15 19 0.024082216 
982 461 15 19 0.023215873 
297 203 18 22 0.022376128 
157 482 17 23 0.022373786 
864 266 13 16 0.022333449 
813 291 13 16 0.020923328 
781 494 20 27 0.020363644 
836 461 12 15 0.020091286 
189 88 38 48 0.020074846 
886 496 27 34 0.020041281 
