35_Basketball_basketballgame_ball_35_565
526
786 470 26 35 0.9966768 
800 426 22 31 0.9780984 
532 447 17 23 0.9695967 
580 424 15 22 0.9673227 
867 431 21 27 0.96094835 
702 386 21 28 0.9568591 
779 382 21 28 0.94846964 
881 354 21 27 0.93729234 
899 289 17 23 0.93469435 
612 341 15 19 0.9251673 
591 472 21 29 0.91629857 
803 256 13 19 0.9152881 
541 325 11 15 0.9015845 
877 461 21 26 0.8853883 
939 232 14 20 0.8722421 
964 283 17 21 0.8607213 
829 228 11 15 0.8567549 
857 250 15 19 0.84559447 
798 333 15 20 0.808337 
869 216 15 19 0.7966755 
763 251 11 15 0.7715748 
404 415 12 15 0.75593424 
222 448 14 20 0.72396076 
826 384 17 25 0.6835565 
784 185 11 15 0.6386244 
517 434 15 19 0.6364737 
551 434 15 20 0.63601846 
848 179 9 12 0.6265214 
870 513 21 28 0.6091279 
688 308 12 16 0.6081208 
443 417 13 17 0.5985017 
914 252 13 18 0.5980484 
604 430 15 20 0.55033445 
951 354 20 26 0.5307455 
732 308 14 18 0.50093234 
317 422 12 16 0.49905747 
424 452 12 15 0.47513488 
500 366 12 16 0.44626364 
909 234 12 15 0.42716885 
77 402 11 15 0.41154552 
927 389 19 26 0.4104821 
708 311 12 17 0.3988494 
132 431 11 13 0.3987039 
567 309 12 16 0.36142704 
793 316 15 18 0.35722736 
651 349 11 16 0.33990875 
444 370 11 15 0.3393591 
660 308 12 15 0.33305764 
670 327 10 13 0.33230036 
719 288 14 17 0.32192668 
976 146 13 15 0.3118472 
418 339 10 12 0.30639297 
631 269 11 13 0.3031269 
398 340 12 15 0.2984486 
976 265 14 18 0.29257116 
646 325 11 15 0.29247755 
666 367 18 25 0.281779 
841 277 12 15 0.27772543 
705 482 24 27 0.27727193 
817 276 15 18 0.27419853 
278 463 13 18 0.27125368 
741 211 11 14 0.26174045 
70 404 12 15 0.2549328 
472 379 12 16 0.25198868 
257 458 16 20 0.24558352 
548 369 12 15 0.23608989 
638 225 8 9 0.23241362 
955 244 15 18 0.22916451 
388 519 17 20 0.21801588 
377 343 9 13 0.21746919 
137 451 14 17 0.21662965 
114 423 9 12 0.21612675 
492 398 12 17 0.21290207 
716 248 11 14 0.20592074 
117 389 10 13 0.20587184 
915 160 14 19 0.20293196 
389 397 12 15 0.19398955 
562 347 15 18 0.19041528 
173 454 13 16 0.18764709 
455 389 10 13 0.18339212 
549 281 9 11 0.17961001 
469 448 15 18 0.17709516 
389 454 11 13 0.17699477 
520 336 11 13 0.16464022 
339 358 9 12 0.16333328 
332 374 8 11 0.15815964 
458 310 12 14 0.15470107 
880 173 9 11 0.15168372 
830 370 16 19 0.15087841 
773 442 14 16 0.14442435 
779 263 12 15 0.142828 
673 263 10 13 0.14037491 
851 435 13 20 0.13609311 
786 228 13 16 0.13390395 
616 300 11 13 0.13055329 
516 356 13 15 0.12975428 
710 250 11 15 0.12786743 
298 381 8 11 0.12694173 
263 456 19 25 0.12595731 
241 398 7 9 0.11199474 
312 450 17 22 0.10820006 
318 365 8 12 0.10569499 
503 426 13 15 0.10495173 
682 231 9 12 0.10137027 
100 450 12 16 0.10011412 
872 471 27 33 0.09945004 
670 229 9 12 0.099047974 
384 410 11 16 0.0970532 
381 344 8 11 0.090993635 
760 464 16 19 0.090536505 
294 398 10 13 0.09050647 
926 244 11 14 0.090183765 
464 344 10 12 0.08699219 
181 367 8 11 0.086329535 
493 354 10 13 0.08621556 
665 221 8 11 0.08501069 
437 340 9 12 0.07949545 
84 403 11 14 0.079235084 
705 251 9 13 0.07801517 
702 352 15 18 0.076934986 
524 430 13 17 0.07637812 
930 284 15 19 0.07624948 
411 514 17 22 0.074325554 
383 389 11 14 0.073768795 
951 293 14 18 0.073694736 
384 275 11 14 0.07305271 
309 470 11 13 0.072517954 
661 290 14 16 0.072313465 
196 454 12 16 0.072014906 
855 195 12 15 0.07182552 
196 429 9 12 0.07106558 
817 213 11 14 0.07097819 
956 289 16 18 0.07091413 
892 251 11 14 0.06694861 
755 299 12 16 0.06678673 
698 327 9 12 0.06576956 
255 561 22 27 0.065661736 
314 383 8 10 0.065421216 
669 222 9 12 0.06295584 
878 237 11 14 0.06255444 
247 426 13 17 0.062446102 
159 391 7 9 0.062200446 
99 476 14 20 0.060848795 
249 420 13 16 0.060561202 
205 412 9 12 0.060505398 
385 393 12 16 0.060367595 
303 374 8 11 0.060339577 
637 304 9 12 0.05917621 
245 340 11 15 0.059058607 
135 446 13 16 0.058273103 
277 372 9 12 0.05794229 
678 142 9 12 0.05778546 
107 445 11 14 0.057261374 
439 462 11 13 0.057128098 
288 398 10 14 0.056674052 
523 440 20 25 0.056531627 
294 367 8 11 0.056475397 
780 347 14 18 0.056394503 
864 493 37 47 0.05603323 
351 326 8 9 0.055633992 
870 440 24 30 0.05542077 
663 256 8 11 0.0550379 
13 389 8 10 0.05440385 
925 337 14 19 0.05240063 
746 286 9 12 0.052163836 
960 355 17 22 0.051139798 
438 469 12 16 0.050797943 
869 485 15 20 0.05026439 
596 385 14 17 0.049984887 
342 363 10 12 0.049680226 
902 172 11 13 0.049332693 
599 219 13 15 0.049126565 
940 482 14 17 0.048665315 
229 455 14 17 0.048567135 
647 319 10 14 0.0484848 
426 310 7 10 0.048473984 
962 248 15 17 0.048454862 
833 212 10 14 0.04796061 
279 474 13 17 0.047659785 
1008 194 12 15 0.047224615 
798 290 14 18 0.046994798 
943 359 17 20 0.04669506 
313 366 8 11 0.04645062 
701 208 9 12 0.046341147 
101 440 11 15 0.046318907 
284 349 9 12 0.045818508 
321 448 21 26 0.04510309 
507 426 18 23 0.045044813 
945 237 19 24 0.045038722 
783 221 13 18 0.04501555 
352 351 8 10 0.04475657 
407 290 7 9 0.044503417 
284 573 13 16 0.04345515 
678 253 12 15 0.04338198 
830 258 12 15 0.04313098 
616 280 9 11 0.04308622 
710 302 11 14 0.042940553 
250 411 11 13 0.042503465 
664 229 10 12 0.042135365 
362 333 8 10 0.04192967 
535 288 8 10 0.041793253 
619 228 11 14 0.041514788 
661 238 9 12 0.041409716 
246 383 9 11 0.040086433 
492 505 11 16 0.03995421 
356 410 11 15 0.039899204 
668 298 11 15 0.039823204 
272 368 9 12 0.039815053 
393 341 10 13 0.0393768 
38 434 8 11 0.039216463 
358 358 8 10 0.039045867 
769 468 25 34 0.038954902 
689 489 33 39 0.03881368 
662 276 11 14 0.03852248 
888 246 11 12 0.03849743 
486 365 11 14 0.037983086 
468 348 10 14 0.03795311 
689 275 9 12 0.0377782 
543 435 15 18 0.037742734 
451 445 13 16 0.037619103 
832 377 16 23 0.037325907 
918 220 11 13 0.037163466 
185 389 8 11 0.03705459 
278 454 12 18 0.036929507 
236 458 11 14 0.036918867 
917 248 13 16 0.036881343 
501 294 10 13 0.036869846 
724 278 12 14 0.0367932 
726 228 10 15 0.036747906 
493 407 15 18 0.036677815 
497 370 11 14 0.03662028 
674 246 8 10 0.036559306 
742 216 11 16 0.03652447 
377 335 8 10 0.036405176 
892 221 14 17 0.035900187 
88 390 8 10 0.03559262 
353 321 7 10 0.035447318 
813 236 11 13 0.035420332 
632 306 11 15 0.035385776 
973 192 17 20 0.035294883 
796 213 13 16 0.03505892 
451 434 13 16 0.035038356 
192 444 10 13 0.035011116 
424 411 13 16 0.034979004 
921 284 13 19 0.034738444 
838 195 13 15 0.0346266 
573 332 10 14 0.034598675 
777 448 17 19 0.034532603 
349 261 9 13 0.03441475 
752 293 10 14 0.03431811 
567 334 11 14 0.034215562 
757 277 9 13 0.034175176 
725 487 14 19 0.03396305 
820 470 19 29 0.033947874 
737 311 14 18 0.03372902 
726 482 23 32 0.033688396 
656 292 11 14 0.033296756 
407 520 15 19 0.03301329 
413 316 8 11 0.032925762 
365 329 8 10 0.032742303 
909 430 13 17 0.03272803 
528 293 7 9 0.03272007 
401 214 9 13 0.03270355 
930 460 13 16 0.032501172 
319 487 11 14 0.032375086 
614 307 12 15 0.032181814 
873 481 33 39 0.032174807 
604 396 13 15 0.032019425 
295 374 10 12 0.03186552 
595 392 15 18 0.031845134 
286 343 9 11 0.03180999 
992 198 11 14 0.031443845 
846 186 13 15 0.031417176 
845 195 13 15 0.03138992 
591 220 12 14 0.031315606 
414 312 8 10 0.031103928 
360 366 11 14 0.030974085 
432 272 9 10 0.030875098 
753 279 8 11 0.03083804 
752 445 12 15 0.030834502 
917 230 10 13 0.030783754 
448 288 8 10 0.030725617 
951 247 13 17 0.030608805 
304 367 9 11 0.030592341 
671 236 10 12 0.03042613 
354 356 8 10 0.030190997 
911 408 14 19 0.030156195 
575 242 11 13 0.030127816 
459 389 11 14 0.030112367 
118 426 9 12 0.030080458 
744 357 11 13 0.029978491 
909 243 14 17 0.029910825 
54 405 10 13 0.0298017 
320 425 14 17 0.029758012 
756 219 15 19 0.02975711 
750 458 12 18 0.02974249 
791 388 19 26 0.029594805 
261 474 11 14 0.029382356 
587 229 12 14 0.029348925 
752 220 11 16 0.029329155 
349 583 12 14 0.02926703 
612 314 11 15 0.029170934 
356 534 12 15 0.029170731 
715 473 24 31 0.029132687 
842 180 12 14 0.029084947 
272 396 9 12 0.029019665 
896 166 13 15 0.028921774 
809 231 10 12 0.028856352 
317 446 14 19 0.028751694 
84 492 12 15 0.028737301 
610 404 24 32 0.0287012 
256 373 9 11 0.028649935 
680 221 10 13 0.028642425 
386 507 23 27 0.02851768 
832 195 11 14 0.028499665 
113 394 9 12 0.028466096 
819 287 14 17 0.028433885 
488 351 12 14 0.028427912 
424 324 9 12 0.028368555 
137 383 7 8 0.028280944 
597 417 15 22 0.028232982 
804 388 12 17 0.028184159 
300 398 9 12 0.028164705 
593 342 10 13 0.027968539 
512 351 12 15 0.027892582 
479 474 12 14 0.027704963 
665 326 11 13 0.027692443 
463 445 15 18 0.027627112 
656 269 9 12 0.027494358 
56 400 8 10 0.027461534 
1007 307 13 17 0.027380502 
327 465 14 17 0.027377892 
884 237 11 14 0.02735575 
394 396 11 15 0.027350621 
548 342 11 15 0.027309287 
790 297 12 17 0.027222533 
193 438 9 12 0.027170762 
345 327 8 11 0.027166398 
879 259 13 17 0.027162038 
560 295 8 10 0.027155524 
424 405 12 14 0.027125338 
719 347 10 14 0.027030539 
238 413 8 11 0.026987443 
14 420 8 10 0.026987398 
671 254 11 14 0.026894648 
798 400 13 18 0.026691454 
687 348 11 13 0.026562503 
399 470 9 12 0.02652955 
758 271 10 14 0.026351431 
173 430 10 12 0.026342267 
349 366 9 12 0.02632098 
822 219 12 17 0.026136221 
606 258 11 15 0.02599902 
967 274 19 24 0.025981808 
237 421 11 13 0.025940442 
858 267 13 16 0.025907503 
280 396 10 13 0.02589023 
569 467 20 28 0.025858715 
947 402 16 21 0.025844697 
580 474 16 21 0.025789265 
840 418 12 16 0.025788913 
596 406 16 21 0.025762772 
738 207 11 14 0.025755307 
763 463 23 29 0.025726745 
620 306 12 15 0.02570013 
534 292 9 11 0.02566758 
838 204 13 15 0.025576014 
966 258 15 17 0.025547234 
126 424 10 12 0.025475234 
484 422 10 13 0.025449615 
607 414 21 30 0.025335874 
763 545 27 30 0.025334548 
94 392 8 10 0.025236795 
862 296 14 20 0.025199862 
623 505 15 18 0.025196264 
216 428 10 13 0.025152452 
408 273 6 9 0.025147751 
393 428 11 15 0.025104338 
449 451 11 15 0.025034424 
742 459 11 15 0.024958882 
621 296 11 14 0.02487704 
684 254 9 13 0.024836555 
725 298 14 18 0.024816606 
677 248 9 11 0.02479757 
903 230 13 16 0.02475122 
974 335 15 20 0.024748884 
972 310 11 13 0.024705647 
117 493 12 16 0.024669323 
613 397 13 16 0.024649546 
765 207 9 11 0.02460542 
919 453 10 13 0.024543468 
735 248 9 11 0.024452638 
401 288 8 11 0.024355173 
909 451 11 14 0.02421526 
297 359 8 10 0.024210574 
189 390 9 12 0.024147445 
318 372 9 12 0.024118664 
926 229 9 13 0.024086814 
323 434 15 18 0.024065891 
936 392 17 20 0.024046255 
943 109 8 9 0.023982704 
492 526 14 19 0.023964738 
863 409 13 16 0.023910124 
702 288 10 12 0.023885116 
280 391 9 12 0.023847057 
462 366 10 13 0.02370964 
1004 365 11 14 0.023687853 
335 365 10 13 0.023672264 
691 347 13 15 0.023619339 
630 295 9 10 0.0236167 
697 207 10 11 0.023572797 
455 294 7 9 0.023539456 
397 507 23 28 0.023273634 
691 312 13 16 0.023193803 
789 214 12 15 0.023192603 
182 372 8 10 0.023136428 
678 294 10 12 0.02311617 
674 375 13 20 0.023068106 
606 333 11 14 0.023051975 
751 460 22 28 0.022932362 
960 467 12 15 0.022924492 
842 424 21 26 0.022859616 
1000 141 15 16 0.022776837 
933 237 14 20 0.022749392 
176 390 7 9 0.022728143 
324 443 16 19 0.022646794 
382 335 8 10 0.022621226 
734 469 23 32 0.022620728 
712 314 13 17 0.022598915 
703 342 11 15 0.022578003 
751 190 9 12 0.022511823 
327 350 7 9 0.022508256 
343 352 9 11 0.022471597 
424 317 10 13 0.0224645 
464 372 9 12 0.0224491 
366 286 8 10 0.02238343 
741 230 10 13 0.022343893 
821 369 19 21 0.022341207 
799 391 21 27 0.022337366 
421 470 11 15 0.022335498 
197 437 10 12 0.022328585 
65 405 10 13 0.022320446 
543 345 12 17 0.02225842 
384 363 11 13 0.022250192 
246 461 10 13 0.022191042 
801 314 14 19 0.022186054 
477 340 12 14 0.022183735 
681 308 12 15 0.022175863 
940 288 13 19 0.022112455 
202 458 13 16 0.021992415 
599 333 11 13 0.021957591 
405 387 12 16 0.02193716 
681 215 9 11 0.021937147 
602 404 21 29 0.021934165 
619 400 16 21 0.02187684 
665 489 39 56 0.021866271 
657 262 8 11 0.021812709 
686 575 26 34 0.021799589 
217 446 12 16 0.021787198 
474 510 21 26 0.02177329 
471 310 9 12 0.021733858 
95 406 9 12 0.021722028 
407 478 11 14 0.02170527 
790 337 13 19 0.021669505 
687 396 12 16 0.021628924 
476 508 14 16 0.021625692 
748 252 12 15 0.021573814 
884 200 15 19 0.021447938 
393 336 8 10 0.021439781 
923 249 13 18 0.021426434 
102 406 9 12 0.021369634 
305 452 14 16 0.021338435 
257 478 9 12 0.021267863 
475 384 12 16 0.021266498 
788 450 13 16 0.021250248 
733 229 11 14 0.021119002 
261 374 10 12 0.02110707 
477 374 11 15 0.021106191 
686 233 9 12 0.021093002 
874 464 14 21 0.021056324 
793 331 14 19 0.021053074 
432 468 12 16 0.021019531 
591 301 10 12 0.020920567 
315 462 15 20 0.02089608 
903 206 9 12 0.02088955 
280 414 10 11 0.020851139 
712 293 10 14 0.020825155 
440 423 13 18 0.020749995 
240 427 11 14 0.020747254 
329 328 7 10 0.020743258 
656 302 13 16 0.020741707 
66 412 9 12 0.020738672 
894 276 13 15 0.020734653 
167 367 6 8 0.02069231 
878 398 20 26 0.020656332 
745 291 10 13 0.020615198 
360 328 9 10 0.020529142 
449 389 11 15 0.020521844 
256 366 10 13 0.020514226 
746 364 14 16 0.020508202 
938 399 17 21 0.020508153 
873 236 12 16 0.02048621 
740 482 15 19 0.020485913 
964 147 14 16 0.020484598 
353 407 9 13 0.020465638 
927 337 22 28 0.020461611 
924 505 13 18 0.020427933 
9 421 8 11 0.020422544 
350 373 9 12 0.020410622 
814 288 13 18 0.020384505 
698 139 17 21 0.02036722 
834 219 14 17 0.020351166 
570 352 13 16 0.02032063 
893 256 14 18 0.020320283 
582 326 10 14 0.020309275 
935 476 16 20 0.020283524 
455 460 11 14 0.020278702 
960 183 47 54 0.020245647 
264 381 8 10 0.02023707 
312 387 9 12 0.020235483 
390 304 8 10 0.020201324 
94 397 9 12 0.020156825 
815 242 12 16 0.02012749 
413 476 13 15 0.020121379 
638 340 9 13 0.020060536 
941 334 14 21 0.020056967 
