35_Basketball_playingbasketball_35_417
52
284 255 32 48 0.9939955 
368 18 44 51 0.9935429 
740 87 35 38 0.982213 
961 53 28 40 0.97934395 
355 243 28 42 0.9717682 
184 51 22 27 0.9312046 
51 65 28 35 0.9268369 
888 161 29 36 0.90995437 
214 246 29 52 0.8788037 
526 37 27 31 0.81580305 
226 132 30 36 0.76826584 
312 54 27 32 0.74739313 
245 58 24 29 0.7415437 
162 70 22 29 0.65298957 
919 114 26 31 0.29841045 
50 195 24 31 0.15287922 
446 25 23 33 0.14106247 
306 57 43 51 0.1193113 
202 226 35 49 0.11276616 
452 24 42 52 0.086240806 
191 219 36 42 0.05543666 
472 697 111 71 0.053578626 
955 307 19 26 0.04930838 
363 695 109 73 0.04422055 
181 301 38 51 0.043144047 
329 142 205 243 0.04284639 
165 57 44 49 0.040870007 
272 205 31 35 0.040223047 
907 102 44 51 0.037100315 
8 126 41 60 0.035992134 
319 102 102 114 0.03479402 
599 58 22 31 0.034148283 
338 251 41 44 0.033349812 
720 8 74 91 0.03270249 
361 225 39 55 0.03081688 
325 28 187 220 0.029605316 
887 84 116 128 0.028841842 
813 93 49 53 0.02825243 
112 161 18 22 0.027421415 
296 167 33 42 0.026750611 
440 33 23 35 0.025930239 
56 130 25 30 0.025690893 
899 113 29 36 0.023875041 
283 198 24 32 0.023811447 
465 16 34 43 0.022935204 
523 697 101 76 0.022458326 
118 127 17 22 0.02231696 
329 232 41 50 0.022252817 
37 133 25 35 0.022133742 
768 179 40 55 0.02128327 
915 118 57 65 0.020629635 
228 248 33 48 0.02017211 
