35_Basketball_basketballgame_ball_35_478
150
128 413 69 97 0.9980375 
309 271 24 27 0.6227438 
721 318 9 12 0.49238473 
491 163 11 15 0.2732161 
342 244 8 10 0.2613659 
428 142 11 14 0.2121343 
399 390 9 12 0.17640989 
735 165 9 12 0.16266859 
620 110 8 11 0.13773155 
462 150 10 14 0.12405243 
342 148 8 10 0.1019057 
890 209 17 21 0.101553895 
405 259 10 13 0.09797126 
414 119 10 14 0.08740731 
717 168 9 12 0.08473663 
496 103 12 14 0.08280859 
497 63 10 13 0.0806907 
404 160 9 11 0.08043677 
659 155 14 16 0.07070336 
654 134 10 13 0.070162065 
272 147 9 11 0.06719373 
321 271 18 22 0.06620464 
517 157 10 12 0.06459249 
478 150 8 11 0.062966846 
329 455 12 14 0.062443614 
803 344 16 19 0.059880067 
623 158 11 14 0.05959366 
82 88 9 13 0.057595544 
662 524 358 191 0.057451792 
611 179 9 12 0.05612385 
757 191 10 13 0.05569589 
590 105 9 11 0.052650865 
71 205 12 15 0.049116515 
697 166 9 12 0.04761468 
279 128 8 11 0.04628904 
109 171 12 14 0.046212643 
488 118 10 12 0.045697026 
812 339 12 18 0.044773895 
940 204 10 10 0.043897647 
381 259 11 15 0.04287922 
806 334 12 14 0.04287449 
742 159 8 12 0.042320456 
599 159 9 12 0.041774858 
313 156 9 11 0.041352034 
441 156 10 12 0.041335054 
472 167 10 14 0.04021288 
443 152 7 10 0.04001372 
319 151 8 11 0.039364517 
789 128 9 12 0.03908449 
103 190 9 12 0.038348958 
509 259 10 12 0.038185414 
714 171 8 10 0.03712018 
777 195 10 12 0.036998212 
736 160 11 13 0.03649751 
477 129 9 11 0.035922617 
289 150 8 10 0.03545965 
317 117 9 11 0.035355777 
782 176 7 9 0.03469123 
493 142 9 11 0.03381947 
304 166 9 10 0.033551745 
331 182 8 9 0.033073585 
320 111 8 11 0.03105903 
576 103 8 10 0.031030592 
322 144 8 10 0.030535292 
381 162 10 13 0.03053379 
806 340 21 28 0.030510873 
354 136 9 10 0.030329918 
361 164 10 12 0.030016024 
628 158 12 15 0.029801153 
426 148 9 12 0.029631654 
584 102 10 13 0.029595077 
870 105 7 9 0.02956088 
845 166 11 13 0.029546535 
326 144 8 10 0.029426984 
734 110 9 11 0.02915646 
729 152 8 10 0.029049756 
639 165 9 11 0.028963847 
511 91 10 14 0.028528672 
392 174 11 14 0.028441025 
500 67 10 13 0.028205875 
936 299 14 15 0.028135184 
108 178 11 15 0.027834253 
543 54 10 12 0.027682813 
761 157 9 12 0.027512811 
474 133 9 11 0.027463162 
366 24 8 10 0.02739204 
400 163 10 11 0.027310403 
503 528 8 10 0.027283885 
104 181 10 14 0.027229376 
492 116 12 15 0.027130278 
636 51 10 13 0.026946815 
719 140 9 12 0.026934192 
768 142 9 11 0.026893683 
743 95 8 10 0.026678186 
269 184 9 12 0.026622873 
632 85 8 11 0.026010493 
337 240 10 13 0.025775665 
768 207 10 12 0.025688939 
334 182 9 11 0.025633855 
809 157 9 12 0.02561761 
162 62 7 10 0.025583103 
158 23 10 13 0.025483077 
559 157 11 13 0.025337415 
119 205 9 12 0.025140293 
624 172 10 13 0.024993084 
879 93 7 10 0.024819376 
276 144 8 11 0.024818262 
799 189 8 11 0.024532171 
287 111 9 11 0.024233712 
358 47 9 11 0.024033133 
329 268 14 22 0.023967506 
773 144 8 10 0.023915498 
709 150 9 13 0.023779053 
68 154 10 14 0.023657992 
439 174 11 13 0.023470273 
551 69 11 14 0.023382917 
439 164 10 12 0.023160217 
442 134 10 12 0.022877673 
175 61 8 11 0.022837542 
360 151 8 9 0.02270235 
364 76 11 13 0.022696901 
341 181 10 11 0.022684507 
807 121 11 15 0.022657206 
731 167 8 10 0.022552261 
476 171 10 13 0.022355037 
574 176 10 12 0.022258975 
328 165 9 11 0.022194583 
285 174 8 10 0.022114897 
840 149 8 11 0.021425892 
865 180 11 14 0.021294922 
353 192 9 11 0.021249743 
464 146 8 10 0.021247828 
848 160 11 13 0.021172613 
751 195 12 14 0.0210856 
528 104 9 12 0.020936599 
342 249 11 15 0.02090884 
277 157 11 13 0.020818979 
744 197 8 10 0.020809734 
622 152 11 13 0.020754289 
555 93 13 17 0.020696241 
610 70 8 10 0.020515772 
70 231 10 12 0.020289967 
766 102 8 10 0.020289475 
378 149 8 11 0.02027671 
682 205 9 12 0.020218046 
393 157 8 11 0.020074353 
327 238 8 11 0.02005287 
470 150 9 12 0.0200465 
798 222 14 19 0.02003823 
86 156 8 11 0.020022959 
