35_Basketball_basketballgame_ball_35_391
30
702 94 86 113 0.9985689 
204 55 87 112 0.9984554 
533 79 87 107 0.99821186 
372 101 79 105 0.99480647 
933 136 40 55 0.30560875 
983 119 30 43 0.25598368 
756 37 13 15 0.15400834 
479 66 19 21 0.14368701 
238 410 95 114 0.12810028 
902 598 41 39 0.08011137 
395 70 37 44 0.055537757 
514 61 14 15 0.04884943 
0 397 11 19 0.04839256 
894 561 58 60 0.046890058 
1007 91 14 18 0.045289345 
673 326 15 20 0.04122377 
649 339 52 60 0.039292153 
481 339 48 58 0.035060152 
996 86 22 28 0.032616004 
59 241 15 20 0.03170963 
107 57 22 31 0.03069057 
866 165 30 34 0.026911773 
931 288 32 37 0.026707076 
510 63 22 29 0.02437784 
952 144 47 63 0.024209253 
917 149 25 38 0.022355115 
991 100 29 53 0.022030782 
922 571 26 32 0.02097118 
909 154 23 30 0.020609485 
944 122 46 61 0.020052098 
