35_Basketball_Basketball_35_393
21
193 -13 215 247 0.9328075 
759 172 48 52 0.42948282 
786 97 61 64 0.20230797 
176 -96 356 418 0.096537635 
760 108 89 98 0.06199985 
7 538 125 127 0.06097369 
509 666 146 103 0.04579446 
732 269 31 42 0.045668796 
797 200 25 30 0.03475754 
766 148 61 67 0.034378193 
768 60 93 115 0.03280145 
810 95 39 43 0.031928726 
309 711 67 55 0.031464864 
785 92 37 44 0.031003982 
172 699 50 54 0.03082118 
477 407 235 254 0.029054793 
385 713 64 53 0.026523875 
793 671 116 93 0.021521185 
377 694 55 49 0.021223571 
781 81 29 42 0.020735897 
342 707 56 50 0.020454267 
