35_Basketball_basketballgame_ball_35_287
364
304 412 9 11 0.91969126 
836 361 14 18 0.8399205 
811 418 12 16 0.73397994 
769 387 12 16 0.72135216 
649 449 10 14 0.6254344 
422 357 12 18 0.55762047 
243 400 10 14 0.55208385 
608 409 12 15 0.5141231 
870 361 10 13 0.484398 
898 378 8 11 0.39721525 
374 389 9 12 0.38996977 
215 445 12 14 0.36025596 
922 348 9 12 0.3364906 
273 423 11 14 0.32463342 
972 452 9 11 0.31775567 
928 365 12 14 0.31007 
258 437 10 13 0.2622859 
796 424 9 12 0.26157176 
792 357 10 13 0.2545385 
933 230 11 15 0.2338309 
950 421 12 15 0.22649154 
393 358 11 14 0.20654093 
829 303 11 14 0.19852905 
629 453 11 14 0.18692297 
803 452 10 13 0.18465696 
890 213 9 11 0.18443929 
521 459 9 12 0.17678553 
238 428 13 16 0.17319228 
541 289 16 21 0.1706088 
726 401 8 11 0.16763707 
728 309 12 16 0.15972862 
908 358 14 17 0.15935461 
199 398 9 11 0.15426949 
676 372 11 13 0.1468862 
872 307 11 14 0.14687845 
296 428 10 13 0.14565249 
635 407 10 14 0.14052896 
980 400 9 12 0.13403523 
695 415 9 11 0.13033427 
714 357 8 10 0.12520447 
702 401 8 11 0.12361351 
683 337 8 10 0.12037736 
890 443 13 18 0.119100064 
552 548 14 17 0.11862351 
944 350 10 13 0.11177097 
819 369 13 17 0.1102478 
13 386 12 17 0.10153353 
54 364 10 14 0.100756004 
751 412 10 14 0.098330885 
430 393 10 12 0.09538884 
397 389 13 20 0.09358733 
583 321 13 16 0.09213624 
952 382 9 11 0.09156101 
977 380 10 13 0.087440595 
244 427 12 15 0.08737764 
994 403 10 13 0.08059971 
722 416 8 11 0.080212645 
426 361 13 17 0.078915 
774 357 11 13 0.07853492 
985 326 9 13 0.07668499 
663 375 8 12 0.07562922 
932 399 9 13 0.07417287 
183 441 10 11 0.07287775 
833 365 20 24 0.07194988 
743 372 11 13 0.07148307 
826 312 13 16 0.07080034 
889 357 10 13 0.07030184 
422 380 10 13 0.07012082 
382 374 10 13 0.06884055 
678 381 10 13 0.06526771 
702 343 9 12 0.06397709 
1002 366 9 11 0.063361876 
952 396 9 11 0.063211374 
568 315 12 15 0.06165527 
28 331 10 13 0.06127346 
809 302 8 11 0.06055041 
885 196 9 12 0.059839256 
207 463 8 10 0.059561174 
311 435 12 15 0.059192777 
615 316 10 12 0.058625642 
898 183 9 13 0.05826489 
662 413 8 10 0.057826765 
417 362 13 16 0.057768364 
424 388 10 14 0.05648606 
69 319 11 13 0.056209054 
688 317 10 13 0.056021057 
874 380 12 16 0.055997916 
930 370 12 15 0.05570416 
609 435 10 13 0.05479752 
949 355 9 11 0.054727387 
693 322 10 13 0.05448093 
744 325 12 14 0.053655937 
768 438 11 14 0.053460002 
57 385 11 15 0.05273067 
832 357 13 18 0.051232457 
412 387 12 18 0.051107153 
589 342 11 13 0.05098524 
672 403 9 12 0.050785426 
766 373 9 11 0.05043389 
761 326 10 13 0.05010973 
596 390 11 15 0.04887704 
403 392 15 19 0.04855254 
966 375 7 10 0.048483506 
701 220 9 12 0.047775295 
750 389 11 14 0.047157828 
366 342 9 12 0.046551276 
86 311 8 11 0.04647223 
647 309 10 12 0.046151217 
1012 189 11 17 0.04507799 
851 338 13 15 0.04459025 
515 291 15 19 0.04449256 
797 477 12 16 0.043911222 
1000 423 8 11 0.043304775 
480 206 10 13 0.04313295 
799 220 10 11 0.043103702 
587 238 8 11 0.042802557 
209 444 9 11 0.04252846 
429 431 8 11 0.04221117 
591 220 9 11 0.041506045 
796 351 11 15 0.041439403 
725 236 9 13 0.04122373 
951 390 10 13 0.041180015 
785 397 10 13 0.04104304 
962 408 8 11 0.040826768 
685 384 10 11 0.0396017 
765 421 10 12 0.03959211 
892 319 11 13 0.039512042 
798 374 10 13 0.039318312 
655 398 9 11 0.03885115 
783 326 13 14 0.03874148 
10 388 20 27 0.038629565 
780 429 12 14 0.038543057 
247 423 12 15 0.038389854 
573 311 9 11 0.03822175 
420 372 12 15 0.03783505 
949 407 10 10 0.03767035 
993 392 9 10 0.037664007 
914 206 8 11 0.036904354 
670 165 10 11 0.036761377 
636 452 11 14 0.03673034 
950 367 8 11 0.036726587 
262 290 12 13 0.03623546 
945 408 9 11 0.036147136 
655 436 10 11 0.035997484 
377 387 12 15 0.035938207 
253 430 12 14 0.03589551 
946 221 10 13 0.035421837 
277 323 10 12 0.03535845 
17 419 11 16 0.035314687 
711 319 11 12 0.03526949 
909 164 10 13 0.034896754 
760 366 9 12 0.03480576 
589 379 11 15 0.034654006 
548 294 13 20 0.034631487 
746 212 9 11 0.03452956 
704 383 10 11 0.03410043 
532 291 19 21 0.033986744 
846 396 13 16 0.033879947 
814 387 12 15 0.033720203 
559 299 10 12 0.033547338 
802 334 9 13 0.033415895 
641 214 8 9 0.033370633 
415 447 9 12 0.03314794 
552 308 10 13 0.033123955 
598 343 9 11 0.03279372 
758 230 8 11 0.032722935 
876 375 11 14 0.03269857 
698 399 8 10 0.032541223 
918 189 8 9 0.03252775 
609 300 7 10 0.032525606 
805 199 8 11 0.032466054 
815 380 13 16 0.03241751 
688 313 8 10 0.03230988 
282 302 9 12 0.032300413 
702 319 9 12 0.03229069 
710 398 10 12 0.032217167 
750 307 9 12 0.03212846 
932 360 11 13 0.031618364 
441 306 11 13 0.03127508 
631 428 10 12 0.031179445 
1007 382 8 11 0.031108692 
754 405 12 16 0.030502344 
777 181 9 13 0.030492859 
674 380 10 13 0.030406678 
900 187 10 13 0.030127732 
705 291 8 11 0.02999904 
911 172 10 12 0.029925743 
639 292 8 10 0.029867917 
732 434 13 17 0.029794285 
293 445 11 14 0.029790815 
942 295 8 10 0.02961626 
673 271 9 12 0.029450756 
791 374 10 13 0.029063012 
804 338 12 15 0.028983489 
825 287 9 11 0.028982578 
420 323 12 14 0.028927693 
758 389 11 14 0.028855937 
821 403 9 13 0.028789314 
612 331 10 14 0.028744396 
978 222 13 16 0.028725058 
654 391 10 13 0.028676813 
938 312 8 11 0.028580656 
852 346 12 15 0.028336858 
946 368 8 11 0.028249023 
708 403 11 14 0.028170006 
591 301 8 10 0.028128276 
647 314 12 15 0.028048726 
685 444 9 12 0.027891153 
489 332 23 30 0.027855873 
816 397 10 13 0.027828047 
271 396 11 13 0.027533848 
701 357 9 11 0.027475202 
254 469 9 11 0.027461175 
933 212 10 12 0.027406601 
792 439 9 12 0.027365431 
620 312 10 12 0.027343186 
1005 420 10 13 0.027217127 
676 398 10 13 0.026888333 
177 439 9 11 0.026885007 
946 214 9 12 0.026733348 
766 487 8 10 0.026685728 
820 359 12 15 0.026490299 
723 404 8 11 0.026458712 
736 222 8 10 0.026312884 
446 356 11 14 0.026288092 
57 309 11 15 0.026271278 
536 231 11 12 0.026221262 
441 357 11 14 0.026215697 
782 339 12 15 0.026157467 
758 359 10 13 0.025950456 
786 307 13 17 0.025888858 
727 342 7 10 0.025870934 
934 208 9 10 0.02560031 
943 389 9 13 0.025578476 
686 252 8 10 0.025573423 
984 414 9 12 0.025545314 
960 412 10 12 0.025530718 
920 390 9 11 0.025440607 
621 342 13 17 0.025420874 
736 158 8 11 0.025329536 
736 388 9 10 0.025253039 
757 395 11 15 0.025097953 
983 375 9 11 0.025056155 
845 222 8 12 0.025041861 
734 404 11 14 0.025040733 
425 311 8 10 0.02503883 
965 328 8 11 0.025009086 
647 288 9 11 0.025004646 
930 198 7 10 0.024906173 
1006 415 9 12 0.024880733 
187 444 11 11 0.024840396 
639 478 10 13 0.024743222 
957 454 11 13 0.024659323 
776 413 10 13 0.02453875 
773 547 146 138 0.024538053 
693 237 8 11 0.024448553 
725 180 9 12 0.024427418 
783 403 12 14 0.024420528 
9 421 22 29 0.024398606 
887 321 12 14 0.024305321 
701 413 9 13 0.024296742 
672 446 8 11 0.024216056 
197 461 11 12 0.024212707 
974 388 10 13 0.02416315 
747 413 9 13 0.024005322 
199 438 11 13 0.023952467 
378 375 9 11 0.023792664 
981 423 9 11 0.02359067 
642 185 8 9 0.023547295 
969 246 10 12 0.023455445 
916 322 11 14 0.023363344 
942 345 11 12 0.023351792 
744 358 10 13 0.023273425 
572 218 12 16 0.023267074 
223 464 8 11 0.023176052 
876 304 10 13 0.023141105 
956 425 11 13 0.022929281 
742 181 7 10 0.022840707 
968 388 10 13 0.022804061 
680 387 9 11 0.022786971 
521 289 19 24 0.022683008 
19 344 13 18 0.02267537 
798 404 10 13 0.022586621 
956 381 10 12 0.022546802 
886 239 8 11 0.022476094 
936 389 9 12 0.022401692 
566 295 8 11 0.022386169 
359 389 8 10 0.0223503 
892 351 11 13 0.022232736 
950 374 10 12 0.022190912 
416 379 13 17 0.022163603 
624 326 8 11 0.022126067 
468 208 11 15 0.02210983 
862 207 8 11 0.02210845 
996 471 11 14 0.0220429 
192 391 7 10 0.022026867 
610 223 8 9 0.021949848 
871 371 12 16 0.02191955 
697 391 7 9 0.021851212 
285 412 10 13 0.021825219 
206 440 10 12 0.021782508 
741 245 9 11 0.021761898 
974 311 10 12 0.021760136 
63 373 14 18 0.021746768 
321 310 8 10 0.021707393 
646 475 11 14 0.02164257 
967 381 10 12 0.021596069 
769 302 8 10 0.02158914 
895 388 10 13 0.021508647 
763 330 12 14 0.021508196 
621 236 8 11 0.021336803 
722 389 8 10 0.021262385 
62 315 12 15 0.0212619 
606 231 10 13 0.0212542 
785 295 8 10 0.02125007 
783 232 7 10 0.021243822 
318 357 9 11 0.021242443 
688 399 8 11 0.021218838 
718 324 8 11 0.021203041 
191 427 12 14 0.02119467 
591 311 9 12 0.021191971 
789 342 10 13 0.021137415 
725 419 9 12 0.021060003 
924 390 10 11 0.021053229 
195 398 9 11 0.021037778 
584 373 12 15 0.021034323 
785 374 9 12 0.021032428 
816 446 8 11 0.02099962 
829 294 10 12 0.020981014 
406 358 11 14 0.020905511 
911 309 10 11 0.020899968 
950 415 11 15 0.020895094 
28 410 12 16 0.020892194 
824 291 10 12 0.020878596 
849 333 11 15 0.020875892 
688 351 8 10 0.020866107 
696 364 11 14 0.020852512 
672 424 9 12 0.020806162 
672 389 9 12 0.020780744 
181 405 9 13 0.020759333 
624 300 9 11 0.02075674 
655 406 9 11 0.020703614 
1015 436 8 13 0.020662107 
780 357 10 13 0.020646317 
59 364 13 14 0.020633547 
711 414 10 12 0.020535538 
649 406 8 10 0.020493861 
864 310 10 12 0.02048702 
639 421 9 12 0.020449895 
328 358 10 13 0.020413106 
814 296 9 11 0.02036586 
983 389 8 11 0.020347064 
565 300 9 11 0.020340342 
739 435 12 15 0.02031568 
21 415 12 15 0.020243082 
496 219 9 12 0.020237116 
783 315 13 16 0.02023068 
918 395 10 13 0.020229163 
1009 407 10 12 0.020220466 
299 445 11 14 0.020164238 
294 433 12 15 0.0201538 
345 368 7 10 0.020073459 
749 358 10 12 0.020041443 
382 367 8 11 0.020008916 
