35_Basketball_basketballgame_ball_35_80
67
491 93 104 126 0.99952173 
262 132 44 61 0.99497944 
808 73 50 59 0.99426126 
35 115 34 45 0.9920527 
169 1 38 49 0.9902964 
293 11 40 50 0.9873405 
5 169 40 45 0.9842343 
92 183 38 50 0.97639966 
162 229 42 53 0.9744274 
891 67 45 55 0.97105557 
383 17 38 51 0.97068226 
903 373 38 54 0.95124024 
1 357 43 61 0.9408273 
0 233 33 57 0.89543825 
66 207 43 55 0.8380664 
138 152 31 35 0.8011687 
503 5 36 42 0.41164726 
71 268 46 57 0.23200646 
395 164 14 19 0.21082376 
347 134 44 50 0.17713954 
700 202 15 20 0.17346281 
552 39 29 39 0.15103713 
457 58 40 55 0.1250777 
361 106 46 52 0.11374478 
698 202 23 34 0.09137466 
438 206 25 33 0.09063538 
102 490 18 22 0.08789092 
455 73 26 36 0.07287765 
164 176 46 62 0.072381 
132 35 28 43 0.065407835 
387 125 16 22 0.06272117 
941 447 15 20 0.057994407 
184 289 41 55 0.050827567 
203 54 26 31 0.04912812 
1000 452 24 46 0.047442526 
52 176 27 36 0.044078343 
664 192 14 20 0.041255973 
610 178 45 53 0.039270606 
166 250 49 66 0.035270393 
880 70 31 42 0.03295533 
154 383 29 35 0.032327138 
382 100 40 50 0.031555507 
68 447 52 63 0.03139932 
149 146 85 112 0.031273417 
491 1 37 33 0.031083684 
513 37 49 56 0.030725747 
695 433 74 91 0.030177904 
518 13 30 35 0.029190458 
500 12 52 59 0.027401779 
222 243 46 55 0.027236754 
909 359 17 22 0.026543558 
182 235 44 56 0.026394717 
181 165 47 69 0.025752556 
602 154 13 17 0.025719699 
134 166 32 39 0.025373947 
378 519 30 38 0.025209548 
666 268 35 40 0.025092954 
145 146 50 61 0.02475459 
520 3 20 24 0.024711804 
458 37 29 35 0.023943719 
621 188 28 31 0.023751441 
336 427 13 17 0.023415547 
362 159 16 19 0.022586823 
293 763 230 216 0.022069396 
927 440 25 30 0.021949176 
14 114 23 30 0.021943439 
203 285 41 57 0.02163375 
