35_Basketball_playingbasketball_35_449
21
342 157 96 127 0.9996338 
723 269 61 111 0.91094595 
932 722 28 33 0.15788893 
545 1299 12 17 0.07411248 
736 30 119 131 0.057394013 
165 845 29 34 0.036964312 
620 1273 25 30 0.034173135 
971 59 47 83 0.031903658 
101 874 27 32 0.031723186 
657 37 150 147 0.031074375 
70 731 26 33 0.030600093 
-72 357 430 446 0.028403394 
127 1172 15 20 0.023821076 
122 254 27 30 0.02344319 
168 900 26 34 0.022970483 
133 848 17 21 0.021709353 
114 671 16 20 0.021539811 
257 244 16 22 0.021511711 
228 1300 12 14 0.02109749 
453 1301 11 15 0.020853585 
60 1227 11 15 0.020431636 
