35_Basketball_basketballgame_ball_35_309
32
777 62 170 231 0.9985067 
394 70 81 107 0.9942835 
224 0 66 68 0.9926883 
134 54 71 95 0.9900969 
954 64 24 32 0.59992516 
3 508 61 163 0.47924915 
42 1 71 75 0.21772744 
987 91 21 27 0.115159206 
295 373 47 48 0.09268343 
935 55 43 56 0.06785245 
115 -1 59 47 0.064721316 
686 56 25 33 0.0635474 
703 116 24 29 0.051580988 
882 461 92 58 0.04798341 
678 67 42 57 0.041342914 
856 445 138 106 0.039427243 
680 124 22 32 0.0352871 
208 20 61 66 0.034744207 
945 181 54 73 0.03137009 
917 4 17 18 0.031279564 
637 174 46 64 0.028281506 
183 56 52 74 0.027665017 
87 -1 71 67 0.027586395 
708 166 32 45 0.026897304 
648 170 29 40 0.025931142 
690 116 25 35 0.025326928 
995 1 27 36 0.025258746 
748 0 28 26 0.024590328 
674 7 65 82 0.023451233 
213 30 38 39 0.022811862 
211 598 71 81 0.021604719 
986 3 17 20 0.020478262 
