35_Basketball_playingbasketball_35_632
26
126 441 22 25 0.8221351 
910 483 15 19 0.3968848 
720 488 16 19 0.24109241 
302 686 14 15 0.14173031 
840 111 33 38 0.13837168 
343 512 36 43 0.11255056 
32 505 8 10 0.10668987 
2 652 13 19 0.05339962 
838 86 38 41 0.052376024 
852 120 20 23 0.05039068 
879 50 33 38 0.04903558 
470 352 35 28 0.044221148 
314 517 65 53 0.042901807 
955 147 31 35 0.04224246 
29 663 11 15 0.03954952 
864 56 53 69 0.029934634 
465 343 31 28 0.026514336 
475 347 16 19 0.02488573 
322 532 40 34 0.024448937 
891 57 19 21 0.024291646 
963 143 20 24 0.02374745 
181 477 14 18 0.023208521 
450 454 33 37 0.02194025 
872 483 10 13 0.021085743 
483 346 16 17 0.020417973 
206 489 12 15 0.020192456 
