35_Basketball_basketballgame_ball_35_662
101
116 112 32 37 0.99856794 
757 2 28 34 0.99836105 
110 66 31 38 0.9982851 
243 66 36 42 0.99823356 
598 48 49 63 0.9980835 
798 123 54 70 0.9979382 
480 79 55 71 0.997855 
287 133 33 39 0.99774855 
64 42 26 32 0.9971533 
427 12 31 36 0.99618006 
169 0 32 34 0.9954656 
379 70 28 35 0.9951865 
66 102 42 54 0.99494815 
362 138 34 40 0.994361 
207 145 45 59 0.99415356 
306 96 33 39 0.9916545 
712 82 28 37 0.99036026 
681 119 50 64 0.98966587 
555 33 27 32 0.97770715 
803 39 33 38 0.9751799 
685 50 30 36 0.97246426 
229 122 31 37 0.94821596 
37 115 26 29 0.9394959 
737 128 38 48 0.8823106 
278 0 33 30 0.83272064 
659 0 29 37 0.82400376 
0 172 23 33 0.6386615 
846 143 25 39 0.59616995 
-1 0 17 24 0.55273545 
183 41 28 43 0.5349362 
494 0 25 20 0.28215522 
845 70 30 33 0.22611971 
694 100 45 61 0.14416215 
854 63 27 29 0.13377564 
771 57 26 30 0.123639025 
659 574 14 21 0.11024653 
523 62 28 35 0.11010323 
794 4 37 39 0.10136301 
11 52 35 49 0.09895466 
443 92 34 48 0.09072008 
444 12 25 33 0.087890096 
802 -2 55 60 0.0776234 
625 0 19 19 0.072075106 
322 -1 14 14 0.05244406 
459 95 23 35 0.04372311 
332 129 27 36 0.042928547 
57 82 23 29 0.04089077 
266 7 51 54 0.039473463 
705 129 35 46 0.03902106 
262 0 39 41 0.03846809 
593 564 24 29 0.038371947 
788 2 26 32 0.033741593 
692 62 36 45 0.033737935 
332 43 16 23 0.033434216 
202 92 19 23 0.033217344 
434 87 29 43 0.033134636 
61 -1 26 26 0.032960616 
410 143 35 48 0.032565497 
838 76 46 60 0.03168074 
140 52 26 36 0.031654242 
673 1 24 33 0.03018993 
746 53 23 30 0.029692242 
654 121 48 63 0.02957277 
480 0 32 29 0.029117173 
184 2 26 31 0.028853284 
459 18 15 21 0.028732382 
45 41 34 51 0.028133268 
636 61 23 34 0.027744995 
778 71 18 21 0.027246002 
830 -1 38 44 0.026945798 
458 83 45 62 0.026550323 
336 5 13 15 0.026331138 
564 20 15 18 0.025896233 
563 29 17 24 0.02586032 
393 189 25 38 0.025624795 
268 30 42 51 0.025190618 
519 0 14 13 0.024967114 
853 65 41 55 0.0248284 
335 105 22 29 0.024583148 
632 1 30 35 0.024440309 
322 102 24 32 0.024113832 
866 68 18 20 0.023780929 
474 262 10 13 0.023768341 
847 83 21 25 0.023629054 
470 286 40 51 0.023588726 
162 135 27 35 0.023548217 
580 0 33 32 0.022813747 
24 49 28 40 0.022666616 
650 577 22 29 0.02220007 
849 64 20 23 0.02137146 
383 57 25 31 0.021139896 
640 -1 38 45 0.020800421 
817 26 16 18 0.020506956 
42 541 19 20 0.020467725 
61 90 31 41 0.020405605 
306 61 25 28 0.02038156 
843 70 18 23 0.020274837 
381 44 22 25 0.020203998 
122 33 25 31 0.020166308 
535 66 18 21 0.020107834 
650 60 22 31 0.020086762 
