35_Basketball_Basketball_35_635
36
544 289 29 37 0.99871445 
621 304 33 40 0.99860567 
421 317 29 37 0.99833775 
814 302 32 39 0.99790394 
598 263 30 39 0.9968838 
370 412 26 33 0.9960651 
458 277 28 34 0.9958721 
511 478 27 32 0.9958106 
311 452 26 36 0.995544 
484 321 28 36 0.99501616 
754 313 31 39 0.99394256 
360 332 26 34 0.99341184 
281 310 31 37 0.9930865 
569 450 30 35 0.9924194 
211 317 24 30 0.988453 
277 275 26 31 0.98841 
698 341 30 37 0.98537654 
447 416 33 42 0.9800949 
381 307 15 17 0.1413796 
238 321 18 23 0.05008883 
143 324 13 15 0.041562885 
396 328 15 19 0.038331125 
83 323 11 14 0.03716399 
844 296 20 31 0.030755593 
404 354 22 30 0.029960426 
586 566 10 12 0.02756103 
236 300 24 30 0.026238471 
490 297 26 31 0.023481227 
787 296 24 30 0.022642529 
514 297 27 30 0.022537446 
685 312 17 22 0.022127122 
789 327 27 31 0.021544194 
338 325 26 29 0.021529911 
282 291 29 35 0.021342812 
574 584 15 18 0.020506542 
283 374 15 20 0.020503748 
