35_Basketball_playingbasketball_35_582
21
512 134 52 45 0.9967884 
429 118 36 53 0.9457976 
678 110 37 55 0.91433805 
419 48 54 67 0.24451357 
492 68 43 55 0.21452534 
422 28 16 18 0.103158936 
488 47 34 42 0.090967275 
437 48 32 43 0.062373813 
442 63 48 65 0.060678944 
469 80 43 64 0.043555543 
503 62 29 38 0.041391227 
447 92 43 66 0.03527336 
459 72 29 38 0.03170369 
203 205 10 12 0.027635954 
365 20 18 22 0.026138948 
401 30 86 110 0.025150258 
660 119 30 45 0.025034087 
373 41 27 35 0.024952572 
688 216 66 65 0.022741409 
62 214 14 17 0.021896768 
428 45 29 37 0.020446604 
