35_Basketball_basketballgame_ball_35_50
31
950 270 29 41 0.9980203 
409 206 25 31 0.9931623 
276 167 23 30 0.98545676 
208 275 43 59 0.9815165 
584 126 37 46 0.9773678 
861 99 9 12 0.25702903 
773 335 36 42 0.18893945 
878 88 7 10 0.092493355 
998 108 8 11 0.05647187 
927 107 12 16 0.051651962 
969 118 10 13 0.046248388 
889 117 9 11 0.04301442 
208 322 29 37 0.042265836 
927 103 10 13 0.03488474 
942 102 7 9 0.031647332 
970 103 8 10 0.029938389 
896 444 12 15 0.028864084 
771 68 10 13 0.025910728 
926 94 8 10 0.025608186 
838 99 11 13 0.025093378 
847 53 10 13 0.024972394 
937 102 8 11 0.0247979 
876 93 7 10 0.023969384 
847 84 8 10 0.023724994 
804 390 37 38 0.023387263 
958 119 10 12 0.02327011 
388 256 25 34 0.02266684 
577 60 50 53 0.022349693 
402 191 10 13 0.020256743 
856 117 8 11 0.020166438 
937 95 8 10 0.020112006 
