35_Basketball_playingbasketball_35_127
34
318 56 30 37 0.999303 
636 32 32 41 0.9988997 
493 113 35 44 0.998643 
595 185 49 64 0.99795747 
886 64 27 34 0.99722725 
530 165 40 48 0.9952722 
14 64 16 20 0.9052121 
1003 115 20 31 0.8913736 
90 19 18 23 0.88613516 
758 10 22 27 0.7499583 
849 2 29 31 0.64824903 
166 1 23 23 0.63668525 
419 79 19 23 0.39642635 
830 21 11 14 0.078119375 
397 2 28 25 0.07568644 
371 150 16 22 0.047828972 
406 73 24 30 0.045505807 
405 126 28 40 0.040198103 
405 72 14 21 0.037423372 
244 107 19 24 0.034834735 
975 220 15 16 0.030145321 
125 3 16 17 0.029672774 
126 121 12 15 0.029323958 
818 67 14 17 0.028997663 
409 69 37 44 0.024046699 
814 67 23 29 0.022410834 
868 145 16 22 0.021962 
159 3 17 18 0.02181272 
104 47 23 32 0.021778947 
403 14 16 19 0.021380138 
382 1 37 37 0.020867754 
73 94 24 41 0.020580182 
635 256 39 56 0.020503992 
422 69 15 18 0.02027518 
