35_Basketball_basketballgame_ball_35_709
670
222 1008 34 41 0.99813557 
64 988 30 38 0.996576 
882 1010 31 38 0.99499583 
349 966 26 34 0.99349254 
769 998 29 41 0.9928019 
288 994 33 39 0.9923586 
3 1002 37 48 0.99136484 
850 918 23 30 0.99001795 
523 404 72 72 0.9876632 
35 985 28 39 0.9850412 
182 982 35 44 0.9837654 
895 978 27 35 0.9812242 
172 940 23 29 0.97610146 
938 982 24 28 0.97327685 
136 959 24 32 0.9634406 
994 929 22 30 0.95598567 
3 967 23 30 0.9547681 
864 976 22 28 0.95070386 
949 684 17 22 0.948767 
105 827 23 29 0.9356185 
787 976 24 33 0.9340087 
1002 999 22 37 0.9317403 
321 703 21 26 0.92561704 
496 993 29 37 0.91678166 
869 862 18 23 0.9096511 
909 954 21 27 0.90660965 
323 777 21 28 0.9054022 
782 713 17 23 0.89571315 
904 926 22 27 0.8906736 
307 805 20 26 0.89002484 
267 986 27 37 0.88979554 
97 930 23 28 0.8896388 
291 624 17 21 0.8875137 
394 868 23 30 0.88284856 
355 555 17 20 0.8765306 
217 602 18 23 0.8640625 
881 736 17 22 0.85874915 
181 563 17 20 0.85491776 
241 733 18 24 0.84825045 
924 805 21 27 0.82510483 
26 773 21 28 0.8101356 
931 905 20 26 0.80068916 
45 620 27 36 0.7782775 
303 555 18 21 0.764028 
247 930 22 28 0.760796 
230 685 17 22 0.75953054 
973 833 20 27 0.75471246 
374 668 16 19 0.73009735 
353 751 21 27 0.7152892 
55 961 22 27 0.7108155 
261 773 22 28 0.7067693 
415 755 21 26 0.69155425 
973 609 15 18 0.68241745 
440 702 17 23 0.6814458 
244 625 18 22 0.68067497 
295 686 20 23 0.67223126 
410 550 17 21 0.6718797 
53 804 22 25 0.6713724 
11 555 17 20 0.65885484 
354 833 22 27 0.65794355 
329 645 18 22 0.65403587 
247 322 14 18 0.64800483 
983 779 20 24 0.6425319 
423 638 21 28 0.63221586 
860 810 18 22 0.6256968 
897 674 16 21 0.62451726 
370 644 17 21 0.6107593 
81 568 16 19 0.60191864 
107 643 17 22 0.6007846 
854 894 21 26 0.5997037 
827 718 21 27 0.59832376 
276 753 19 24 0.5800564 
797 806 21 26 0.5783247 
263 664 14 18 0.57741517 
994 977 28 46 0.57357055 
913 864 21 27 0.56558925 
218 758 19 23 0.5641805 
95 975 26 33 0.56115675 
390 582 16 20 0.5580279 
792 643 17 21 0.5404306 
30 828 21 26 0.53963333 
155 710 19 24 0.5110555 
945 653 19 24 0.49904975 
896 639 17 20 0.48261297 
888 468 12 15 0.47896796 
996 813 22 26 0.473788 
395 370 11 15 0.46804947 
105 960 29 39 0.4538092 
974 581 13 16 0.4391915 
835 774 13 18 0.4294416 
505 938 22 27 0.4169191 
137 821 25 33 0.41036513 
974 757 21 26 0.40661275 
985 719 17 22 0.37904945 
875 788 16 20 0.37532318 
266 957 27 34 0.37363178 
788 310 13 18 0.36872312 
242 549 18 22 0.3447997 
639 597 76 68 0.3435845 
259 580 18 23 0.33145007 
910 307 11 14 0.32818204 
926 734 15 19 0.3237254 
389 786 21 26 0.31828037 
16 619 18 22 0.30773237 
179 615 17 19 0.29254648 
126 421 14 17 0.29075545 
83 863 18 22 0.27993113 
974 863 20 25 0.27974325 
161 993 25 32 0.27868947 
264 972 29 35 0.2707372 
720 570 17 20 0.26726887 
312 388 12 14 0.26232123 
203 791 19 24 0.26159963 
371 381 11 14 0.25318477 
206 372 15 18 0.2502505 
269 706 17 20 0.24656303 
801 294 12 14 0.24120224 
18 856 22 27 0.234992 
295 430 13 16 0.23427835 
232 413 13 17 0.23340657 
165 373 15 17 0.22629991 
752 963 20 29 0.21508919 
797 429 14 15 0.21377218 
972 906 21 28 0.21308008 
869 773 12 16 0.2110165 
60 591 20 26 0.20832962 
980 697 15 19 0.20730911 
0 928 23 31 0.2052363 
0 811 12 24 0.20518409 
963 970 20 24 0.2037664 
303 730 18 21 0.20289911 
0 888 18 23 0.20269518 
76 336 11 13 0.19904493 
187 709 16 21 0.19505309 
1003 717 14 19 0.19262145 
390 630 17 21 0.18865596 
185 733 19 23 0.18483995 
420 476 16 19 0.18235533 
193 662 17 21 0.18059775 
950 310 12 16 0.16311103 
364 357 14 17 0.16251624 
75 412 12 15 0.16146913 
675 568 18 21 0.15292615 
226 482 18 21 0.14749582 
255 612 14 16 0.14686775 
419 599 15 20 0.14498179 
5 605 25 32 0.14249322 
207 968 25 32 0.14148098 
839 651 13 17 0.14078389 
707 253 13 14 0.1396204 
892 350 13 15 0.13760057 
356 418 12 15 0.13575731 
292 322 13 16 0.13309224 
109 359 11 15 0.1283895 
880 580 17 21 0.12818371 
55 351 12 15 0.12747103 
993 717 19 24 0.12414188 
306 597 18 21 0.1238613 
225 366 11 14 0.12208241 
94 428 11 15 0.12187245 
402 450 14 16 0.12079223 
951 350 12 15 0.119146615 
661 237 10 12 0.11818469 
940 329 13 17 0.11803022 
69 358 13 16 0.117728494 
807 669 14 18 0.117099464 
774 693 13 16 0.11571385 
508 362 13 16 0.11505329 
75 520 17 21 0.11303131 
229 294 10 13 0.11162743 
799 364 14 17 0.10897968 
572 451 30 45 0.10583479 
842 676 14 16 0.10479964 
869 334 10 15 0.104687214 
44 422 13 16 0.10185628 
762 739 15 17 0.09840228 
925 583 18 22 0.097968616 
772 927 17 21 0.097717926 
197 957 28 37 0.097671874 
399 213 13 15 0.09745057 
957 500 14 17 0.09576658 
762 414 17 22 0.09537549 
6 324 13 15 0.095007025 
697 392 16 23 0.09416283 
149 672 14 21 0.09381315 
76 213 12 15 0.092115 
366 205 12 14 0.09166046 
818 1006 24 34 0.09154232 
926 475 11 14 0.09103724 
586 221 12 16 0.09063406 
805 781 18 21 0.09004321 
148 354 11 15 0.08944598 
753 491 13 16 0.08736842 
564 351 16 19 0.086413935 
366 709 22 27 0.08617406 
363 719 18 22 0.08510717 
872 413 11 14 0.08321959 
111 442 12 15 0.08104725 
866 440 10 13 0.0805418 
197 946 23 29 0.080358244 
448 938 36 54 0.07924782 
339 251 11 14 0.07846308 
357 691 16 19 0.07807741 
372 659 15 19 0.07720874 
16 591 29 38 0.07705078 
870 419 14 18 0.07650354 
64 433 12 15 0.07623757 
338 879 29 40 0.07579068 
953 483 13 15 0.07546816 
131 624 16 20 0.07545006 
923 765 20 25 0.07472569 
985 1123 10 11 0.07366528 
317 865 15 27 0.07338214 
382 468 12 14 0.07218373 
908 247 10 13 0.07169262 
830 435 13 17 0.07149582 
232 383 11 13 0.07097024 
75 982 26 34 0.07090555 
856 467 12 16 0.070814036 
996 747 16 20 0.070408456 
895 650 14 16 0.07035292 
86 392 17 21 0.07010817 
811 534 16 20 0.06964326 
250 617 17 22 0.06784269 
86 445 9 11 0.067634694 
413 383 12 14 0.06660697 
328 203 12 16 0.0665125 
276 482 12 15 0.06581857 
217 451 14 18 0.06546254 
662 275 14 17 0.065311626 
109 409 13 16 0.064900704 
909 837 18 21 0.064664386 
237 310 10 14 0.06436149 
836 428 13 17 0.06347571 
432 630 23 32 0.06296904 
89 307 10 13 0.06225323 
629 364 10 14 0.062199537 
858 461 12 15 0.06168108 
615 277 10 14 0.060182158 
791 433 14 17 0.059798636 
5 446 12 16 0.059734162 
984 751 22 27 0.057667866 
172 501 12 14 0.057624333 
100 588 15 19 0.05721817 
188 385 12 16 0.05683396 
442 267 14 18 0.05677334 
955 973 19 29 0.05662785 
217 406 11 14 0.056133986 
195 532 12 16 0.055950474 
86 261 12 16 0.055804785 
967 331 13 16 0.055612206 
773 323 11 13 0.055373326 
839 277 11 13 0.053967714 
261 366 14 17 0.05354227 
255 242 9 13 0.05338203 
172 516 17 20 0.052673176 
861 847 16 20 0.05256865 
238 330 10 14 0.052223455 
397 654 13 16 0.051662587 
795 837 15 19 0.05116635 
801 435 13 15 0.0508355 
39 470 13 15 0.050444394 
102 521 15 18 0.050332855 
894 446 11 14 0.050121818 
154 468 13 17 0.049877904 
839 681 15 18 0.049566127 
348 459 12 17 0.049344543 
183 688 18 21 0.049281526 
789 485 12 16 0.049076922 
59 974 27 33 0.048831616 
153 779 23 28 0.04814135 
312 420 12 15 0.047863375 
847 445 12 16 0.047596183 
318 667 15 18 0.047077686 
138 501 16 18 0.046859164 
737 450 11 14 0.046833035 
916 634 16 22 0.046714246 
232 451 13 17 0.046580937 
101 560 17 21 0.04654675 
67 366 16 21 0.046505928 
4 536 25 34 0.04647845 
874 498 13 16 0.046419337 
2 925 16 21 0.04636797 
0 476 11 18 0.045857552 
320 865 38 54 0.045855295 
374 818 18 20 0.04562626 
350 244 10 13 0.045578517 
334 273 14 18 0.045546398 
522 264 18 20 0.04546374 
254 303 9 11 0.045282092 
195 306 13 15 0.04522182 
307 707 13 16 0.045155715 
554 423 49 70 0.04495069 
252 398 12 15 0.044267584 
261 464 15 18 0.044223752 
268 764 22 29 0.04412301 
738 300 11 15 0.044089213 
145 608 15 18 0.04399673 
164 584 16 21 0.043949485 
793 516 11 15 0.04393181 
411 405 13 17 0.043706354 
965 605 14 18 0.04360106 
758 387 14 16 0.042514984 
235 228 11 15 0.042047586 
109 333 12 15 0.042016044 
830 1007 21 31 0.041656766 
654 370 14 16 0.041017048 
725 461 13 16 0.040978316 
828 490 13 17 0.040930912 
67 467 13 17 0.040792644 
505 407 53 62 0.04072948 
220 429 12 15 0.040728223 
845 1010 14 20 0.040566377 
588 462 15 22 0.04038554 
153 391 9 12 0.040245254 
800 233 8 11 0.04015217 
1 328 21 33 0.039665386 
167 425 11 14 0.039527074 
117 382 11 13 0.039293595 
86 858 26 33 0.03922595 
1009 316 14 21 0.038874142 
51 314 14 17 0.03884006 
786 399 17 21 0.03844255 
172 508 14 16 0.038301226 
293 585 14 17 0.038069643 
641 285 17 20 0.038063474 
830 308 11 14 0.03780102 
927 418 11 15 0.037560284 
936 446 12 15 0.037467662 
920 889 24 32 0.03746619 
170 355 14 15 0.037459206 
4 596 15 19 0.037305526 
723 309 13 16 0.037203938 
742 703 15 19 0.03719854 
263 428 12 16 0.037142485 
317 534 13 15 0.037088115 
359 694 22 29 0.036929775 
933 419 12 15 0.036551777 
322 337 16 20 0.03652453 
104 318 10 12 0.03629422 
943 371 14 17 0.036277592 
60 354 13 15 0.036231294 
139 539 16 21 0.036098707 
1011 409 11 19 0.035946365 
387 463 12 15 0.03580618 
120 286 10 13 0.03578912 
303 207 13 16 0.03563148 
629 252 14 17 0.035377536 
813 411 13 16 0.03531702 
822 698 15 19 0.035288356 
134 402 11 14 0.03523883 
359 602 16 20 0.03507623 
300 403 11 14 0.03503419 
2 602 19 23 0.03490666 
432 1025 14 18 0.034855403 
685 271 11 13 0.03478066 
304 455 21 25 0.03476034 
828 556 15 18 0.034744106 
888 705 16 20 0.034708895 
874 461 10 14 0.03450429 
197 559 15 19 0.034434706 
885 979 25 32 0.034347534 
18 461 14 17 0.033840504 
196 404 11 13 0.033515304 
799 547 23 25 0.033308223 
314 738 16 19 0.033263385 
184 716 22 27 0.033219054 
650 563 32 36 0.03315696 
538 368 16 20 0.033090953 
659 367 13 16 0.032986805 
380 347 15 20 0.0329549 
767 230 10 13 0.03286858 
639 376 37 47 0.03274644 
184 471 20 26 0.032701787 
168 398 10 13 0.03269845 
684 434 11 13 0.032689657 
62 264 16 21 0.032605622 
77 317 9 13 0.032596268 
332 342 13 16 0.03244787 
979 435 14 17 0.032295916 
290 378 12 15 0.032274425 
379 473 13 16 0.032189004 
117 326 12 15 0.03196981 
858 307 13 16 0.03186076 
851 619 17 21 0.031859707 
989 817 22 28 0.0315434 
754 313 13 15 0.031542875 
79 489 13 17 0.031216169 
823 565 11 14 0.031202143 
644 606 95 105 0.031147284 
848 368 10 13 0.031120764 
221 409 11 15 0.030929891 
794 619 14 18 0.030924132 
830 514 24 28 0.030892553 
331 314 16 18 0.03083193 
883 812 16 19 0.03073977 
121 262 10 14 0.030690521 
743 604 27 31 0.030575873 
355 652 15 20 0.030566972 
172 422 13 16 0.030521123 
870 779 20 24 0.030339709 
44 392 14 17 0.030321985 
972 938 16 18 0.030193571 
612 228 11 14 0.030092515 
245 356 12 14 0.030011792 
18 195 9 12 0.02998451 
179 421 14 18 0.029890204 
235 444 15 18 0.029728092 
864 338 12 15 0.029482136 
807 324 13 16 0.029459395 
556 332 14 18 0.02945249 
633 381 25 33 0.029121831 
961 502 18 19 0.029111357 
435 253 11 15 0.02907211 
238 438 13 15 0.028982956 
741 245 11 14 0.028979838 
73 238 15 18 0.028800048 
260 497 14 18 0.028710376 
349 262 15 19 0.028596958 
137 255 11 14 0.028461346 
298 605 20 25 0.02836868 
788 340 14 17 0.028289396 
63 461 13 16 0.02828361 
296 585 22 24 0.028266013 
731 374 12 15 0.02820633 
770 679 25 31 0.02815422 
207 781 26 32 0.028120663 
699 371 11 14 0.028111387 
159 309 12 14 0.028019622 
270 633 13 16 0.027958402 
312 587 21 27 0.027840074 
250 783 15 20 0.027780572 
774 339 24 28 0.027761934 
823 702 22 26 0.027667878 
206 331 11 14 0.027602928 
711 429 15 19 0.02755349 
646 564 21 29 0.02752544 
868 236 11 13 0.027440378 
347 491 15 18 0.027355943 
106 589 19 25 0.027330158 
277 511 13 15 0.027317358 
87 562 18 24 0.027273085 
906 634 17 21 0.027220558 
45 983 34 45 0.027190384 
993 282 10 14 0.027150732 
271 386 13 16 0.027121115 
991 379 27 43 0.027041169 
388 397 12 15 0.02700093 
22 585 17 20 0.026997838 
887 944 20 25 0.026982747 
776 696 17 20 0.026982747 
770 297 14 18 0.026742717 
0 907 25 43 0.026671998 
883 517 27 38 0.026604913 
678 601 36 42 0.026488036 
890 452 10 12 0.02648309 
763 719 11 14 0.026422888 
917 525 16 21 0.026192434 
717 477 14 18 0.026163442 
316 465 15 19 0.026123246 
109 253 10 13 0.026077682 
401 926 34 52 0.02602118 
821 283 11 15 0.025999067 
46 637 18 23 0.025995072 
668 291 14 16 0.025963314 
86 351 10 13 0.025908558 
430 208 12 14 0.025864363 
134 513 15 18 0.025848323 
837 295 10 12 0.025838535 
220 476 17 23 0.02580174 
801 522 23 27 0.02577945 
181 1061 34 49 0.025736157 
341 403 11 13 0.025632475 
935 275 10 12 0.025609728 
687 651 37 48 0.025521353 
857 350 10 14 0.025472404 
816 227 10 14 0.025300309 
954 491 16 21 0.025284402 
300 304 13 16 0.025205681 
756 609 16 20 0.025198126 
179 439 12 15 0.025124237 
191 542 23 28 0.025100213 
887 641 36 48 0.025002357 
743 487 20 25 0.025000334 
749 443 13 17 0.024982898 
539 355 26 33 0.024870588 
227 254 11 13 0.024861159 
857 303 11 13 0.024677962 
226 893 24 31 0.02464162 
618 275 13 16 0.024612417 
877 799 15 19 0.024599046 
25 623 16 22 0.024532087 
831 302 11 14 0.024387091 
0 468 13 17 0.024364447 
876 383 11 14 0.024346905 
925 783 17 21 0.024345035 
289 611 21 27 0.024328843 
82 852 18 23 0.024311397 
805 868 14 18 0.024283683 
917 372 14 17 0.024271404 
391 657 14 18 0.02426782 
929 469 13 16 0.024248106 
365 369 15 18 0.024236485 
709 351 14 17 0.024214372 
864 275 13 16 0.024199074 
797 861 26 31 0.024194097 
216 675 14 17 0.0240737 
738 709 35 47 0.024023382 
88 324 11 14 0.023965625 
52 238 11 15 0.023961835 
877 455 11 14 0.023959102 
1011 607 13 25 0.023938948 
932 863 22 29 0.023928506 
700 292 14 17 0.023903072 
275 413 13 15 0.023863064 
843 438 14 17 0.023858758 
582 306 13 16 0.023841053 
304 683 16 21 0.023824247 
988 492 13 16 0.023804562 
268 315 12 15 0.023781646 
699 450 13 17 0.023777165 
959 607 13 17 0.023715459 
725 403 16 21 0.023695737 
768 372 14 16 0.023658182 
280 957 17 24 0.023639947 
765 468 16 21 0.023633981 
688 379 12 14 0.023617722 
23 429 14 17 0.023572518 
905 383 9 12 0.02353286 
728 378 11 13 0.023502963 
190 397 13 16 0.023497233 
809 555 14 17 0.023388099 
213 476 15 20 0.023348724 
792 276 11 12 0.023318114 
809 604 14 17 0.023296077 
270 419 12 16 0.023286577 
947 430 12 14 0.023249863 
164 482 22 28 0.023244446 
368 353 19 22 0.023216343 
927 348 13 17 0.023177298 
320 862 24 35 0.023099627 
314 789 22 27 0.023025174 
148 318 11 14 0.023021558 
380 540 14 17 0.02297554 
615 551 99 136 0.022842461 
123 502 14 19 0.022837529 
267 337 12 15 0.02282617 
117 591 20 27 0.022711238 
361 412 15 18 0.022628397 
57 626 19 24 0.022613712 
416 923 42 54 0.022498723 
377 706 19 23 0.022489995 
304 1000 25 33 0.022485707 
893 405 10 14 0.022482233 
884 710 16 20 0.02246011 
43 459 12 17 0.022447085 
97 541 23 29 0.022421135 
3 522 25 32 0.022409206 
260 655 16 21 0.02240281 
141 646 18 22 0.022356099 
754 731 24 29 0.022334145 
981 703 23 26 0.022295268 
872 809 20 25 0.022266438 
879 467 11 14 0.022202266 
175 441 13 17 0.022155946 
275 435 12 16 0.022155404 
875 422 14 18 0.022142293 
826 436 11 15 0.022115804 
51 424 14 16 0.022087432 
335 622 12 14 0.022083355 
321 347 12 16 0.02207343 
99 453 12 16 0.022057492 
840 777 14 18 0.022027643 
878 722 17 21 0.02196658 
-3 972 36 54 0.021955082 
309 703 19 26 0.021899723 
826 693 16 20 0.021892171 
855 312 14 19 0.021880198 
776 665 18 20 0.021809261 
837 638 13 17 0.021752961 
889 406 9 13 0.021748371 
835 300 11 14 0.021726089 
653 400 16 20 0.021713072 
859 386 11 15 0.021704314 
811 868 17 20 0.02166613 
798 558 16 20 0.021654561 
411 394 15 21 0.02158778 
750 352 13 18 0.021559518 
223 340 11 16 0.021530656 
110 298 10 14 0.021517832 
86 450 11 15 0.021515634 
864 777 13 17 0.021476222 
163 268 12 15 0.021466104 
429 935 41 53 0.02143054 
510 829 98 160 0.021401718 
324 352 12 16 0.021398814 
788 600 13 17 0.021392755 
651 576 53 64 0.02138273 
728 427 11 15 0.021356741 
949 573 11 15 0.021342395 
399 687 14 21 0.021340087 
285 610 17 19 0.021335647 
257 735 17 21 0.02128756 
2 941 27 34 0.021268541 
943 356 11 14 0.02119575 
518 340 24 32 0.021188945 
675 572 25 34 0.021179395 
179 286 16 19 0.021154456 
89 285 10 13 0.02114287 
834 435 20 24 0.021142328 
297 318 13 15 0.021128116 
972 822 35 47 0.021115702 
137 619 17 22 0.021090737 
169 361 16 19 0.021076247 
964 866 14 20 0.02103584 
387 673 12 16 0.02103289 
554 477 39 42 0.021027911 
883 422 11 14 0.02101486 
232 332 10 13 0.02101486 
165 313 13 16 0.021005573 
458 946 42 63 0.020991366 
7 735 47 63 0.02094244 
798 790 24 29 0.02087738 
861 474 10 13 0.020875588 
433 258 19 25 0.020852182 
221 310 10 13 0.020843329 
139 835 19 25 0.020843277 
919 421 10 13 0.020842731 
604 340 12 16 0.020830613 
53 303 11 14 0.020824078 
852 452 11 14 0.020807624 
664 304 13 17 0.020783635 
368 300 11 14 0.020778012 
381 359 13 19 0.020764526 
675 349 13 17 0.020759072 
672 554 25 31 0.020756397 
998 340 14 16 0.020728605 
875 973 24 32 0.020715315 
393 855 38 50 0.020714125 
899 445 10 13 0.020705491 
899 738 14 18 0.020697257 
164 613 25 30 0.02064425 
309 227 14 16 0.02061267 
968 499 15 18 0.020574091 
567 314 11 14 0.020566337 
87 315 11 14 0.020563925 
799 287 12 16 0.020556848 
493 422 31 40 0.020492608 
197 940 18 20 0.020442987 
316 677 16 21 0.020429922 
350 581 13 16 0.020425726 
665 432 16 19 0.02041519 
150 274 12 15 0.020346101 
402 478 15 17 0.020345911 
853 733 13 17 0.020331413 
921 637 24 27 0.02028824 
836 924 12 16 0.02028775 
390 336 13 15 0.020280331 
911 405 10 14 0.020226872 
89 373 11 13 0.02020672 
158 622 22 27 0.0201957 
111 325 12 15 0.020189125 
898 351 13 17 0.020159518 
1008 815 15 21 0.020126956 
316 473 16 20 0.020100009 
271 478 13 16 0.020080691 
263 238 12 14 0.020077359 
794 309 11 15 0.020066904 
231 477 15 18 0.020033998 
997 730 21 29 0.020007256 
