35_Basketball_basketballgame_ball_35_201
33
277 379 122 167 0.9996816 
635 386 115 144 0.9994141 
595 -1 117 138 0.99936146 
722 159 104 132 0.9992994 
505 225 103 140 0.99877924 
13 398 114 160 0.998733 
122 268 96 136 0.9979361 
934 217 82 129 0.9978315 
87 141 95 125 0.99748296 
841 -3 87 110 0.9970968 
382 158 93 123 0.99660814 
0 38 80 133 0.9888255 
512 -1 71 62 0.53651386 
696 494 105 136 0.40268922 
286 0 53 36 0.06940129 
54 1142 14 17 0.06518477 
200 844 32 43 0.055342738 
21 65 90 142 0.047569096 
201 852 18 22 0.04740668 
4 766 30 46 0.037477154 
508 -13 96 115 0.03744598 
797 4 62 89 0.034946825 
55 1118 10 13 0.033103168 
547 -10 98 118 0.030383062 
472 1 66 61 0.029116439 
963 -1 50 65 0.028705271 
230 294 93 125 0.024826253 
419 158 126 181 0.02321309 
15 770 32 46 0.022717198 
51 100 100 148 0.022217456 
32 40 61 97 0.02131466 
740 539 65 87 0.020556817 
133 1296 104 96 0.020471675 
