35_Basketball_basketballgame_ball_35_681
32
453 27 91 126 0.9984919 
695 375 55 72 0.16692218 
722 406 72 81 0.10038303 
961 444 22 25 0.08074296 
698 334 44 56 0.058766432 
928 504 17 22 0.056131635 
603 351 23 32 0.04907867 
679 369 92 112 0.038828578 
191 237 33 42 0.038308106 
717 325 22 30 0.037371546 
83 363 26 32 0.03580546 
684 355 54 70 0.03284982 
1 361 55 59 0.031328075 
236 428 27 31 0.031275906 
566 321 84 131 0.03049198 
295 237 66 83 0.030225975 
956 281 17 20 0.029284256 
585 635 43 47 0.028551193 
736 19 43 53 0.027476527 
990 488 25 41 0.026522376 
706 317 42 49 0.02637452 
109 215 32 39 0.025490077 
728 398 112 130 0.02448985 
627 318 196 198 0.023869185 
52 558 15 20 0.02325311 
285 398 27 32 0.023241537 
4 420 45 70 0.023058435 
0 368 23 39 0.022867065 
199 428 22 26 0.021822209 
803 20 20 24 0.021101432 
857 444 16 20 0.021012899 
10 449 30 39 0.020262467 
