35_Basketball_Basketball_35_791
48
768 42 82 122 0.99810034 
186 329 41 74 0.14948761 
120 253 10 12 0.10301095 
556 360 14 17 0.075574 
566 339 12 15 0.0697326 
558 280 8 10 0.050446495 
521 302 8 10 0.04284722 
516 221 10 12 0.037652068 
414 364 9 12 0.035576742 
206 272 9 12 0.03300311 
613 327 9 12 0.032360334 
62 264 9 12 0.031441607 
559 284 8 10 0.031122226 
109 271 9 12 0.03102036 
543 285 9 11 0.030927606 
433 301 11 15 0.03017584 
135 247 7 9 0.029986896 
122 321 40 60 0.02907223 
151 264 8 11 0.028952144 
516 282 9 12 0.028496139 
499 197 11 16 0.02799669 
488 310 8 10 0.027369896 
488 171 16 18 0.027165836 
573 300 9 11 0.025668228 
221 545 8 10 0.025383174 
542 303 10 13 0.02535362 
94 276 8 11 0.025312588 
113 231 8 10 0.025054706 
222 270 7 10 0.024616111 
549 215 9 12 0.024324689 
319 558 8 10 0.02391778 
574 358 8 11 0.023813475 
144 215 8 9 0.023686165 
264 238 11 13 0.023476766 
533 215 10 13 0.023310263 
745 471 40 76 0.022949507 
191 255 8 10 0.022933511 
430 360 8 11 0.02238541 
483 348 10 13 0.022285417 
607 311 8 10 0.022222282 
503 287 8 10 0.021427281 
102 255 12 13 0.021194505 
628 326 11 13 0.021011347 
216 247 9 11 0.02094687 
851 256 41 41 0.020810641 
982 734 15 16 0.020664528 
574 439 10 12 0.02032992 
255 429 10 13 0.020029005 
