35_Basketball_playingbasketball_35_674
78
373 154 60 74 0.9984061 
90 7 29 37 0.9953799 
173 16 30 38 0.99501026 
184 137 47 58 0.9948474 
17 233 33 44 0.9941162 
153 65 33 43 0.9938552 
860 260 30 37 0.9902714 
214 75 27 35 0.9864668 
289 115 30 38 0.98432577 
630 37 50 80 0.98175794 
599 277 32 40 0.97849095 
0 89 25 46 0.9664284 
563 103 28 36 0.96578395 
355 89 29 36 0.9409612 
267 84 31 38 0.9397511 
981 22 41 87 0.8822708 
602 26 22 30 0.84117454 
802 52 22 29 0.829717 
952 251 20 26 0.77974993 
453 46 23 30 0.6933158 
506 31 23 29 0.6714806 
351 10 25 33 0.6547252 
999 246 22 28 0.6473206 
407 16 29 37 0.58785176 
900 79 24 29 0.5819562 
874 165 27 33 0.47789216 
261 -1 40 33 0.40626082 
741 49 25 28 0.36663744 
551 34 26 30 0.3228502 
452 19 25 34 0.26554194 
769 103 63 90 0.24989972 
932 85 17 23 0.24168476 
784 88 25 31 0.23640738 
841 137 23 28 0.20228481 
450 24 35 53 0.17537558 
481 109 21 25 0.17150684 
980 126 19 23 0.14040047 
648 266 32 38 0.11823453 
613 26 47 71 0.11430678 
798 130 45 69 0.09219552 
578 71 27 33 0.090786375 
817 154 28 41 0.069504716 
911 288 17 28 0.061178025 
997 262 28 45 0.055424638 
623 64 28 40 0.05526234 
964 295 23 31 0.048242364 
483 140 35 41 0.043873675 
969 172 24 28 0.04347236 
820 130 42 62 0.04209742 
788 127 39 47 0.039583307 
476 105 40 46 0.036421884 
366 17 27 32 0.030469636 
873 159 44 56 0.030411782 
903 70 13 15 0.028273974 
874 143 33 44 0.028134873 
673 297 38 54 0.027366092 
486 119 38 49 0.026447713 
600 20 37 54 0.025869977 
558 133 49 60 0.025819745 
169 -1 28 24 0.025751755 
953 295 24 33 0.02530732 
171 -1 18 13 0.025211846 
125 136 37 48 0.024936045 
796 116 28 35 0.02493368 
916 291 23 28 0.024241323 
911 85 18 23 0.024171177 
357 104 46 55 0.023822218 
933 296 26 32 0.023743324 
479 35 21 28 0.023105333 
273 16 19 22 0.023098137 
733 72 89 129 0.021871096 
258 7 48 47 0.021573257 
612 323 25 33 0.021229323 
1002 316 15 21 0.020741211 
927 288 24 30 0.020479025 
255 17 26 32 0.02041661 
588 66 30 39 0.020293798 
550 94 27 36 0.02004986 
