35_Basketball_basketballgame_ball_35_689
513
317 317 15 21 0.9837329 
479 115 13 17 0.9672958 
575 92 12 15 0.9176067 
615 70 12 16 0.9053618 
294 67 12 16 0.90453345 
724 183 11 15 0.8997451 
698 18 12 16 0.89357245 
448 177 11 15 0.88541174 
807 153 14 18 0.8711833 
579 133 9 12 0.8661558 
580 62 13 17 0.86327046 
268 42 14 19 0.8529322 
616 131 11 15 0.8505664 
20 95 8 12 0.8467139 
870 127 13 17 0.837586 
414 109 9 13 0.8332077 
392 190 13 15 0.823521 
514 189 10 14 0.81906617 
689 235 12 15 0.8165985 
245 60 11 16 0.79975694 
655 71 11 14 0.7980969 
95 153 12 14 0.7947541 
344 138 10 13 0.7866615 
151 47 12 15 0.78579676 
207 254 14 16 0.7753395 
352 102 11 14 0.77426803 
666 226 12 15 0.7740665 
741 18 11 14 0.769396 
989 143 10 13 0.7677036 
436 24 10 13 0.74090695 
138 137 10 14 0.7341923 
550 92 12 14 0.70785666 
517 63 12 14 0.7049349 
552 195 11 14 0.70414525 
947 139 11 15 0.69727844 
172 1 10 12 0.67980826 
707 56 11 14 0.67916507 
394 81 8 10 0.671305 
445 82 9 13 0.665569 
652 102 13 16 0.659304 
671 367 18 21 0.65579116 
909 98 13 16 0.6515773 
29 144 11 15 0.64638174 
97 132 12 15 0.6389196 
301 9 12 15 0.6310334 
490 86 11 14 0.60289913 
420 202 12 15 0.5992492 
411 143 10 13 0.5916853 
928 166 11 16 0.5841698 
99 44 9 14 0.58321196 
61 69 9 12 0.5794195 
21 122 10 14 0.5589055 
34 63 12 16 0.5506954 
521 91 10 14 0.54428726 
123 196 10 13 0.5363435 
183 152 11 13 0.5360387 
229 2 11 12 0.53101003 
381 140 10 13 0.5110564 
937 69 11 15 0.51062006 
452 115 11 13 0.496925 
73 126 10 15 0.49001878 
68 147 12 15 0.48746568 
391 47 11 14 0.4843942 
285 131 9 12 0.48433226 
653 202 11 15 0.48336032 
83 15 12 14 0.4664846 
497 35 11 14 0.46177477 
350 16 10 13 0.44272867 
803 85 13 16 0.44128558 
7 72 8 11 0.42098907 
323 99 11 14 0.41625828 
553 216 11 14 0.4133969 
581 193 12 15 0.39614445 
120 70 9 13 0.38993898 
592 217 12 16 0.38812616 
187 30 9 13 0.3787666 
556 159 11 14 0.3743594 
487 53 9 12 0.36951825 
142 76 12 14 0.36428273 
55 99 10 13 0.35892662 
144 83 12 16 0.34919348 
649 43 10 12 0.3475809 
629 194 14 20 0.33624038 
959 189 12 16 0.3258954 
237 154 11 14 0.32442135 
82 102 10 13 0.32025772 
727 143 11 14 0.3165102 
438 143 10 13 0.31572115 
841 140 11 15 0.3146979 
396 23 8 11 0.31062165 
448 201 13 15 0.3074786 
77 42 11 13 0.29139122 
626 316 15 19 0.28611627 
940 115 10 13 0.28583878 
473 146 12 15 0.28345865 
968 36 13 17 0.28203735 
524 208 12 16 0.26775667 
144 18 10 13 0.2580519 
871 198 12 15 0.25654325 
116 21 8 11 0.24267596 
956 277 10 13 0.233818 
516 30 10 14 0.23069859 
985 108 10 14 0.23068647 
598 167 7 10 0.21661137 
47 125 12 16 0.2110145 
549 130 10 13 0.20367873 
296 99 10 12 0.20326328 
489 194 10 13 0.2029763 
883 175 10 12 0.19838318 
203 116 11 14 0.1925953 
129 53 9 13 0.18802714 
346 372 15 17 0.1880136 
458 388 16 20 0.1855307 
518 4 10 11 0.18175901 
926 9 12 15 0.17223005 
315 131 10 14 0.16848122 
462 21 11 15 0.16659069 
375 167 16 21 0.15933913 
677 24 8 10 0.15373927 
49 38 9 12 0.15206866 
509 160 9 12 0.15172887 
622 101 12 15 0.15144573 
673 44 10 14 0.14890188 
174 114 11 14 0.14706261 
773 146 10 14 0.14466803 
423 88 8 11 0.14278157 
0 86 7 14 0.14228289 
660 172 12 15 0.14166221 
612 11 11 14 0.13952804 
242 125 8 11 0.131276 
206 5 10 11 0.12616937 
311 40 10 12 0.12542886 
825 67 9 11 0.12432932 
971 41 12 16 0.120618716 
220 119 10 14 0.11955825 
542 303 41 57 0.119204 
543 40 10 13 0.11534717 
543 69 10 13 0.113320135 
288 341 14 18 0.11204695 
945 165 11 15 0.10949019 
952 20 10 12 0.10362172 
508 263 10 14 0.10238998 
426 52 9 13 0.10232619 
237 91 11 13 0.10141821 
388 116 11 14 0.0977413 
422 174 10 13 0.097265266 
600 91 10 13 0.09680078 
577 38 10 14 0.09637441 
511 103 11 16 0.09608825 
370 15 9 13 0.09476398 
568 171 9 12 0.09056225 
832 95 9 12 0.08772708 
932 38 9 14 0.08764682 
212 85 11 15 0.08636718 
677 27 11 14 0.08458045 
697 174 12 14 0.08314957 
373 79 10 13 0.08151992 
4 11 11 15 0.08080527 
333 68 10 15 0.07847632 
940 62 12 17 0.07812266 
548 252 14 16 0.07753051 
672 38 11 14 0.07736104 
505 164 9 13 0.0773571 
598 229 13 15 0.076851554 
287 60 12 14 0.07624024 
686 84 11 13 0.07547146 
894 133 11 15 0.07454055 
469 220 12 15 0.07195003 
965 30 13 16 0.06984748 
690 585 18 20 0.06945136 
434 109 8 12 0.06865768 
334 51 10 11 0.06708259 
344 178 12 15 0.066778846 
551 11 10 13 0.066441506 
506 143 9 12 0.06542722 
556 246 14 17 0.06531398 
648 198 13 16 0.06530498 
976 78 10 12 0.06526923 
342 173 11 13 0.065115236 
802 204 11 14 0.061568774 
455 29 10 12 0.061428443 
272 165 10 14 0.061301 
270 63 10 14 0.061027527 
709 220 11 13 0.06035476 
560 123 10 15 0.060289796 
480 1 10 10 0.058465 
226 50 15 20 0.058253746 
769 183 10 12 0.057193898 
647 119 9 11 0.055391032 
75 66 14 17 0.055363197 
566 60 9 12 0.05472087 
543 254 21 24 0.053222038 
269 96 10 12 0.053123586 
192 0 10 10 0.052306537 
634 444 10 12 0.052094333 
431 150 9 11 0.051867153 
927 109 9 11 0.051383615 
547 291 27 35 0.05136722 
360 54 9 12 0.051299307 
684 79 10 13 0.049284402 
170 43 9 13 0.04907675 
412 190 10 12 0.047571518 
759 288 9 12 0.0473518 
462 53 10 13 0.047226448 
574 116 10 14 0.046920832 
894 80 8 10 0.046693735 
604 91 12 14 0.046369676 
787 151 14 16 0.04624927 
640 142 12 14 0.04610322 
549 298 16 21 0.0448303 
340 167 11 12 0.0446174 
693 285 9 12 0.044116694 
725 293 9 11 0.04373589 
437 100 10 13 0.043034036 
632 189 17 21 0.042634647 
101 38 11 15 0.042408068 
665 450 10 13 0.041632615 
174 40 9 12 0.041619014 
997 21 10 12 0.04150315 
363 182 10 12 0.04123461 
204 229 9 11 0.041156583 
63 19 9 11 0.04093479 
944 15 11 12 0.0402164 
333 182 10 12 0.03988646 
908 721 14 20 0.03982417 
128 22 9 10 0.03974542 
564 246 13 16 0.039742317 
147 14 11 15 0.039299507 
598 59 10 13 0.039060596 
675 33 13 16 0.03886309 
519 133 9 11 0.038831238 
503 173 11 13 0.03871197 
912 703 29 36 0.038546827 
672 149 11 14 0.038509626 
676 327 13 15 0.03829025 
600 143 9 11 0.038210165 
183 24 11 14 0.03806851 
976 107 10 14 0.037200708 
322 86 9 12 0.03717609 
87 117 10 13 0.03688192 
943 20 12 14 0.0366328 
117 17 10 12 0.036246523 
511 78 9 12 0.036047075 
595 4 13 16 0.035980187 
343 91 11 14 0.035861008 
337 133 12 15 0.03551829 
486 3 10 12 0.0352453 
418 88 8 11 0.03482939 
958 37 11 15 0.03460131 
719 140 14 17 0.03408212 
622 158 10 13 0.033953026 
117 117 11 12 0.03376989 
439 116 10 12 0.03362916 
219 30 17 20 0.03358507 
652 14 11 13 0.033551678 
457 23 10 13 0.03346121 
572 172 11 14 0.033427693 
920 54 8 10 0.033179738 
430 156 10 12 0.032921698 
490 172 9 13 0.032781184 
902 94 11 14 0.032765705 
89 154 12 14 0.03275 
103 93 8 11 0.032640748 
386 113 9 12 0.032594167 
647 69 13 15 0.032546792 
683 307 13 17 0.032471996 
110 29 9 12 0.03242048 
680 125 10 13 0.0321454 
407 182 11 14 0.03209272 
75 49 13 17 0.032061595 
934 143 10 13 0.032002352 
126 133 9 13 0.031977523 
434 102 9 14 0.031929776 
101 70 11 13 0.0318361 
687 63 10 12 0.031486657 
582 184 12 16 0.031370297 
663 120 11 15 0.031329148 
427 46 11 14 0.03126073 
560 183 8 11 0.031170208 
359 4 9 12 0.03108492 
455 35 10 13 0.030471746 
508 145 11 15 0.030448586 
389 122 10 13 0.030307626 
896 94 10 13 0.030286737 
626 202 12 17 0.030274041 
606 42 10 13 0.030263852 
218 20 14 16 0.03023422 
629 209 12 15 0.0299905 
567 118 10 14 0.029958127 
544 181 10 13 0.02990842 
92 63 13 16 0.029788181 
501 0 12 12 0.029646335 
543 52 10 12 0.029144367 
618 165 9 12 0.029014463 
238 54 13 19 0.02898035 
85 95 11 15 0.028725466 
491 53 10 13 0.028652523 
576 112 9 12 0.028637225 
118 47 8 11 0.028574565 
266 100 9 11 0.028439451 
606 259 14 17 0.028085537 
912 39 9 12 0.028070156 
394 7 8 10 0.02792957 
89 86 10 13 0.02782414 
646 189 12 14 0.02779882 
94 119 10 12 0.02779869 
57 55 8 11 0.027757147 
417 198 11 14 0.027637767 
670 67 10 15 0.027444916 
112 46 10 12 0.027427895 
545 0 8 8 0.027354404 
555 190 12 15 0.027244536 
404 125 10 13 0.027196802 
653 249 14 20 0.027190238 
189 32 11 14 0.027177198 
686 6 11 14 0.027026111 
692 279 10 12 0.027024383 
22 78 9 11 0.026906807 
560 109 9 12 0.026856355 
265 63 9 13 0.026664572 
254 77 12 14 0.026522527 
542 74 11 14 0.026457913 
64 142 12 16 0.026401768 
369 151 9 12 0.026380096 
493 79 12 14 0.02632263 
935 133 9 13 0.026302947 
121 132 9 12 0.026126204 
470 45 12 14 0.026050352 
953 109 8 10 0.02601686 
523 217 12 15 0.025964512 
84 105 12 15 0.025949854 
659 74 11 14 0.025810594 
487 140 11 14 0.02578227 
72 60 13 16 0.025753273 
143 27 10 13 0.025673617 
949 91 9 13 0.025673032 
772 187 10 12 0.025585169 
105 31 8 11 0.025519816 
579 42 11 14 0.025514057 
967 84 12 16 0.025508188 
89 133 10 12 0.025480324 
209 247 15 19 0.02546428 
543 211 10 14 0.025422087 
137 15 9 11 0.025325485 
332 187 10 13 0.025138723 
56 62 10 13 0.025130503 
951 37 10 14 0.025096694 
947 27 13 17 0.02509107 
566 180 9 13 0.025011554 
335 125 9 12 0.024990188 
300 164 13 16 0.024939418 
624 28 10 12 0.024909625 
438 197 11 15 0.024908766 
711 0 9 8 0.024893416 
115 95 12 14 0.02488886 
366 70 10 13 0.024846518 
648 106 12 14 0.024818383 
430 38 10 13 0.024813836 
189 24 10 15 0.024755716 
773 155 10 14 0.02468034 
150 127 10 13 0.024655502 
777 0 10 11 0.024598908 
160 68 10 14 0.024564568 
196 85 11 15 0.02450646 
103 6 10 12 0.024504753 
288 86 10 13 0.024466654 
523 85 11 16 0.024456618 
122 2 13 15 0.024416685 
721 222 10 13 0.02438083 
878 86 9 11 0.024342982 
957 65 14 19 0.02423207 
68 92 11 14 0.02415319 
956 17 10 12 0.02405877 
374 6 11 15 0.024049658 
366 173 10 15 0.024044724 
482 53 9 12 0.02399776 
383 62 10 13 0.023887604 
753 5 9 11 0.023864234 
176 166 12 16 0.023805419 
895 47 8 11 0.023798877 
917 38 10 13 0.023719434 
13 37 11 14 0.023689603 
592 47 9 12 0.023683384 
592 53 10 13 0.02368119 
677 196 11 14 0.023595273 
718 13 11 15 0.023586607 
50 100 10 12 0.023528744 
653 5 13 14 0.023516117 
825 93 10 12 0.023502218 
2 17 10 17 0.023455132 
160 131 11 14 0.023437362 
586 59 12 17 0.02342948 
127 127 9 12 0.02342611 
352 73 11 15 0.02340394 
42 126 10 14 0.02336131 
102 12 9 11 0.023342159 
919 125 10 15 0.023309331 
566 206 11 13 0.023260985 
337 171 11 14 0.023192009 
234 87 10 13 0.023146769 
104 -1 8 8 0.023093943 
94 86 11 13 0.023089314 
828 62 10 14 0.023040174 
118 123 12 16 0.022991613 
616 101 12 14 0.02293347 
181 0 11 11 0.02286412 
576 205 9 13 0.022817926 
462 15 9 13 0.022801794 
545 197 10 13 0.022778613 
639 68 12 15 0.022720685 
565 306 30 35 0.022715595 
147 88 11 15 0.022674317 
46 139 11 15 0.022548556 
720 212 11 13 0.022547623 
209 3 13 15 0.02243687 
604 99 12 14 0.022429269 
511 183 12 16 0.022420434 
354 13 11 14 0.022369416 
983 145 13 14 0.022365903 
615 38 9 11 0.022357615 
855 291 14 17 0.022354132 
687 190 10 13 0.0222737 
70 99 10 13 0.022258066 
222 42 16 20 0.022223497 
528 46 8 10 0.022194471 
353 54 8 11 0.022148468 
276 145 11 14 0.02213389 
539 68 9 13 0.02206781 
887 72 8 10 0.022056831 
639 246 11 14 0.021985063 
510 84 9 13 0.021968583 
76 149 11 14 0.021948235 
96 93 9 11 0.021901056 
350 95 11 14 0.02186158 
513 67 10 13 0.021827782 
550 0 8 8 0.021769818 
280 61 10 13 0.021730563 
604 115 12 15 0.021698147 
424 158 8 11 0.021671936 
381 6 10 13 0.021614697 
547 43 10 14 0.021575982 
527 79 8 12 0.02153315 
933 31 11 16 0.021532396 
602 233 13 15 0.021502499 
854 157 9 11 0.02148877 
429 221 12 16 0.02144347 
656 166 12 16 0.021413874 
277 111 10 13 0.021350147 
226 28 14 17 0.02133058 
272 142 11 15 0.021317186 
649 21 9 12 0.021306375 
566 260 11 14 0.02129959 
665 173 12 15 0.021285823 
111 51 11 14 0.0212598 
618 61 13 17 0.0212265 
509 15 9 12 0.021206358 
694 211 10 13 0.021202536 
213 0 10 11 0.0211763 
615 158 10 13 0.021170912 
469 51 10 13 0.02109846 
640 117 10 13 0.021091634 
351 36 9 13 0.021054497 
592 29 8 11 0.021010544 
608 174 8 11 0.020972729 
970 101 11 14 0.02096755 
529 21 10 12 0.020938367 
709 226 11 14 0.020927718 
60 94 12 15 0.020909894 
645 5 14 15 0.020880487 
590 226 15 17 0.020877635 
519 144 13 18 0.020856125 
159 104 10 14 0.020852454 
678 102 14 16 0.02080573 
370 84 9 12 0.020804962 
680 369 14 17 0.020798283 
609 7 12 14 0.020791594 
460 109 11 15 0.020777501 
889 77 8 11 0.020745307 
960 30 10 14 0.020740801 
726 5 11 12 0.020720417 
399 92 10 13 0.020690758 
635 320 12 17 0.02063181 
420 167 12 15 0.020629056 
869 192 11 13 0.020628186 
792 228 11 15 0.020616248 
135 20 9 12 0.020614948 
431 70 10 13 0.020608798 
307 362 15 17 0.02057983 
967 227 10 12 0.020557404 
799 155 13 16 0.020550964 
360 186 12 14 0.020480769 
943 28 11 17 0.020472178 
101 87 11 14 0.020464871 
591 23 9 12 0.02045764 
533 21 11 13 0.020447519 
937 272 10 12 0.020411419 
103 100 9 12 0.020390287 
567 1 10 9 0.02037634 
440 53 9 11 0.02036064 
159 13 9 12 0.020354528 
385 138 13 17 0.020349946 
628 106 11 14 0.020336196 
791 5 9 11 0.02026692 
511 1 11 12 0.020247018 
959 110 7 10 0.020235443 
404 163 11 14 0.020227192 
582 23 9 11 0.020215299 
16 78 9 12 0.020203343 
563 29 12 15 0.020110838 
288 91 12 16 0.020091774 
941 211 9 13 0.020053536 
358 70 11 14 0.020036077 
659 5 11 12 0.02000411 
