35_Basketball_Basketball_35_449
90
80 410 11 16 0.9114383 
491 243 22 28 0.8726855 
290 389 9 14 0.76903194 
858 397 9 12 0.56132835 
907 417 8 10 0.20298047 
851 437 8 12 0.16360602 
890 427 10 14 0.11862243 
804 473 11 16 0.118543744 
677 378 11 14 0.11781877 
740 470 9 12 0.097313635 
431 449 14 19 0.08713687 
766 460 9 12 0.079603136 
560 451 13 15 0.0773099 
110 440 8 11 0.07043552 
930 438 8 11 0.070258096 
563 422 8 11 0.0701005 
245 400 11 13 0.06705981 
982 408 11 13 0.0658873 
783 447 8 11 0.061914418 
834 452 9 13 0.060601436 
110 384 7 9 0.05716394 
374 423 10 13 0.055535547 
759 475 10 12 0.049754314 
957 456 8 10 0.04858066 
687 359 9 12 0.04746951 
334 468 10 13 0.046869084 
261 453 8 10 0.045099013 
433 448 21 25 0.044671196 
104 401 8 9 0.041479398 
219 292 10 14 0.039592814 
285 414 9 12 0.03824294 
512 480 9 11 0.03519423 
823 478 9 12 0.034868594 
892 423 9 12 0.03478135 
161 387 8 11 0.03425508 
97 432 8 9 0.031749234 
111 444 8 10 0.031465665 
837 448 9 11 0.03061595 
684 389 13 19 0.03034859 
374 444 10 12 0.03003706 
234 388 10 13 0.029769732 
485 443 11 12 0.028607015 
150 441 8 10 0.028449114 
762 461 8 11 0.02840963 
414 424 7 10 0.028131189 
443 454 17 22 0.028052093 
368 422 11 14 0.027983708 
421 493 9 12 0.027881103 
478 486 8 11 0.02774452 
241 446 9 12 0.027687639 
120 423 9 11 0.026809463 
56 438 11 13 0.026805375 
154 422 9 11 0.026680825 
139 383 7 10 0.02660107 
77 438 16 20 0.026534311 
561 429 9 11 0.026509695 
367 393 27 36 0.02645575 
141 452 9 11 0.025691671 
708 493 11 14 0.025393752 
389 493 10 13 0.025345137 
334 475 10 13 0.025219113 
44 450 15 18 0.024366405 
676 392 16 21 0.024091272 
106 438 8 11 0.023729881 
118 428 9 11 0.023544854 
341 463 10 13 0.023527259 
272 392 7 10 0.023428362 
200 409 7 9 0.023050606 
799 493 8 11 0.022837985 
142 422 8 11 0.022556698 
880 412 9 11 0.022550743 
773 493 10 13 0.022324417 
667 393 22 27 0.021875981 
778 447 9 11 0.021716334 
257 448 10 13 0.02158057 
70 423 9 12 0.021396648 
263 423 10 12 0.02134918 
968 430 10 13 0.021254582 
97 399 8 11 0.021157924 
302 403 11 14 0.021000965 
25 398 8 9 0.02075956 
71 442 12 16 0.020705706 
257 422 10 11 0.020551626 
433 492 9 11 0.020454926 
463 471 9 11 0.02030706 
144 407 8 9 0.020297265 
327 465 12 17 0.020289967 
496 496 8 10 0.020248054 
783 471 9 11 0.02020038 
319 405 10 13 0.02016829 
