35_Basketball_Basketball_35_185
43
295 436 54 65 0.9972589 
717 472 55 84 0.9713887 
607 720 21 27 0.96599704 
456 637 50 57 0.86571723 
1011 638 12 18 0.13546388 
549 749 27 40 0.13161471 
559 747 12 15 0.110161714 
610 791 27 28 0.0731849 
647 519 21 28 0.04696569 
677 441 28 29 0.040397387 
135 683 9 12 0.038297188 
991 766 32 50 0.035749182 
581 654 14 22 0.03410167 
159 685 7 9 0.033760138 
647 715 21 27 0.03351088 
571 827 13 17 0.031243378 
30 607 8 11 0.029932013 
550 721 14 18 0.029490605 
55 813 13 18 0.02869639 
605 653 14 19 0.026798764 
972 702 28 36 0.02516394 
362 243 381 490 0.024985392 
665 445 46 52 0.024354614 
1003 619 13 17 0.023793079 
459 599 9 11 0.023740035 
21 729 8 9 0.02247385 
941 0 69 62 0.022288585 
990 734 12 17 0.022141216 
526 698 15 19 0.022122847 
754 492 35 51 0.021762086 
628 724 14 18 0.021588536 
1 606 7 12 0.021534694 
595 764 15 19 0.021418614 
421 723 25 29 0.02096447 
585 734 17 21 0.020955414 
1013 607 9 12 0.020850847 
637 738 10 13 0.020716982 
907 -18 112 149 0.02064356 
70 711 7 10 0.020403462 
917 738 11 13 0.020349676 
95 822 10 12 0.020241939 
634 521 29 34 0.020224227 
1007 678 10 13 0.02001204 
