35_Basketball_basketballgame_ball_35_197
35
801 13 53 71 0.99941826 
44 98 64 75 0.99911267 
258 182 63 81 0.99876475 
243 102 67 78 0.9985392 
629 154 58 77 0.99809355 
719 207 67 93 0.9977392 
447 162 60 70 0.99734926 
822 272 66 73 0.99519277 
23 37 55 70 0.9563407 
700 167 48 64 0.9526608 
1 -1 49 44 0.77491623 
345 37 30 33 0.34326547 
703 182 63 82 0.18863523 
328 64 49 60 0.12037416 
27 62 63 75 0.11859176 
330 41 49 58 0.08267553 
341 69 62 74 0.078943186 
647 537 82 98 0.06402948 
361 5 14 15 0.05802001 
447 0 20 17 0.052743077 
320 48 96 122 0.04442714 
35 5 51 59 0.039684825 
42 1 37 35 0.03660094 
467 2 28 21 0.03347583 
985 156 36 60 0.031283684 
993 3 31 43 0.025007455 
926 10 31 35 0.023983754 
937 669 59 53 0.023870533 
366 522 147 165 0.023814954 
364 85 30 41 0.022162244 
933 567 31 40 0.021700952 
805 101 38 57 0.021143274 
286 185 53 68 0.020958075 
660 407 33 54 0.020833459 
300 0 47 35 0.020617722 
