35_Basketball_playingbasketball_35_782
32
509 328 104 131 0.99933773 
216 580 96 120 0.99923813 
761 0 68 73 0.9989293 
284 48 66 86 0.99802315 
113 10 67 90 0.9973003 
229 4 58 81 0.9971962 
461 73 70 92 0.9951415 
108 339 81 108 0.99478394 
926 410 77 101 0.9924056 
424 29 56 83 0.9897657 
527 274 78 87 0.8898523 
390 8 57 76 0.18305945 
592 0 52 55 0.11391434 
248 16 66 92 0.09992376 
320 0 17 15 0.08303466 
861 224 118 142 0.055171788 
212 557 424 444 0.04909242 
433 48 72 100 0.04521164 
640 12 26 36 0.04311551 
557 629 11 15 0.041808844 
121 930 114 95 0.034757003 
65 567 49 83 0.033235338 
367 9 55 71 0.03163612 
313 0 31 31 0.031330675 
12 344 42 70 0.028726723 
224 255 146 141 0.028174639 
667 0 17 13 0.023958968 
29 352 41 61 0.022591406 
643 4 45 46 0.022540996 
423 63 35 48 0.021815244 
196 203 228 232 0.020930247 
323 7 33 33 0.020602481 
