35_Basketball_playingbasketball_35_195
73
460 391 16 19 0.96990675 
112 406 9 12 0.959908 
972 389 13 17 0.91362524 
504 385 12 16 0.89443594 
49 401 10 12 0.8395257 
739 398 9 13 0.7245614 
157 406 9 12 0.71094877 
205 270 18 31 0.70163965 
303 401 11 14 0.68691057 
432 402 9 12 0.59512025 
581 382 15 21 0.49976256 
134 414 10 13 0.43737483 
537 403 10 13 0.4230994 
1011 397 10 15 0.32300818 
772 404 8 11 0.15512522 
710 398 9 11 0.12672092 
968 393 13 16 0.09980519 
487 419 11 15 0.08792616 
188 286 26 25 0.078122415 
558 398 10 13 0.061221562 
249 405 10 13 0.05142334 
666 393 8 10 0.050733488 
392 432 8 10 0.050414212 
680 404 9 11 0.049531016 
349 399 8 10 0.047330473 
473 411 11 15 0.045426704 
407 407 9 12 0.045112778 
547 453 13 16 0.043015365 
106 405 11 14 0.04265877 
239 221 11 14 0.04103775 
996 436 11 13 0.04098876 
629 459 9 12 0.04079432 
0 423 6 11 0.038021404 
943 421 10 12 0.037956826 
38 427 14 15 0.035614926 
390 435 9 12 0.03528256 
410 429 8 11 0.035125878 
152 400 11 14 0.034866203 
286 432 9 11 0.034482177 
362 400 8 9 0.03407106 
434 496 8 11 0.03324861 
182 279 15 22 0.03290796 
396 471 423 489 0.032737914 
367 419 9 12 0.031457584 
661 470 9 12 0.028953576 
527 430 9 12 0.028604561 
414 409 7 9 0.027754666 
426 404 9 11 0.027454913 
567 381 10 14 0.027088482 
669 396 9 11 0.027044777 
672 485 10 12 0.026344562 
966 402 11 15 0.026306381 
805 257 18 22 0.026141532 
745 421 10 13 0.025499571 
1008 392 11 16 0.025252681 
835 219 42 56 0.025200265 
972 398 14 17 0.024744712 
997 235 22 31 0.024543326 
494 478 9 12 0.024051948 
561 392 8 10 0.023573494 
652 445 12 16 0.022794997 
707 439 11 13 0.022328451 
407 399 9 11 0.022284944 
158 501 11 15 0.02204065 
543 421 9 11 0.021697054 
215 270 18 30 0.021483222 
811 187 12 15 0.021414047 
521 414 9 11 0.021389095 
520 379 11 14 0.021286733 
654 412 10 14 0.021248959 
944 405 9 10 0.020253414 
710 403 10 11 0.020212097 
759 398 9 11 0.02007554 
