3.574723922132705400e+00
2.730282286586968699e+00
2.296310074396014755e+00
2.005433122934021650e+00
1.871611275287888843e+00
1.740432242105095950e+00
1.639752113347098028e+00
1.577717212555201254e+00
1.522770968514569834e+00
1.453206374523987598e+00
inf
1.388196940099970966e+00
1.350392213796976826e+00
1.323115896595560947e+00
1.290442255574353769e+00
1.267391393458621174e+00
1.242948347760468586e+00
1.229089077307570887e+00
1.169289409466411689e+00
1.166279786839063082e+00
1.161862057581636520e+00
1.145884194127891442e+00
1.147421317464261348e+00
1.129411896517187985e+00
1.134050888744015051e+00
1.118618634870703898e+00
1.121769732477502002e+00
1.116712951974839108e+00
1.116660955367806629e+00
1.108172907476654645e+00
1.111877866089344025e+00
1.102384790060868092e+00
1.088395453457321471e+00
1.095770658959883237e+00
1.082086107629981919e+00
1.085770376119184144e+00
1.094809884529398758e+00
1.086134809965950465e+00
1.093656661694649479e+00
1.089874434174958218e+00
1.090027039812773602e+00
1.093937839757396668e+00
1.086173535503956122e+00
1.083655418284376282e+00
1.085592408496770744e+00
1.078080215416154397e+00
1.088066722781206419e+00
1.082753716441600123e+00
1.085682074938501662e+00
1.085960928836594563e+00
1.077526518739528427e+00
1.084377987668936338e+00
1.089838973946452905e+00
1.078974582972178631e+00
1.088054027824853609e+00
1.093508083650969631e+00
1.081535878203670364e+00
1.080941505059137109e+00
1.083420983290079853e+00
1.075299822279940587e+00
1.086551753271903342e+00
1.075964529391216118e+00
1.083428075062747409e+00
1.087200339478643141e+00
1.079565035537903395e+00
1.085785798404527824e+00
1.090258020560563645e+00
1.091784948182309645e+00
1.087808888590668932e+00
inf
1.085526425414574003e+00
inf
1.094903335692534618e+00
1.087272766399087320e+00
1.085974621777393789e+00
1.085885672442476135e+00
1.094996228490186851e+00
1.076889500993749360e+00
1.083205379036642713e+00
1.077431374015460186e+00
1.083877402849449112e+00
1.082114265525933483e+00
1.091582732032174707e+00
1.079245631901188718e+00
1.081757515923391866e+00
1.076602284536228415e+00
1.080890377763635612e+00
1.083414724108225036e+00
1.080052637975223329e+00
1.077200273850134504e+00
1.076676907700411245e+00
1.086138155079961587e+00
1.088334921284677126e+00
1.082393333362126286e+00
1.089905813475203100e+00
1.079773364831571936e+00
1.083266282049210272e+00
1.082244789586489286e+00
1.074704860840339782e+00
1.082823248013206063e+00
