1.004030978753700083e+02
9.331920254748800403e+01
8.943595850097466382e+01
8.672017634729421331e+01
8.518405792876059479e+01
8.376301607878312439e+01
8.259995017436720843e+01
8.161301028802527924e+01
8.084343680387698328e+01
7.984383921297440168e+01
inf
7.850153891640420056e+01
7.776047634930344543e+01
7.714349970610246032e+01
7.643137580563562494e+01
7.585629985643470263e+01
7.520265508734661353e+01
7.471159446905858204e+01
7.405946361944542389e+01
7.390030185036037835e+01
7.381650368471323986e+01
7.363143631834421399e+01
7.354023666263367431e+01
7.334660189492362292e+01
7.329967588223286157e+01
7.310634629622749969e+01
7.306388307654339087e+01
7.296209000060277106e+01
7.275988351336177118e+01
7.270213335641422248e+01
7.262702713249632325e+01
7.247264058841682299e+01
7.237578971341530121e+01
7.232426848915052631e+01
7.225792410951223133e+01
7.228898961795783862e+01
7.223501733223103827e+01
7.222746866830387091e+01
7.226674691786676874e+01
7.224588169074206689e+01
7.221130067221126581e+01
7.226569807751577912e+01
7.220352172851562500e+01
7.215549538298422760e+01
7.220404292041470740e+01
7.215793776067887677e+01
7.219513685214593579e+01
7.214727484069256036e+01
7.219767982767235992e+01
7.223469341467625782e+01
7.213546980982241053e+01
7.218486513410296368e+01
7.219383210721223065e+01
7.213153800016604578e+01
7.219070886529010522e+01
7.219093964855123602e+01
7.218790478439804303e+01
7.215633862655354847e+01
7.219727956878472241e+01
7.213239335717621259e+01
7.219103424593528473e+01
7.211798985996601630e+01
7.212459718810845288e+01
7.218524489787795062e+01
7.217594087494086352e+01
7.221674704107438458e+01
7.219765993675089533e+01
7.218171278438212823e+01
7.220207398574544300e+01
inf
7.217516564434359339e+01
inf
7.225486391079351733e+01
7.219226619767846387e+01
7.216650413726426905e+01
7.218451428857649432e+01
7.219223953033827001e+01
7.216241190892569080e+01
7.218172378421570556e+01
7.212999487219390460e+01
7.218039233047770153e+01
7.216623983323944458e+01
7.221548932235432972e+01
7.213334009514092315e+01
7.217905814010904919e+01
7.213213632121589569e+01
7.215869497216266382e+01
7.218640500418148065e+01
7.215270904280383490e+01
7.212605616764992078e+01
7.211083095858556646e+01
7.219135705580622187e+01
7.222028317658796936e+01
7.214315582062147314e+01
7.218742857512479816e+01
7.214700124870915943e+01
7.214895555839775909e+01
7.215854560070155799e+01
7.214453842921287219e+01
7.214446291716203064e+01
