1.039433306922083311e+01
5.507839909621647045e+00
4.421834837612898639e+00
3.771482593080271783e+00
3.356930242932361086e+00
3.124705818128882040e+00
2.999944727576297154e+00
2.807359905161472380e+00
2.705987791837372480e+00
2.490538990164395283e+00
2.438211593254012488e+00
2.343692207188339705e+00
2.293591789336678399e+00
2.196227794774570974e+00
2.139054552498071082e+00
2.088482420470403778e+00
2.028617407686962082e+00
2.013971776529128288e+00
1.910296277988771552e+00
1.939412029726164777e+00
1.870965597218608334e+00
1.805670753047333044e+00
1.764830493019974744e+00
1.762387614535248836e+00
1.689478057123118937e+00
1.681945118789347049e+00
1.683745165826370904e+00
1.677669206872489882e+00
1.640804383269748312e+00
1.591786683623835241e+00
1.615989606572974635e+00
1.533984380386630875e+00
1.520844597105654117e+00
1.524140161831186502e+00
1.538415419111340610e+00
1.512869426848725496e+00
1.465534559780766521e+00
1.437826826946335457e+00
1.435258356643759781e+00
1.413265249836518800e+00
1.446852020447298548e+00
1.428639804650537748e+00
1.373834641379599208e+00
1.374563588248276513e+00
1.347715822250946660e+00
1.328201160760399624e+00
1.362487419218010087e+00
1.338531850556038849e+00
1.332418187527182774e+00
1.273156699121738900e+00
1.284180064601187388e+00
1.302771610345529574e+00
1.286439326849783349e+00
1.268400095162554475e+00
1.267445423884421496e+00
1.261150361264344433e+00
1.247711968097997781e+00
1.275571234764889983e+00
1.262509144842624664e+00
1.233037231723714378e+00
1.208740911822511643e+00
1.225033014087203220e+00
1.218613608718288610e+00
1.193851234657423932e+00
1.169926805988602103e+00
1.178213757109938253e+00
1.229231070250457858e+00
1.189274770882188914e+00
1.194951104183004542e+00
1.231092268432149250e+00
