1.879853940632032305e+01
1.126778205640567698e+01
9.477713994802154929e+00
8.370530044514200796e+00
7.659308816187129665e+00
7.244843671632849258e+00
7.008691582176256318e+00
6.660523701158369114e+00
6.470233030867132307e+00
6.113379922564726066e+00
5.985206747203140054e+00
5.833257154426219060e+00
5.709371218844229823e+00
5.550147482178966030e+00
5.438917473532398184e+00
5.330354826494773768e+00
inf
5.177208469595227847e+00
5.062642670788379817e+00
5.024503437110356074e+00
4.901420105688320206e+00
4.815383335522242625e+00
4.734016571133773610e+00
4.719015769262491666e+00
4.586296320924107661e+00
4.576706317048635952e+00
4.561750676320946774e+00
4.537497991952837317e+00
4.495489813896440090e+00
4.409472124398865489e+00
4.416899584761317499e+00
4.271939510144061813e+00
4.264299589506587829e+00
4.268505371801601278e+00
4.260656681045982275e+00
4.231034159290124386e+00
4.163877434019716439e+00
4.118130996582671344e+00
4.092453965192996534e+00
4.047816479576300530e+00
4.086052139279265027e+00
4.048430883218042453e+00
4.002226154700569083e+00
3.980411496665907212e+00
3.917818937464530471e+00
3.888982604897540440e+00
3.946033361461592115e+00
3.877306551888862973e+00
3.871246118427063454e+00
3.799926931739594060e+00
3.787254845725823493e+00
3.816326467294870906e+00
3.794946624292349746e+00
3.750416274914830428e+00
3.767525719707796927e+00
3.730964846936812407e+00
3.711209400544255299e+00
3.747672761004904096e+00
3.737124492885163018e+00
3.690311144819911071e+00
3.629722394632256766e+00
3.645122344523483271e+00
3.620850416296017116e+00
3.607670530621309268e+00
3.570551182172313265e+00
3.552840220928191961e+00
3.658770778904790522e+00
3.609304853625919574e+00
3.591335657294492556e+00
3.645723784858395433e+00
3.267758799117544299e+00
3.197217497544258880e+00
3.144434826936781224e+00
3.094106970292440639e+00
3.090673577489319701e+00
3.100214293321467363e+00
3.076737607376915928e+00
3.048712163089965621e+00
3.032956661941101917e+00
3.068807390609883168e+00
3.013884261454114366e+00
3.043402350467184103e+00
3.031672801993648303e+00
2.960643328383842476e+00
3.023861449031355786e+00
2.988391201059270141e+00
2.968772369734248961e+00
3.003342445925896165e+00
2.976513657843844474e+00
2.976369937828609036e+00
