24_Soldier_Firing_Soldier_Firing_24_540
34
158 695 94 111 0.99715483 
437 656 92 105 0.8890679 
260 1166 42 48 0.20175175 
295 926 40 41 0.19527532 
298 1100 31 42 0.17444162 
125 680 92 116 0.143486 
745 1058 24 28 0.079036295 
566 1107 33 40 0.072505094 
533 1228 97 113 0.057757065 
86 1151 99 112 0.050188106 
100 643 124 107 0.04211505 
77 665 106 122 0.039742608 
304 1101 12 15 0.039169483 
112 643 82 59 0.030538779 
251 1084 94 92 0.027331773 
748 1054 17 19 0.026307534 
463 597 62 55 0.026198905 
421 667 68 82 0.026153212 
286 897 51 62 0.025867773 
42 799 108 112 0.024480866 
399 1012 12 16 0.024367124 
620 702 34 53 0.023962822 
29 1455 67 67 0.022842892 
285 1082 54 65 0.022646831 
168 648 29 28 0.022622049 
394 997 27 34 0.022378724 
571 1090 52 66 0.021893404 
90 728 65 82 0.021874482 
417 676 35 52 0.02094735 
452 1177 33 36 0.020771531 
474 665 39 42 0.020756241 
645 1450 32 40 0.02043322 
353 918 32 34 0.02023194 
567 1234 135 111 0.020200683 
