24_Soldier_Firing_Soldier_Firing_24_601
47
85 313 31 36 0.9983621 
738 322 34 40 0.99810565 
859 301 35 39 0.9980064 
474 305 31 37 0.9978927 
295 321 30 34 0.996815 
177 324 31 36 0.99546295 
393 308 30 37 0.99507457 
595 306 40 41 0.97328746 
980 293 13 17 0.90311044 
25 329 14 18 0.75213027 
983 338 13 15 0.4771794 
310 287 31 38 0.46234754 
100 478 17 22 0.15794607 
62 320 23 31 0.11863698 
453 453 19 26 0.10322319 
2 337 9 15 0.0984888 
908 324 14 18 0.08221832 
986 333 14 17 0.076117046 
828 323 25 31 0.06859858 
298 300 35 45 0.05838861 
238 495 18 22 0.05805932 
501 477 15 22 0.03877262 
1007 343 8 11 0.03835666 
627 288 33 40 0.038252708 
345 45 466 568 0.0380158 
972 337 12 16 0.035155922 
379 314 26 32 0.034962773 
536 509 603 362 0.03485856 
412 284 30 39 0.032114793 
367 479 10 13 0.027471522 
996 331 12 15 0.026787225 
33 483 17 21 0.02643784 
397 358 27 36 0.026279908 
833 311 28 36 0.026206054 
237 86 10 13 0.025747633 
542 474 18 21 0.024760759 
981 322 21 27 0.024709458 
529 185 497 483 0.023939598 
589 270 16 21 0.022651961 
524 455 18 21 0.021956803 
0 343 10 21 0.0219401 
971 319 45 68 0.021769887 
682 511 15 20 0.02134942 
222 302 27 38 0.021276554 
101 486 20 22 0.021020526 
836 71 12 14 0.020606073 
486 447 11 13 0.020283619 
