24_Soldier_Firing_Soldier_Firing_24_931
24
496 102 67 75 0.99712163 
364 67 24 27 0.9406887 
729 59 24 25 0.78797716 
254 51 26 29 0.5724443 
433 61 22 25 0.39955187 
639 151 63 89 0.36367124 
838 111 10 12 0.33688787 
876 109 10 13 0.17669001 
424 58 22 31 0.14688107 
916 94 12 15 0.12235525 
440 63 26 32 0.063028574 
442 55 17 21 0.06205884 
629 201 52 73 0.048138693 
913 99 12 14 0.040554438 
903 108 10 13 0.03545705 
643 104 94 118 0.032574493 
651 176 38 59 0.03141958 
831 115 11 14 0.026473898 
743 59 18 20 0.021857388 
523 90 59 76 0.021057671 
725 52 15 23 0.020941067 
872 115 11 14 0.020870717 
910 96 20 24 0.020712808 
907 108 13 15 0.020469276 
