24_Soldier_Firing_Soldier_Firing_24_691
48
271 308 30 34 0.9991653 
293 277 27 31 0.99889225 
776 320 31 36 0.9979964 
879 453 31 43 0.99288154 
418 338 27 32 0.9921577 
819 300 25 28 0.99192363 
239 216 23 28 0.9911272 
667 317 25 28 0.98914707 
265 269 25 29 0.98861444 
622 304 24 29 0.9856167 
96 110 37 61 0.9824555 
562 326 24 27 0.9816574 
365 304 23 26 0.9785054 
741 296 26 30 0.97637296 
547 271 21 25 0.976187 
505 311 24 29 0.96165854 
957 303 19 21 0.9607834 
411 247 22 25 0.95702255 
821 379 37 46 0.9510031 
441 311 21 24 0.932531 
580 268 20 21 0.8984641 
803 368 24 33 0.7243344 
878 328 28 32 0.4166207 
459 345 20 26 0.17336981 
810 369 33 41 0.16743733 
725 307 15 19 0.16226417 
395 322 11 16 0.1263895 
581 280 16 21 0.12031726 
207 175 23 27 0.106218725 
877 358 15 22 0.07769266 
728 303 23 29 0.07629752 
877 342 26 36 0.071478985 
344 326 406 533 0.046705674 
746 341 22 36 0.043350164 
809 301 23 28 0.03954326 
596 312 21 28 0.036254838 
650 313 15 20 0.03271185 
450 349 20 23 0.032558765 
359 296 36 45 0.032373924 
133 279 389 587 0.030280754 
585 343 18 23 0.028446272 
723 411 9 13 0.027118929 
942 348 22 27 0.027083738 
429 317 25 31 0.027061036 
887 340 20 24 0.025436029 
917 319 19 27 0.024485793 
551 319 40 52 0.021390667 
143 132 43 51 0.020938804 
