24_Soldier_Firing_Soldier_Firing_24_633
33
0 270 27 51 0.95605016 
875 392 44 65 0.9439936 
429 446 59 75 0.23015638 
373 484 60 80 0.1570779 
771 398 39 42 0.10437491 
483 394 46 51 0.06628399 
390 453 80 96 0.065195546 
109 21 10 13 0.065070614 
335 117 42 53 0.050419778 
782 131 27 34 0.046527725 
469 441 31 50 0.045349374 
811 440 14 17 0.044385355 
151 1 9 9 0.042767167 
768 387 32 35 0.040991373 
326 17 12 16 0.037202783 
799 2 10 9 0.033101067 
493 46 10 13 0.031659484 
755 603 16 18 0.03010819 
850 404 52 72 0.029721417 
192 97 23 27 0.028722107 
837 46 9 12 0.027446777 
962 947 59 67 0.026853042 
853 689 11 16 0.026536848 
996 105 13 16 0.02648684 
793 409 19 24 0.024939895 
906 402 36 43 0.024684383 
382 506 71 84 0.024633517 
833 416 48 66 0.024499534 
277 2 10 10 0.02322882 
610 622 61 71 0.02141098 
430 826 17 21 0.020746991 
850 5 10 10 0.020606775 
412 454 44 51 0.020435043 
