24_Soldier_Firing_Soldier_Firing_24_15
45
489 218 128 148 0.9981294 
731 263 24 29 0.4567819 
321 926 48 70 0.32167518 
819 974 26 37 0.1778949 
425 1329 232 230 0.12711826 
742 265 18 22 0.12472318 
758 1137 37 47 0.10244808 
652 421 144 124 0.08927637 
-9 1272 131 199 0.0695173 
202 507 19 24 0.0638484 
461 378 56 72 0.057022378 
-26 552 503 559 0.055361755 
395 404 116 135 0.054720126 
925 982 28 47 0.047134746 
793 1006 32 47 0.045172174 
353 520 268 264 0.044245433 
676 1117 123 149 0.037783783 
603 1223 28 36 0.037420362 
347 935 40 57 0.034784038 
645 1016 440 417 0.034388542 
463 965 23 25 0.0328272 
373 941 22 30 0.032158695 
197 1086 471 424 0.03088921 
-57 867 402 474 0.030639946 
604 449 16 21 0.03027411 
526 1240 27 33 0.029996835 
295 892 81 113 0.028267473 
433 382 88 114 0.02787544 
601 1178 20 29 0.02776362 
350 381 196 220 0.026907118 
973 662 16 18 0.02680246 
733 1110 222 251 0.024213271 
316 562 24 31 0.024183467 
713 1062 97 123 0.023811325 
810 956 33 38 0.023458408 
365 947 27 38 0.023233883 
668 1021 108 108 0.023082167 
684 427 83 83 0.022577109 
473 608 224 276 0.022560455 
304 1225 483 392 0.022450093 
196 437 351 424 0.021746552 
793 970 51 62 0.021562481 
794 761 181 255 0.021056382 
309 940 37 57 0.021049973 
591 1166 12 15 0.02090075 
