24_Soldier_Firing_Soldier_Firing_24_315
31
148 12 54 67 0.98685896 
311 258 61 78 0.9753048 
276 84 16 19 0.78662145 
8 48 25 35 0.69022864 
590 390 62 62 0.10505935 
13 57 31 33 0.100652695 
793 70 18 22 0.0865428 
566 377 109 102 0.07260331 
20 66 36 31 0.057559155 
109 516 44 62 0.055988174 
299 142 8 11 0.0514136 
601 385 29 37 0.050683986 
437 321 35 40 0.04480915 
605 131 428 513 0.034400463 
214 -1 48 52 0.028461285 
704 327 378 505 0.027980302 
520 344 202 191 0.02774542 
76 19 43 51 0.02733788 
83 26 16 20 0.026385263 
290 84 15 19 0.024989735 
357 195 23 28 0.024739247 
375 336 28 29 0.024004595 
555 408 240 227 0.023502367 
48 577 35 39 0.023423936 
630 222 231 229 0.023104481 
774 38 22 26 0.022745311 
344 204 42 53 0.022078361 
413 108 13 15 0.021689232 
604 407 63 65 0.020190218 
359 266 29 49 0.020182356 
33 36 35 47 0.020043546 
