24_Soldier_Firing_Soldier_Firing_24_702
25
175 58 48 59 0.9985845 
833 83 39 47 0.9874451 
384 165 24 28 0.89679 
638 110 25 30 0.7058192 
569 278 21 28 0.42294282 
267 122 28 32 0.16827106 
402 172 14 17 0.16082759 
415 171 14 19 0.07080152 
394 172 17 21 0.049260926 
649 115 19 23 0.04757464 
75 35 16 20 0.044281676 
345 126 9 12 0.044174623 
676 293 15 17 0.03531258 
675 238 22 28 0.034607664 
675 274 27 30 0.03415013 
913 272 24 28 0.033385366 
822 94 39 48 0.025180835 
378 159 36 45 0.023713747 
292 282 25 30 0.023505127 
676 249 28 37 0.022787472 
347 236 61 69 0.022669278 
245 126 54 63 0.02186878 
371 148 11 14 0.02082226 
661 169 15 20 0.020766377 
472 171 10 13 0.020102726 
