24_Soldier_Firing_Soldier_Firing_24_405
79
335 378 57 80 0.99679464 
169 531 13 16 0.12928884 
720 327 11 14 0.071451806 
600 267 11 12 0.063509345 
165 420 9 13 0.063475415 
316 267 12 13 0.05300769 
873 481 13 17 0.05286421 
660 373 10 13 0.051632028 
745 139 9 12 0.05035636 
889 484 11 16 0.04908221 
722 295 8 10 0.04482893 
724 111 9 11 0.043587647 
799 189 10 12 0.04098883 
49 100 425 552 0.040844493 
451 208 7 9 0.037407476 
804 188 11 13 0.037087284 
317 230 11 13 0.036334716 
891 254 7 9 0.03620659 
725 241 8 10 0.03574273 
531 309 11 13 0.035401367 
454 206 8 10 0.034885302 
674 365 9 12 0.034460507 
285 267 10 13 0.03413356 
661 368 9 12 0.031443443 
703 375 7 9 0.031157834 
719 116 10 12 0.031074563 
232 116 10 13 0.030128863 
864 216 8 10 0.029221041 
262 483 9 11 0.02917671 
750 68 8 10 0.028782163 
688 374 8 9 0.028263167 
729 135 8 10 0.028173367 
217 455 8 10 0.02816853 
1 529 8 12 0.027422821 
672 271 10 12 0.027418522 
722 373 7 10 0.027368685 
869 192 9 11 0.026669033 
683 1517 13 14 0.026496362 
115 184 8 10 0.026491767 
714 118 8 11 0.026280226 
273 456 7 9 0.026160855 
458 201 8 10 0.02599218 
644 381 9 12 0.025941338 
736 100 8 10 0.025870038 
432 622 382 453 0.024899216 
737 325 7 9 0.0243532 
222 480 8 11 0.024345035 
564 437 10 12 0.024240663 
164 459 11 17 0.02412019 
181 446 9 11 0.023996195 
673 382 9 11 0.023986079 
814 189 9 11 0.023840494 
477 976 396 448 0.023774013 
736 215 8 10 0.023579262 
936 1060 74 113 0.023501378 
743 478 13 16 0.02345927 
871 470 8 10 0.023257853 
617 102 7 9 0.02322057 
695 342 9 12 0.022994135 
779 390 10 12 0.022593237 
87 344 8 10 0.022257632 
288 503 9 12 0.021811947 
7 543 8 11 0.02171665 
583 152 8 11 0.021653505 
739 119 8 10 0.021505827 
261 517 11 13 0.021494463 
670 236 7 11 0.021463238 
165 455 10 12 0.02130029 
696 374 8 9 0.021197876 
958 62 8 10 0.021146135 
700 111 10 13 0.021099078 
759 177 7 10 0.021027578 
880 430 8 10 0.020937942 
273 494 9 10 0.020902198 
786 326 7 8 0.020767614 
744 196 8 10 0.020658739 
575 312 7 9 0.020190066 
883 479 19 27 0.020120922 
144 503 7 9 0.020063376 
