3.138991767279109446e+00
2.587469123757403899e+00
2.325575650182570175e+00
2.162437492201787492e+00
2.058726237797589231e+00
1.985639447269972768e+00
1.931600283095555204e+00
1.891176985583690406e+00
1.847415807528525411e+00
1.821230629512242016e+00
1.789128697658918021e+00
1.771250976575827751e+00
1.749756238919607521e+00
1.726551671205840410e+00
1.714191409075482397e+00
1.701287171374196605e+00
1.680982928653681485e+00
1.673887708505488403e+00
1.665542674805066570e+00
1.653380543400782221e+00
1.640031898280848610e+00
1.611697423643206895e+00
1.622027267173210330e+00
1.599876357679781647e+00
1.598744472509585623e+00
1.581555963228948425e+00
1.594811105543041840e+00
1.572699495428097283e+00
1.564913040843809666e+00
1.554074133182904660e+00
1.549140975008840071e+00
1.537888852150543828e+00
1.545438492816427534e+00
1.525253664521697194e+00
1.538101514489013999e+00
1.528466355023176737e+00
1.530190563164882889e+00
1.502055978071615616e+00
1.510659948898398275e+00
1.501616039187271490e+00
1.503312799797295041e+00
1.491837342370370800e+00
1.482981365585919420e+00
1.491277121386912929e+00
1.498816573730907153e+00
1.483447596856525941e+00
1.479552126782281096e+00
1.468971483603767725e+00
1.473046685820040391e+00
1.475042673075421362e+00
1.480097803603047879e+00
1.454725804166023817e+00
1.459703572011141981e+00
1.459110259602528936e+00
1.467763155439625544e+00
1.435445883037140602e+00
1.455629488844308872e+00
1.440245567604621746e+00
1.439691115277154099e+00
1.431614103931817983e+00
1.433154819989056250e+00
1.433515401175303516e+00
1.431743243207102223e+00
1.431002123052289132e+00
1.423998137549584042e+00
1.447226541938248623e+00
1.432615953905982176e+00
1.426373461203545467e+00
1.420752887437062295e+00
1.408212427656102550e+00
1.365551046999344820e+00
1.341006457398396856e+00
1.339974511076944985e+00
1.335051230132950018e+00
1.326449493184593154e+00
1.327770440511822025e+00
1.321477862396595704e+00
1.317371903665317534e+00
1.332543324979936106e+00
1.320402567838289798e+00
1.324863437725150028e+00
1.312909013699300464e+00
1.313741961140069803e+00
1.316436892340642428e+00
1.327652267565638367e+00
1.309004975809073601e+00
1.312492220150017541e+00
1.304733831208685135e+00
1.299850772922823916e+00
1.314440728751768983e+00
1.309091727111650449e+00
1.302725777326163348e+00
1.295738940653593740e+00
1.307970804087123406e+00
1.300628305073850743e+00
1.308588422307316534e+00
1.297721472364034678e+00
1.292717758172787557e+00
1.303187829626272887e+00
