2.902907393511778178e+00
1.903185419636483466e+00
1.643515605419318959e+00
1.507532295880850803e+00
1.418194660562906106e+00
1.363058659489850832e+00
1.311275548723913831e+00
1.279068412395737875e+00
1.235056148997004666e+00
1.208859685322512645e+00
1.185493391659689255e+00
1.172634646222458166e+00
1.156059487765620286e+00
1.141915673073034210e+00
1.128074839063312629e+00
1.113812125784269691e+00
1.105511487381798830e+00
1.092623959509482212e+00
1.087597417738867200e+00
1.067940740102196306e+00
1.058111228187632147e+00
1.037513332263283017e+00
1.048692960009811825e+00
1.033794065106729443e+00
inf
1.011294604911937567e+00
1.020423990006772641e+00
1.009216500698409513e+00
9.989512311745875062e-01
inf
9.882541897966995448e-01
9.799591450309901308e-01
9.870550050313428025e-01
9.683658724986248245e-01
9.794026437105599614e-01
9.644587865805033244e-01
9.649389381734481130e-01
9.525969495869571757e-01
9.509362593755958937e-01
9.502107455215839105e-01
9.529313316256363686e-01
9.375889923076451415e-01
9.364219013300741912e-01
9.456605236722815944e-01
9.438527392489569623e-01
9.292036428307154372e-01
9.325390422011013980e-01
9.326025725614209838e-01
9.291089888500130289e-01
9.241733281508736075e-01
9.279881864323379359e-01
9.073482982027604171e-01
9.130296839505248618e-01
9.085068623934473564e-01
9.155129940706010494e-01
8.982313739031738686e-01
9.093709430801942828e-01
9.073019334433242156e-01
8.973943185084354290e-01
8.916864019280634768e-01
8.987197004860232319e-01
8.943156668951052213e-01
8.939299657015327139e-01
8.901965512252002499e-01
8.890049093258306501e-01
8.970279659636272163e-01
inf
8.845172805815749717e-01
8.805822651301111748e-01
8.660262404484038168e-01
