2.058092774100925482e+01
1.309524459424226173e+01
1.112351076558509888e+01
1.002285201830893513e+01
9.337058452789827712e+00
8.930646083962102466e+00
8.538181006538200890e+00
8.291198693743403680e+00
8.021972830251137054e+00
7.769361657385500664e+00
7.580176613937993579e+00
7.480613522944243421e+00
7.363118686883345809e+00
7.214204986939519060e+00
7.123751783074799171e+00
7.060471276911148841e+00
6.930540934408673692e+00
6.864885252010748395e+00
6.815928647532966345e+00
6.717937523385752563e+00
6.650047772123206080e+00
6.483006642545972475e+00
6.548983619524085142e+00
6.435975361166533126e+00
inf
6.300996114970734752e+00
6.355656251181726724e+00
6.278864192222216367e+00
6.169966322664889091e+00
inf
6.165768170949094795e+00
6.081741198989915276e+00
6.114780386782580734e+00
5.955265531628768372e+00
6.058772501738174832e+00
5.977739230001935411e+00
5.985347926098367743e+00
5.855086116020723708e+00
5.896423184501458081e+00
5.855465429614048922e+00
5.856863608937826093e+00
5.765565743505584706e+00
5.746827162570834702e+00
5.801621088700264828e+00
5.765705387932913872e+00
5.714455980099506505e+00
5.714660105720069438e+00
5.685495079378164007e+00
5.660364483009954206e+00
5.657854623528001170e+00
5.676656674672357461e+00
5.545217148043354527e+00
5.565168004746762875e+00
5.554938242080048383e+00
5.628500247593992256e+00
5.451666925116355422e+00
5.557999018778712497e+00
5.497478719971935490e+00
5.446414456604430576e+00
5.432406785695449436e+00
5.435575504184509299e+00
5.443015950436917549e+00
5.432060160177835328e+00
5.394849827274772913e+00
5.378729138463180348e+00
5.499915086556665500e+00
inf
5.379778942928551189e+00
5.376300394683150685e+00
5.275231268909406523e+00
5.042661014254789187e+00
4.943662706739413437e+00
4.941981705005124681e+00
4.883249168662550765e+00
4.860491690428360378e+00
4.853418451732729899e+00
4.821021916925537276e+00
4.787401748962284209e+00
4.859610556519549540e+00
4.814699572361774038e+00
4.801529206844590725e+00
4.766819372754659945e+00
4.775696899431832954e+00
4.773813314837698663e+00
4.851010914618924197e+00
4.759443500915669922e+00
4.737686489827884984e+00
4.734264972047035336e+00
4.691389947426245044e+00
4.760073871197907813e+00
4.728681592171236403e+00
4.691828777405046225e+00
4.694743398183621075e+00
inf
4.696803249779695655e+00
4.697592040988969764e+00
4.687800402893042673e+00
inf
4.710735262847094873e+00
