1.256555302839101529e+01
8.057352829562580254e+00
6.701149983481960781e+00
5.824945351722077724e+00
5.343938566952573410e+00
5.069784752029624642e+00
4.883397829018949921e+00
4.698756874510035431e+00
4.559875793755054474e+00
4.454485455423778717e+00
4.336015175171890945e+00
4.310150671727168259e+00
4.245969661899049896e+00
4.206351727085269054e+00
4.079152399361689163e+00
4.098294770078999782e+00
4.072708481031915184e+00
3.977401047644222754e+00
4.030501743096001732e+00
3.859179189104748886e+00
3.913415118172672180e+00
3.849904141741694819e+00
3.926474087680718927e+00
3.896419867618668764e+00
3.835284266296936195e+00
3.877846495265730997e+00
3.784435014396628105e+00
3.821872991897304672e+00
3.727494422762845705e+00
3.800369525050617092e+00
3.743306559747697992e+00
3.682842055925671154e+00
3.719472638730491720e+00
3.704662992671039490e+00
3.693362248644973089e+00
3.727896939384641062e+00
3.752616274373039129e+00
3.756640786409192856e+00
3.662759124214604700e+00
3.726964015478950731e+00
3.697180130709865065e+00
