3.267048082597877823e+00
2.420964836889172300e+00
2.086015624659402157e+00
1.873696252587974342e+00
1.744572321311657515e+00
1.669138265484423345e+00
1.627962342353526104e+00
1.588102226614119150e+00
1.551134998510990792e+00
inf
1.488378562183576337e+00
1.489656300139353240e+00
1.476031431442369479e+00
1.464078429172405604e+00
1.427597828857276818e+00
1.431430512622739126e+00
1.413703539298835743e+00
1.407860594894158490e+00
1.418244047530041740e+00
1.375956566512630985e+00
1.383447736189324706e+00
1.367730099331841975e+00
1.375661789410695501e+00
1.363992032207409721e+00
1.367263066356781742e+00
1.357630282490057239e+00
1.342279776444901485e+00
1.353784607879539914e+00
1.338449961812414823e+00
1.345475593477672760e+00
1.334562190663740600e+00
1.315387102844691070e+00
inf
1.324628937081289148e+00
1.326283497597027239e+00
inf
1.316533714145283085e+00
1.315009733395916980e+00
1.305604235298052362e+00
1.309116081641235052e+00
1.310522319193675012e+00
