6.392392953952646906e+01
2.200950992884843416e+01
1.688012476533836548e+01
1.458534304010942151e+01
1.337335525221706156e+01
1.271035922554709074e+01
1.233974036537342123e+01
1.196409561471168992e+01
1.163839162191989196e+01
inf
1.117577735163410324e+01
1.112824941495930986e+01
1.100046421069165881e+01
1.092076343871791977e+01
1.066578577616200008e+01
1.068972075985085191e+01
1.058908789368890169e+01
1.049009790516788243e+01
1.055758598724507458e+01
1.024754471808486755e+01
1.032535410889927618e+01
1.020958268309231798e+01
1.032310279768816486e+01
1.024272570125064519e+01
1.018587473960396750e+01
1.018952062429848660e+01
1.006939850886415933e+01
1.013845890964040031e+01
9.982463441557765549e+00
1.007362518408653962e+01
9.988178013366942665e+00
9.862034313704656441e+00
inf
9.909909800898214272e+00
9.908442018657737549e+00
inf
9.947803126914161354e+00
9.944516109753839928e+00
9.815521038189437775e+00
9.907918908858890816e+00
9.857298223405891235e+00
