8.877467964908725140e-02
4.086557342223815503e+00
1.662876063576774044e+01
2.559768126960652523e+01
3.336712985926062203e+01
3.538167547618024145e+01
3.804486600479421554e+01
4.098889332973508459e+01
4.156529694468813574e+01
4.333895704755864386e+01
4.541994139767925276e+01
4.432324337583267493e+01
4.519166200633218722e+01
4.558720421930709676e+01
4.770875714747231910e+01
4.711459569512549450e+01
4.796502197371762577e+01
4.762257808516812219e+01
4.882340383161228203e+01
4.982577962220515388e+01
4.931687109044341355e+01
4.930483118242366913e+01
4.984214522875951303e+01
5.074403172490607972e+01
5.093762392152675744e+01
5.095356513644956209e+01
5.117548220572546569e+01
5.134815490982173003e+01
5.134420797435575423e+01
5.130791618177609337e+01
5.130227354837814602e+01
5.188393621961251512e+01
5.195265788403668950e+01
5.206711939954841029e+01
5.211419250177851836e+01
5.250659596221435521e+01
5.241643992437809629e+01
5.242263631904628340e+01
5.235770791300193849e+01
5.240929120268581443e+01
5.266682971120286538e+01
