3.247827480761160679e+00
2.946046350026352734e+00
2.705816554310529032e+00
2.541367478437305039e+00
2.413057072886398924e+00
2.342053138274954094e+00
2.294774804056061157e+00
2.242988272390750826e+00
2.203964385950232252e+00
2.175495646986532083e+00
2.147686128197989763e+00
2.141667711947645270e+00
2.119221095065152216e+00
2.101318099021171282e+00
2.068861046470470200e+00
2.071164512786991097e+00
2.045518578278907373e+00
2.048120999303848944e+00
2.039519583239503664e+00
2.008806511944865481e+00
2.004014387171460854e+00
1.996457935258838745e+00
2.008799181290850111e+00
1.987454032259327930e+00
1.980952319613894952e+00
1.970214175789252620e+00
1.971392676373076025e+00
1.976508752969296179e+00
1.956122767342173496e+00
1.958804082796440360e+00
1.950782698596486453e+00
1.935581122102759677e+00
1.941285986684679221e+00
1.937404884870007837e+00
1.935490770253890824e+00
1.935392611122094264e+00
1.934115926046734213e+00
1.929586587439042544e+00
1.920483444348810576e+00
1.920937068436456840e+00
1.916797415509542413e+00
