9_Press_Conference_Press_Conference_9_655
79
846 189 25 31 0.99915135 
198 189 25 31 0.9989207 
885 211 28 39 0.9982855 
162 205 27 30 0.99812764 
305 200 26 33 0.9977169 
364 229 31 39 0.9961947 
63 207 23 28 0.9961299 
792 241 48 61 0.9961234 
660 215 42 62 0.99404305 
955 212 32 45 0.9937164 
758 205 29 42 0.99297136 
940 183 30 39 0.9929651 
499 222 37 45 0.99252546 
578 212 31 36 0.9911142 
134 224 23 30 0.9823037 
420 190 23 31 0.9797212 
465 192 19 23 0.9645676 
724 190 26 30 0.95890146 
652 203 21 29 0.94539285 
393 197 21 25 0.89207995 
232 218 24 27 0.8422501 
712 187 23 31 0.7589033 
547 186 23 27 0.7390198 
136 199 21 26 0.7081576 
1007 206 18 38 0.46185002 
345 217 16 21 0.40305877 
643 227 13 18 0.2754838 
118 219 14 17 0.23399092 
320 250 41 57 0.072000735 
482 450 17 22 0.07178868 
59 287 12 15 0.06099502 
476 219 22 32 0.058686454 
553 182 16 19 0.05516897 
462 246 22 33 0.04319369 
343 204 25 31 0.04255555 
767 193 28 39 0.041811094 
485 201 24 31 0.03841174 
111 201 21 26 0.03764888 
351 218 23 30 0.037080385 
353 205 27 30 0.035230856 
438 455 18 21 0.034953024 
347 186 17 20 0.0324396 
596 381 29 33 0.032431807 
737 194 26 34 0.031301524 
479 478 11 14 0.029948449 
298 246 19 30 0.02921087 
111 195 14 17 0.028447142 
421 181 14 19 0.027683754 
641 194 39 54 0.02747847 
736 187 20 25 0.027189068 
335 213 20 27 0.025786957 
1012 205 12 20 0.025683163 
116 107 13 20 0.025608467 
380 197 24 28 0.025490208 
47 291 11 13 0.025403993 
491 206 29 41 0.025363926 
647 213 23 34 0.025292544 
560 186 18 20 0.025083935 
109 285 12 15 0.024871398 
342 193 14 20 0.024440093 
719 176 10 12 0.023859454 
169 187 12 14 0.023163809 
830 196 40 46 0.023161534 
704 190 17 24 0.023154285 
948 196 32 41 0.022870785 
135 87 7 9 0.02261522 
468 230 26 37 0.02259216 
737 438 37 54 0.022100559 
336 250 27 38 0.021699496 
740 200 35 49 0.021467412 
165 181 13 16 0.021446517 
105 286 10 13 0.021358803 
455 193 14 22 0.021133926 
379 194 15 20 0.021104943 
473 191 22 28 0.02104711 
777 191 20 25 0.02085958 
484 195 15 21 0.020675523 
868 213 27 37 0.020288808 
20 392 26 32 0.020033887 
