9_Press_Conference_Press_Conference_9_552
35
390 121 245 344 0.99954575 
470 1142 24 27 0.1914046 
448 1433 18 24 0.17512853 
450 1249 19 23 0.08608469 
438 1260 12 17 0.053429406 
692 683 199 247 0.044609677 
592 1151 11 14 0.04364567 
417 1291 18 20 0.03768423 
601 588 413 412 0.037360605 
445 1254 14 20 0.03530889 
385 1119 10 12 0.034276802 
338 1287 30 39 0.034247935 
428 1249 13 18 0.033639368 
388 1206 14 20 0.031938974 
438 1250 12 19 0.031878836 
401 1221 15 17 0.028404268 
446 1245 15 21 0.025816116 
579 1148 15 17 0.025602734 
476 1203 10 12 0.024821358 
428 1344 25 28 0.024423517 
429 1218 11 15 0.023979729 
428 1296 14 19 0.023943117 
412 1282 17 23 0.023041965 
395 1210 15 18 0.022898773 
539 1228 36 51 0.02253337 
533 1373 11 13 0.022317834 
327 1325 11 15 0.02164066 
462 1357 12 18 0.021021757 
486 1219 9 13 0.020966278 
451 1425 27 30 0.020883642 
469 1215 11 15 0.020631129 
368 1373 11 14 0.020484334 
447 1214 13 16 0.020447154 
382 1208 12 18 0.020363087 
379 1225 13 17 0.02023247 
