9_Press_Conference_Press_Conference_9_31
118
47 285 12 16 0.97817403 
18 309 15 17 0.7796392 
859 430 21 29 0.7569202 
441 207 15 19 0.74543256 
153 426 26 34 0.58578104 
587 210 15 19 0.55496 
339 489 32 40 0.48499286 
879 389 21 27 0.47329056 
123 372 13 24 0.4478553 
58 416 27 33 0.3830257 
266 377 21 28 0.35603908 
661 388 16 19 0.35030645 
190 433 33 40 0.32999697 
341 385 18 24 0.31955093 
77 375 20 27 0.29869092 
82 480 21 35 0.29276493 
189 376 20 27 0.27048 
614 438 23 28 0.25063768 
960 436 18 27 0.25022438 
607 430 39 47 0.21519189 
296 445 28 33 0.18156388 
935 369 23 24 0.15190198 
299 437 41 50 0.10177451 
801 435 26 32 0.0974965 
958 219 12 15 0.09537549 
972 492 16 23 0.09291399 
872 512 22 35 0.08861033 
302 437 26 29 0.08510692 
312 433 18 21 0.076295204 
70 428 23 32 0.06848614 
72 415 18 24 0.067700386 
411 384 16 20 0.067591034 
20 360 15 16 0.066799544 
814 378 13 19 0.065910615 
877 489 43 52 0.065906025 
64 360 33 38 0.06231635 
396 431 29 34 0.061612383 
82 438 13 21 0.057444673 
790 498 33 38 0.05541012 
58 475 38 45 0.05498663 
970 494 28 35 0.054477617 
282 577 48 48 0.048720375 
4 410 23 31 0.04863524 
849 359 25 27 0.048454277 
394 657 25 27 0.04759546 
150 496 43 57 0.04694547 
968 441 18 23 0.045434557 
11 425 14 20 0.04461426 
278 596 24 30 0.043958202 
168 421 17 27 0.04392454 
112 368 19 26 0.042694677 
69 372 17 21 0.040441953 
931 365 16 21 0.03986961 
257 382 34 43 0.039306115 
586 457 31 38 0.03909269 
108 366 15 19 0.038416963 
334 391 20 21 0.037280053 
662 440 40 47 0.037121467 
0 587 28 50 0.036856093 
590 438 52 65 0.036707442 
987 357 13 17 0.036380336 
818 380 19 21 0.036122575 
116 378 17 23 0.032817088 
394 447 35 40 0.032382853 
239 334 10 13 0.032341916 
683 508 66 61 0.032230552 
962 434 35 44 0.03102383 
905 398 24 35 0.029670682 
755 462 14 19 0.029600026 
663 628 23 25 0.028964538 
-3 410 33 53 0.028479408 
647 476 43 58 0.027920615 
299 624 66 53 0.027623888 
274 372 15 23 0.027267182 
333 459 12 15 0.027238848 
797 441 18 25 0.02711909 
746 378 27 36 0.027049601 
313 326 27 38 0.026800755 
888 386 19 25 0.026228506 
386 666 16 17 0.026080022 
137 519 25 34 0.026050424 
716 435 29 37 0.025811026 
68 383 19 21 0.025753714 
655 456 42 54 0.025730323 
27 439 20 22 0.025701748 
373 396 10 13 0.025333641 
965 471 43 49 0.025003253 
593 392 16 19 0.024867315 
170 428 25 35 0.024840567 
390 464 46 61 0.024814436 
247 394 41 49 0.024501346 
233 513 25 40 0.024408245 
128 369 15 24 0.023897158 
837 521 37 52 0.023881579 
892 390 24 35 0.023582628 
351 514 44 53 0.02327838 
180 613 62 62 0.023094255 
245 415 40 49 0.023074748 
77 492 18 27 0.023008509 
75 478 20 28 0.022923347 
201 374 16 25 0.022702888 
276 376 26 35 0.022125496 
532 122 11 14 0.022121232 
731 435 14 17 0.022036271 
502 130 16 23 0.021747766 
656 390 13 20 0.021629825 
26 618 30 37 0.021594025 
109 381 17 21 0.021160126 
959 268 45 77 0.021102447 
418 381 14 21 0.02110041 
818 435 16 22 0.020867491 
189 444 19 26 0.02085519 
861 579 52 58 0.020850487 
733 611 44 59 0.020456053 
505 129 9 13 0.020418752 
626 436 16 22 0.020374367 
179 381 27 32 0.020236243 
854 436 17 23 0.020160384 
