9_Press_Conference_Press_Conference_9_35
112
401 186 11 15 0.9856505 
686 213 15 19 0.9793498 
188 191 18 23 0.959986 
853 142 11 14 0.94084156 
267 301 21 41 0.8865471 
623 217 13 17 0.85059386 
309 213 13 17 0.83817565 
305 283 16 27 0.8098816 
286 210 13 17 0.76390547 
600 194 12 16 0.674418 
370 242 15 18 0.5741225 
376 214 11 14 0.46519318 
582 315 16 22 0.36606535 
958 185 33 39 0.34024873 
513 321 17 22 0.33482605 
133 353 29 35 0.28581277 
339 301 34 45 0.23536137 
230 287 22 30 0.21955833 
954 219 29 34 0.2157023 
196 287 17 21 0.17131048 
389 326 25 29 0.1347373 
567 296 21 24 0.13426313 
318 218 11 15 0.1270444 
326 218 13 16 0.10345175 
390 252 12 14 0.102992 
371 322 15 24 0.09874379 
483 301 25 31 0.09405929 
330 208 10 11 0.09306952 
158 308 23 28 0.08554072 
260 313 39 57 0.08399287 
81 339 17 22 0.082460344 
509 328 25 29 0.07914681 
261 263 10 12 0.07330638 
226 385 34 35 0.0720283 
574 339 33 37 0.06671286 
294 370 33 37 0.06659703 
954 192 45 57 0.06411073 
419 336 16 21 0.06160836 
716 360 48 64 0.056298435 
499 331 29 36 0.051814888 
385 250 12 15 0.05167743 
565 347 54 61 0.05051012 
71 467 51 58 0.04950522 
379 322 23 32 0.048808962 
395 254 11 15 0.048686996 
379 245 13 16 0.047658525 
369 214 11 13 0.04760897 
16 325 47 52 0.044043444 
573 322 26 31 0.043630257 
498 309 21 30 0.043246873 
349 421 44 66 0.04285063 
481 296 20 23 0.04110401 
354 310 28 37 0.039773107 
456 338 227 256 0.039446265 
271 239 14 18 0.03872723 
350 219 8 11 0.037915625 
332 211 11 13 0.036960788 
242 328 51 62 0.035747133 
19 334 26 31 0.035256863 
375 325 37 47 0.034890857 
384 228 11 14 0.034292787 
359 322 38 47 0.032844804 
409 329 23 31 0.032786317 
360 222 8 11 0.032741006 
334 443 51 56 0.03258243 
572 318 20 22 0.03238277 
387 220 15 19 0.03200067 
644 322 13 19 0.031905178 
430 311 16 20 0.031405378 
380 217 11 15 0.031308223 
570 341 20 24 0.030817691 
266 291 15 18 0.030427938 
352 237 12 15 0.029061882 
638 324 14 19 0.028799867 
709 357 36 47 0.028406827 
260 319 17 24 0.027975408 
284 277 13 16 0.027662154 
656 319 30 36 0.027589044 
312 281 17 25 0.027583517 
280 291 39 50 0.027535021 
284 284 15 18 0.027137643 
215 393 38 36 0.027012961 
341 290 26 32 0.026980259 
74 341 29 34 0.02586506 
421 338 28 33 0.025740245 
343 205 9 11 0.025052877 
269 289 25 37 0.025031328 
345 215 9 13 0.02447985 
380 237 11 16 0.024052246 
477 277 28 33 0.023864089 
970 178 30 36 0.023587871 
394 187 12 15 0.023465116 
683 366 56 76 0.023271887 
367 219 10 13 0.022645775 
303 375 21 23 0.022510301 
485 267 18 21 0.022476701 
407 236 9 11 0.022345804 
959 201 55 77 0.021804998 
180 314 18 22 0.021509277 
864 162 12 16 0.021383861 
225 365 36 37 0.0212697 
260 291 23 31 0.02108621 
187 293 20 21 0.021072557 
513 149 34 43 0.020849807 
163 443 101 114 0.020810679 
611 344 42 60 0.020763537 
294 287 18 22 0.02074419 
341 288 17 20 0.02056086 
253 320 16 22 0.02052317 
330 236 15 18 0.02039342 
594 315 15 21 0.020334642 
221 291 13 17 0.02024539 
