9_Press_Conference_Press_Conference_9_872
21
409 324 216 280 0.9998229 
251 448 39 64 0.24717714 
479 952 72 101 0.2133475 
454 830 13 17 0.13532297 
282 468 25 39 0.13350731 
517 947 53 74 0.12464728 
936 820 12 16 0.07472436 
248 432 26 37 0.049003255 
436 1468 10 12 0.041943397 
271 514 35 48 0.03621458 
977 852 12 16 0.027936537 
232 459 49 63 0.026498383 
446 788 10 12 0.025590487 
474 940 48 79 0.025382588 
205 503 44 52 0.025156919 
576 821 11 14 0.022548873 
971 1307 12 15 0.02233008 
450 830 21 28 0.021247912 
535 930 42 69 0.02069969 
962 599 18 23 0.020572573 
964 1180 12 15 0.020118602 
