9_Press_Conference_Press_Conference_9_66
19
219 178 70 81 0.99677235 
884 264 78 92 0.98935145 
457 282 51 74 0.9297222 
641 139 16 18 0.45582283 
122 22 38 41 0.18005115 
402 339 48 57 0.16333267 
646 164 23 27 0.07161621 
392 167 54 61 0.060528953 
614 221 13 15 0.059700802 
409 188 48 56 0.038902856 
829 275 53 83 0.038490247 
393 83 218 288 0.032249928 
83 388 13 17 0.030886183 
193 151 58 81 0.03080697 
352 252 30 35 0.028997274 
69 149 17 22 0.022859275 
283 213 27 36 0.021511713 
641 150 24 30 0.020929132 
82 531 18 19 0.02071258 
