9_Press_Conference_Press_Conference_9_60
46
681 392 29 37 0.99761486 
767 389 27 34 0.9971348 
392 385 31 38 0.99517053 
555 315 29 39 0.9917828 
260 396 33 44 0.9916469 
120 384 29 38 0.988497 
863 403 26 34 0.97709113 
939 459 36 48 0.33960328 
950 467 43 43 0.17779182 
452 291 49 49 0.1232058 
774 525 41 54 0.110541694 
361 559 48 60 0.0950215 
465 700 73 57 0.07134987 
449 729 30 35 0.06690096 
77 731 10 13 0.06494381 
304 472 40 50 0.06270981 
373 697 114 91 0.060732424 
166 740 14 18 0.06031269 
942 458 13 23 0.058098175 
402 483 15 17 0.057931617 
545 462 22 30 0.057138097 
339 577 64 63 0.042491764 
771 511 27 57 0.037641972 
598 528 39 51 0.035841573 
822 472 17 20 0.033385016 
934 455 24 40 0.030713085 
548 518 42 66 0.03041053 
496 697 75 60 0.030319413 
301 461 22 35 0.03009664 
679 369 16 19 0.027222697 
782 540 53 55 0.026492536 
957 444 26 32 0.025672175 
578 721 30 41 0.025328662 
103 746 15 17 0.024348365 
759 652 103 108 0.02401302 
445 316 50 52 0.022766275 
618 451 33 54 0.02267924 
712 378 15 20 0.02255495 
347 712 98 93 0.022189163 
969 456 30 43 0.021362536 
422 323 52 61 0.021271205 
324 478 35 39 0.021179315 
426 709 66 61 0.020735145 
227 341 13 16 0.020353124 
946 463 17 27 0.020126615 
1012 466 11 18 0.020039016 
