9_Press_Conference_Press_Conference_9_607
24
326 163 258 338 0.9997763 
938 73 25 52 0.49409643 
917 77 39 50 0.18598025 
278 561 104 147 0.17093769 
345 380 400 533 0.10479497 
661 1019 16 23 0.06458888 
274 1082 285 253 0.062390793 
688 600 66 90 0.05500618 
827 167 58 75 0.051438857 
847 184 77 82 0.050948393 
897 77 41 50 0.04097783 
879 176 72 94 0.03740016 
199 934 435 446 0.03648896 
826 712 17 19 0.03637566 
907 95 51 53 0.035563886 
744 902 132 200 0.035127033 
292 1160 130 158 0.033365555 
753 629 57 57 0.025252473 
963 356 16 21 0.024599345 
971 7 14 16 0.021968808 
401 539 236 351 0.021267103 
863 1 41 43 0.020705763 
831 195 126 122 0.020531911 
703 610 101 94 0.02007287 
