61_Street_Battle_streetfight_61_430
113
570 470 27 35 0.99903286 
138 450 18 22 0.98720944 
863 485 19 23 0.9779769 
918 581 20 27 0.976761 
232 462 20 25 0.9579852 
795 458 14 19 0.940177 
291 453 16 22 0.9387647 
841 460 17 21 0.9363131 
952 434 20 26 0.9361574 
367 458 22 34 0.91156226 
691 454 15 19 0.9022457 
198 461 16 19 0.869678 
917 428 27 30 0.8369826 
454 451 17 21 0.7853228 
519 461 20 24 0.7648664 
90 462 18 24 0.75413877 
272 459 12 16 0.73156136 
36 453 18 22 0.72217965 
476 452 15 18 0.6123885 
623 461 23 28 0.5747819 
164 457 17 21 0.5419121 
912 390 13 17 0.5413405 
906 430 16 22 0.52348244 
427 476 16 20 0.52296907 
964 517 42 85 0.49301583 
139 379 14 16 0.41294652 
756 449 26 31 0.38604736 
215 433 15 17 0.37691206 
554 468 14 18 0.31732512 
1001 387 21 33 0.27249387 
64 445 16 17 0.26908466 
593 518 40 53 0.2659296 
311 460 15 19 0.23251091 
859 453 15 17 0.22229847 
977 453 16 19 0.15418316 
595 444 13 17 0.15251674 
738 459 20 20 0.14285353 
319 430 9 13 0.124956876 
763 446 14 18 0.111446515 
707 452 17 22 0.10106804 
375 453 20 32 0.0871234 
284 524 28 48 0.08424485 
216 447 18 22 0.077497475 
875 439 14 18 0.07599051 
-31 125 429 493 0.06641773 
214 441 16 19 0.06476311 
67 460 15 20 0.057772 
957 413 13 15 0.057493366 
305 510 35 54 0.054854784 
914 400 14 18 0.0543709 
698 455 15 19 0.051487178 
712 453 23 30 0.049764927 
675 432 14 18 0.04960918 
51 453 14 18 0.048854563 
388 441 14 18 0.04626612 
558 523 22 31 0.044323128 
413 438 11 12 0.04399522 
353 464 39 43 0.04265974 
380 480 13 18 0.042396493 
374 466 25 32 0.04234799 
743 445 49 48 0.04194149 
672 439 15 21 0.041330706 
720 459 26 32 0.04115756 
268 570 16 20 0.041136507 
27 151 267 275 0.037180867 
118 465 13 17 0.034406975 
942 429 21 29 0.03429633 
528 459 16 20 0.03418847 
552 473 23 28 0.033851717 
311 468 22 26 0.033704195 
380 443 21 31 0.031994972 
182 469 12 16 0.031703513 
211 492 16 17 0.030841487 
726 488 50 55 0.030301237 
386 457 13 19 0.029534152 
323 465 16 22 0.028688828 
421 461 11 14 0.028120385 
411 533 14 19 0.026657604 
923 448 19 21 0.026432201 
251 482 14 19 0.026302693 
390 422 9 10 0.02628215 
985 405 12 14 0.026133487 
405 423 10 12 0.02538726 
987 412 12 15 0.025236407 
781 454 24 28 0.024963241 
255 586 22 32 0.024616815 
540 462 22 28 0.024580725 
941 502 47 82 0.023881601 
732 460 32 33 0.023350945 
137 416 15 17 0.023346763 
722 460 55 54 0.023241654 
197 406 10 14 0.023142498 
54 445 14 17 0.02307601 
182 460 13 16 0.022919765 
331 436 12 14 0.022716716 
847 506 15 19 0.02258919 
224 451 21 25 0.022476193 
627 455 18 20 0.02241054 
972 425 15 20 0.02227858 
74 463 14 20 0.02222416 
498 465 16 18 0.022200452 
517 455 16 20 0.022177128 
172 421 10 13 0.022061154 
471 455 14 18 0.021702409 
323 431 12 13 0.021568665 
332 462 17 23 0.02135764 
183 452 12 15 0.020861715 
231 512 24 30 0.020735236 
842 481 15 19 0.020720353 
249 438 11 13 0.020287683 
663 443 14 17 0.020287607 
449 452 14 17 0.02020999 
982 417 15 19 0.020102391 
