61_Street_Battle_streetfight_61_913
42
232 315 26 32 0.972178 
891 126 115 133 0.85723144 
127 309 39 53 0.70594394 
142 462 10 14 0.29217067 
142 199 14 15 0.23383951 
271 462 9 12 0.08802537 
51 240 143 228 0.07920361 
803 157 39 49 0.054400444 
644 358 10 13 0.049176987 
176 205 13 16 0.049079154 
267 267 15 19 0.04709328 
605 382 45 53 0.04362623 
872 563 22 27 0.042618252 
221 306 40 56 0.04153 
104 234 22 29 0.041524086 
897 127 69 83 0.039997946 
200 198 11 14 0.0396491 
652 78 441 433 0.03745321 
200 209 15 18 0.037139446 
6 320 13 15 0.0365585 
205 146 12 16 0.03445518 
77 267 94 136 0.03430773 
609 229 412 434 0.031537488 
104 288 55 68 0.03014846 
167 221 10 12 0.029704988 
973 9 14 16 0.027435998 
150 218 11 14 0.027415507 
928 583 10 12 0.026161062 
174 197 14 17 0.025249273 
135 215 9 11 0.025224745 
233 299 30 37 0.024706673 
169 118 9 11 0.023795119 
192 198 12 15 0.02372364 
659 371 11 14 0.023006527 
381 442 12 14 0.022552514 
415 402 11 13 0.022461915 
823 156 38 54 0.02229993 
116 199 11 14 0.022181725 
158 193 12 17 0.021945952 
941 397 11 15 0.020675465 
878 371 12 16 0.020236757 
855 163 118 129 0.020066163 
