61_Street_Battle_streetfight_61_936
23
834 382 33 41 0.9943093 
501 220 34 48 0.98608035 
128 264 36 45 0.9752068 
966 260 42 48 0.9164438 
671 324 28 37 0.43008584 
704 328 33 34 0.413834 
966 327 56 73 0.15265147 
974 243 33 43 0.05968041 
842 275 39 47 0.050933465 
1005 206 15 20 0.04830577 
677 324 46 48 0.04814363 
957 208 15 17 0.044924956 
765 232 58 66 0.043824006 
958 205 59 78 0.0385769 
976 233 28 31 0.03336661 
808 258 14 17 0.03244496 
781 245 35 40 0.025401859 
938 184 65 76 0.024041377 
608 717 44 48 0.02256686 
953 263 31 39 0.021575088 
858 705 63 59 0.021471698 
972 212 26 33 0.02036664 
898 225 54 65 0.020320406 
