61_Street_Battle_streetfight_61_50
18
453 153 39 50 0.9258923 
424 109 30 35 0.14461517 
409 116 44 60 0.08969717 
824 159 95 122 0.089296296 
525 126 11 14 0.06505509 
219 208 31 42 0.04795486 
854 173 109 123 0.04644914 
824 148 53 100 0.032520708 
884 155 78 85 0.03047414 
506 144 40 53 0.027190566 
439 109 20 25 0.026449673 
23 6 396 413 0.026383579 
86 134 81 101 0.022938792 
261 119 28 39 0.022889147 
198 64 32 38 0.02214648 
294 134 37 59 0.02184624 
430 129 42 55 0.02173468 
92 96 44 38 0.020005941 
