61_Street_Battle_streetfight_61_276
37
196 61 28 35 0.9976635 
345 61 25 31 0.997308 
64 124 27 33 0.9972615 
523 37 25 32 0.99708396 
50 76 25 30 0.9969687 
254 46 26 35 0.9958631 
8 51 24 31 0.9952513 
778 43 25 33 0.99519914 
312 22 27 36 0.99511874 
637 39 24 31 0.994655 
937 28 26 32 0.9916536 
125 45 22 28 0.9903756 
438 52 25 29 0.9897606 
583 36 24 28 0.98938864 
153 60 23 30 0.98651576 
174 45 22 29 0.98330164 
390 37 27 31 0.9811426 
811 22 23 28 0.9799024 
671 41 21 28 0.9718839 
487 47 20 26 0.92526907 
952 31 24 28 0.83026236 
465 41 21 27 0.7470067 
967 35 16 20 0.09703351 
501 321 14 16 0.076720245 
453 53 21 28 0.06599726 
467 67 14 18 0.05051165 
476 311 14 17 0.04212797 
287 322 15 16 0.03977937 
548 54 15 20 0.030328978 
468 56 15 20 0.028817743 
452 330 27 23 0.023113903 
692 43 13 19 0.022041025 
751 297 54 55 0.021924479 
718 116 12 15 0.021725982 
159 50 33 45 0.021525346 
750 331 18 18 0.020328896 
857 174 11 14 0.020033998 
