59_peopledrivingcar_peopledrivingcar_59_404
19
864 183 50 63 0.9985606 
789 103 25 36 0.36195275 
186 377 109 113 0.103801064 
698 82 15 18 0.103579774 
740 83 14 17 0.09292931 
773 100 32 41 0.06752799 
712 275 26 35 0.060408838 
622 30 114 104 0.04307187 
721 308 15 19 0.039037738 
791 83 45 61 0.030878393 
-95 243 532 435 0.030609712 
809 84 25 29 0.030319659 
655 60 70 65 0.028129268 
213 366 60 85 0.027423793 
619 196 25 34 0.024781343 
738 270 61 64 0.023041386 
803 74 15 21 0.02296975 
812 77 15 20 0.022399433 
130 345 241 219 0.021433411 
