59_peopledrivingcar_peopledrivingcar_59_763
49
444 216 50 57 0.99546164 
747 417 72 98 0.9873297 
581 118 12 16 0.26415122 
528 128 11 14 0.16677353 
568 141 10 13 0.1141224 
486 68 11 14 0.10409311 
526 104 14 18 0.09410855 
565 77 10 14 0.076175116 
251 31 12 14 0.052725594 
423 30 12 14 0.050066207 
169 91 10 12 0.046896733 
665 114 11 13 0.043247383 
616 124 13 16 0.042530682 
550 31 10 12 0.04245918 
518 32 9 11 0.041919354 
108 141 10 12 0.03986424 
407 3 12 14 0.039372083 
608 30 11 12 0.038444366 
520 65 12 15 0.038317718 
171 29 13 16 0.03599858 
534 20 10 12 0.035435885 
687 194 12 14 0.035226904 
658 127 8 11 0.03521814 
646 134 10 13 0.032603 
600 124 10 11 0.030827075 
558 14 9 13 0.030149272 
624 141 11 12 0.029754506 
549 69 10 13 0.027992819 
646 127 8 11 0.02684894 
437 70 10 12 0.02669747 
455 187 13 17 0.026296807 
619 231 15 17 0.026112646 
619 130 13 15 0.025105586 
94 9 449 520 0.02509632 
470 63 9 10 0.024961296 
640 204 11 13 0.024292203 
75 125 13 15 0.02350178 
645 140 12 15 0.023497742 
597 106 13 15 0.022631526 
95 88 11 13 0.022286624 
396 62 13 14 0.022001976 
632 116 10 13 0.021960849 
722 244 8 11 0.021381302 
103 130 13 17 0.021368148 
572 21 11 13 0.021150582 
608 34 13 16 0.020509357 
527 53 9 11 0.020208446 
176 1 10 9 0.020201983 
541 61 12 15 0.020095417 
