59_peopledrivingcar_peopledrivingcar_59_856
27
555 245 15 18 0.93205816 
184 253 21 22 0.8862769 
448 274 14 16 0.32210174 
0 299 10 16 0.15497677 
431 397 46 54 0.1073218 
958 310 8 11 0.06651251 
624 39 10 13 0.062809065 
664 358 9 11 0.06263776 
150 267 15 17 0.055237796 
648 347 11 14 0.050909895 
507 275 12 15 0.035177466 
645 307 426 532 0.029633438 
953 311 9 11 0.028820006 
79 333 9 11 0.028598625 
483 340 14 19 0.028141439 
138 328 32 36 0.027064286 
733 140 9 10 0.026035704 
118 315 12 15 0.02603146 
179 207 347 459 0.025031026 
880 311 8 11 0.023836205 
923 309 11 14 0.023004038 
306 220 8 11 0.022958195 
634 4 26 33 0.022648314 
944 311 8 10 0.021741066 
479 342 21 29 0.021640481 
636 322 10 15 0.021232445 
150 272 20 23 0.020299686 
