59_peopledrivingcar_peopledrivingcar_59_1019
35
298 499 24 35 0.9561638 
93 549 19 24 0.9546963 
123 557 16 21 0.9324997 
963 518 26 31 0.52527004 
311 453 213 242 0.47614032 
948 605 27 35 0.13616015 
811 529 35 60 0.12272866 
59 440 15 19 0.08568828 
4 371 12 17 0.06742754 
698 494 20 28 0.045692936 
1006 621 12 16 0.044585243 
884 448 35 47 0.04119526 
827 444 30 39 0.03649105 
1 327 11 17 0.031970523 
241 372 356 396 0.030806927 
50 318 16 19 0.030624297 
736 536 49 80 0.030077787 
809 432 19 33 0.029254707 
779 427 36 48 0.029188465 
403 11 11 15 0.02728565 
534 206 9 11 0.027053533 
90 276 13 16 0.026558718 
55 428 21 26 0.026185716 
687 279 8 10 0.02498096 
74 744 17 27 0.024494791 
272 213 10 12 0.023191879 
69 426 13 18 0.022646718 
0 367 20 30 0.022604793 
356 29 10 12 0.022328794 
650 576 15 18 0.02142696 
826 378 26 33 0.021274233 
66 434 14 19 0.020910462 
680 284 9 11 0.020543246 
832 397 46 53 0.020147733 
792 340 11 13 0.020059241 
