59_peopledrivingcar_peopledrivingcar_59_532
61
231 52 24 30 0.9832265 
64 87 26 34 0.98258567 
133 50 21 29 0.98125035 
0 74 22 31 0.96818715 
171 89 22 31 0.9466253 
95 50 22 28 0.937697 
300 73 18 21 0.7324857 
203 103 24 28 0.5901937 
381 98 15 18 0.35291904 
784 128 17 20 0.17643856 
877 83 14 17 0.1559288 
672 101 10 14 0.15537392 
400 84 13 16 0.11786939 
643 330 13 16 0.11718183 
943 131 11 13 0.091093294 
506 163 119 173 0.06349695 
742 115 23 32 0.060884867 
854 26 10 14 0.057353813 
872 83 13 15 0.045983877 
874 114 14 18 0.04469153 
535 83 14 18 0.04327241 
291 77 24 32 0.040440857 
502 89 13 17 0.03839901 
816 81 14 18 0.035116512 
11 329 414 385 0.031620048 
736 69 23 32 0.031189159 
650 324 12 15 0.031020503 
165 77 39 51 0.030828718 
192 97 44 53 0.029242141 
590 83 15 16 0.02849576 
895 123 10 14 0.027353743 
779 116 22 27 0.027250597 
403 80 12 15 0.027002262 
537 76 13 17 0.026980406 
455 30 12 16 0.026542718 
538 91 14 15 0.025738405 
221 47 38 50 0.02537795 
644 325 22 25 0.025002915 
647 349 12 15 0.024787227 
113 51 17 22 0.024499873 
685 102 9 12 0.024295928 
492 269 14 17 0.024258321 
873 109 24 29 0.024183169 
178 87 13 19 0.0237915 
675 104 13 17 0.02322102 
201 239 380 479 0.023178155 
255 124 15 19 0.023078462 
159 75 27 36 0.021887437 
863 109 10 13 0.021765573 
508 74 25 34 0.021361409 
902 139 12 16 0.021312376 
946 126 15 17 0.021308692 
843 162 10 14 0.021260455 
771 31 12 15 0.021244943 
423 152 213 253 0.020789012 
948 77 14 18 0.020565616 
884 117 13 16 0.020420946 
177 89 41 54 0.020269608 
622 191 10 13 0.02025375 
67 67 31 39 0.02019624 
969 3 23 27 0.02013904 
