59_peopledrivingcar_peopledrivingcar_59_659
20
187 253 27 34 0.9600966 
256 243 21 31 0.8926942 
788 322 22 33 0.8888448 
298 274 21 28 0.87514466 
510 243 19 26 0.712517 
593 256 18 31 0.46396437 
519 243 16 22 0.050973795 
794 332 24 30 0.036591146 
685 588 24 27 0.034144476 
625 631 51 66 0.0321877 
1003 283 15 18 0.029484278 
580 257 18 22 0.028871723 
263 236 24 37 0.024513338 
669 314 23 33 0.024116056 
588 253 17 22 0.02356111 
231 527 43 61 0.022435108 
291 268 34 42 0.021922158 
680 601 32 35 0.021334026 
246 249 17 22 0.020603027 
500 241 36 46 0.020075442 
