43_Row_Boat_Canoe_43_438
21
422 348 22 30 0.98125994 
761 348 22 28 0.8324364 
681 396 10 15 0.1137862 
937 101 10 13 0.10834018 
905 173 11 15 0.08540113 
392 261 10 13 0.043610305 
748 345 25 31 0.038683433 
290 208 14 18 0.03228722 
16 263 161 271 0.029296309 
117 271 10 12 0.026885679 
381 184 8 11 0.025977256 
456 201 8 10 0.024912102 
157 246 9 11 0.023830004 
412 215 11 13 0.02368832 
149 265 13 17 0.02336254 
368 294 10 12 0.02323785 
593 164 10 12 0.022149863 
940 96 11 14 0.02197241 
397 189 9 12 0.021940058 
289 52 24 32 0.020859918 
503 261 10 12 0.020525755 
