43_Row_Boat_Canoe_43_1048
85
437 281 52 64 0.99949586 
209 216 57 75 0.99942493 
565 250 54 73 0.99929726 
333 240 54 72 0.9989573 
763 228 54 71 0.9987546 
666 266 54 71 0.9983903 
59 138 17 22 0.24387285 
16 126 26 40 0.13534571 
1007 399 10 13 0.12666258 
952 421 10 14 0.08856406 
529 321 42 54 0.07917898 
930 414 10 13 0.07121665 
86 408 8 11 0.056673374 
978 407 8 10 0.05489579 
56 400 8 11 0.05305683 
966 397 9 11 0.049473435 
907 153 15 18 0.045525838 
1 355 7 11 0.0444133 
65 389 10 12 0.044246037 
976 449 8 11 0.043360703 
54 114 26 32 0.03803648 
78 377 8 9 0.036175802 
966 390 10 13 0.03587704 
833 233 42 60 0.034836113 
558 253 32 47 0.03481766 
944 353 9 10 0.034804318 
32 132 36 42 0.03461386 
143 463 9 11 0.033900134 
992 393 10 12 0.033565808 
159 102 428 458 0.03343348 
926 397 8 10 0.033380706 
868 142 26 31 0.03262176 
968 463 8 11 0.03157803 
1013 459 10 15 0.03139578 
54 373 9 12 0.031205544 
976 387 11 14 0.029864809 
951 439 9 12 0.028470255 
921 175 28 37 0.028299866 
958 342 11 14 0.02796019 
967 446 9 12 0.026827885 
593 522 58 51 0.02610394 
111 425 8 10 0.025976595 
127 432 8 10 0.0259657 
99 396 7 10 0.025533505 
44 143 31 42 0.025176495 
110 429 9 11 0.025050152 
79 327 8 11 0.024643747 
949 368 7 10 0.024504833 
955 426 11 15 0.024428759 
113 437 8 11 0.02430469 
51 129 21 25 0.024273127 
52 142 19 22 0.024188016 
9 372 9 13 0.023897778 
438 260 14 20 0.023846226 
947 444 11 15 0.023812003 
988 448 9 11 0.023696331 
19 124 14 20 0.023111021 
97 392 7 10 0.023041306 
950 417 10 13 0.022534389 
919 427 10 14 0.022522524 
951 463 10 11 0.02236368 
927 376 8 10 0.022206321 
879 144 30 32 0.02216075 
647 323 12 16 0.022079403 
50 345 7 9 0.021997882 
149 561 14 14 0.02198901 
1014 388 9 14 0.021789525 
30 360 8 11 0.021660075 
1015 421 8 13 0.021600671 
175 408 8 9 0.021425163 
853 246 31 44 0.021387521 
900 146 18 22 0.02134765 
50 373 8 11 0.021278292 
73 382 9 11 0.021258762 
90 366 8 11 0.021104047 
93 428 8 10 0.020844394 
958 383 7 10 0.020773951 
65 446 8 11 0.020772588 
135 430 8 9 0.020727219 
145 439 10 12 0.020632148 
137 424 8 10 0.020414358 
868 218 15 18 0.020294396 
82 413 8 10 0.020281088 
26 381 8 12 0.020199833 
918 407 8 11 0.02016548 
