43_Row_Boat_Canoe_43_757
20
520 199 44 59 0.9910898 
474 31 24 26 0.090274684 
618 57 16 18 0.087835394 
342 113 40 53 0.074604906 
484 147 20 28 0.057459153 
738 412 14 20 0.057208978 
513 51 18 21 0.04791806 
551 37 14 17 0.045467686 
460 30 25 27 0.030514434 
454 172 32 41 0.026610255 
586 181 47 62 0.026094032 
485 70 24 29 0.02575089 
368 285 51 58 0.024752986 
359 75 16 20 0.02295792 
531 76 16 22 0.022369863 
360 69 15 16 0.02224243 
497 86 25 26 0.021939414 
604 77 26 30 0.021635344 
623 53 19 21 0.020866701 
985 233 34 57 0.020748429 
