43_Row_Boat_Canoe_43_940
28
512 213 28 30 0.99959177 
677 300 27 35 0.99921846 
758 300 27 35 0.9989925 
117 396 28 35 0.9979411 
397 203 29 39 0.9975206 
247 241 26 36 0.9959667 
310 187 29 37 0.994586 
527 426 34 44 0.9224555 
430 244 12 15 0.07360885 
778 371 23 30 0.07298904 
527 419 68 72 0.06756153 
83 234 32 43 0.043848462 
220 302 14 20 0.04308223 
62 243 52 57 0.03932099 
456 278 36 38 0.036469698 
365 252 13 18 0.03512905 
-1 267 21 37 0.034516297 
2 320 37 78 0.033291895 
444 241 54 72 0.032199897 
19 271 40 48 0.02855929 
540 262 34 54 0.027629908 
37 255 38 52 0.025444418 
278 255 23 29 0.024971873 
420 304 14 17 0.02313371 
93 228 29 37 0.022800606 
612 244 30 41 0.022711111 
383 540 67 55 0.021490943 
574 268 27 33 0.020029169 
