43_Row_Boat_Canoe_43_784
36
206 468 25 31 0.9909887 
350 458 26 31 0.93244135 
400 425 20 24 0.9292756 
223 432 23 29 0.9076361 
659 444 19 23 0.722026 
392 475 12 16 0.11760107 
141 494 14 16 0.09563596 
435 473 13 18 0.077373765 
332 356 18 25 0.07029871 
10 548 35 50 0.05861298 
653 470 11 14 0.057386115 
17 528 42 49 0.05633495 
391 454 12 14 0.041506406 
234 488 24 29 0.039858114 
345 362 33 38 0.032380708 
136 505 20 21 0.032316435 
146 496 14 18 0.03093438 
178 507 16 22 0.030732779 
185 466 17 22 0.03010716 
600 418 11 14 0.02987927 
353 285 14 18 0.028368393 
405 462 13 17 0.02714905 
276 730 47 37 0.026829705 
951 284 13 17 0.02629904 
0 554 31 49 0.025875218 
337 361 26 31 0.024848336 
220 475 22 29 0.024542777 
199 464 21 30 0.024126366 
235 482 17 22 0.023774562 
382 474 13 18 0.0233236 
135 498 16 19 0.023148812 
419 424 15 20 0.022965996 
622 450 11 15 0.02283526 
18 564 42 40 0.022324985 
391 409 35 42 0.02218516 
404 473 12 15 0.022153055 
