43_Row_Boat_Canoe_43_942
25
909 460 27 30 0.9912889 
179 476 24 29 0.9760692 
466 437 20 24 0.94679976 
371 454 21 23 0.9442612 
264 383 13 15 0.6602351 
363 510 24 36 0.3668447 
279 364 21 23 0.13359445 
836 387 12 13 0.12057102 
483 466 16 19 0.081162654 
325 357 12 17 0.054244418 
290 363 17 20 0.046827156 
288 336 10 11 0.045386057 
300 363 12 18 0.04507527 
316 346 13 15 0.036696646 
291 338 12 14 0.035734165 
999 390 12 15 0.03227669 
369 517 31 36 0.031961054 
174 478 17 23 0.028771907 
268 372 15 18 0.02803139 
272 363 14 19 0.026058592 
846 371 10 13 0.022492588 
310 369 11 17 0.022182846 
0 667 96 109 0.020674031 
273 377 16 19 0.020379517 
276 357 16 21 0.02027592 
