43_Row_Boat_Canoe_43_458
22
885 426 12 16 0.9723823 
848 426 10 13 0.5281084 
747 421 7 10 0.4824635 
731 421 7 9 0.4572936 
686 417 7 10 0.33802715 
709 421 7 10 0.29400274 
818 428 12 15 0.21926051 
661 408 8 10 0.1343517 
7 302 11 13 0.11369031 
657 414 9 11 0.0728704 
558 154 13 16 0.06936039 
820 424 10 12 0.04974727 
792 428 8 11 0.046759177 
638 410 8 9 0.032291193 
624 417 7 9 0.030433852 
523 389 6 8 0.028067926 
21 292 10 12 0.027114246 
512 372 6 9 0.02683131 
749 417 9 12 0.0262057 
424 342 10 12 0.022525523 
656 420 8 11 0.022183318 
837 443 9 13 0.020096144 
