43_Row_Boat_Canoe_43_325
53
991 363 15 20 0.9854741 
691 396 17 23 0.93590957 
797 416 18 22 0.9302324 
188 383 14 19 0.8806489 
323 404 13 19 0.83776796 
918 421 16 20 0.48800048 
546 359 9 13 0.29676378 
455 408 12 14 0.28373867 
468 348 10 13 0.15680724 
578 406 13 16 0.13846534 
789 371 9 12 0.09830092 
448 395 10 13 0.06386738 
422 352 9 11 0.06117261 
437 406 12 16 0.05709971 
384 376 17 24 0.055071343 
129 272 443 568 0.055033997 
473 407 9 11 0.054930083 
438 376 9 11 0.042224087 
204 409 16 19 0.040420778 
676 372 12 14 0.04041713 
227 351 10 12 0.036620993 
328 406 18 21 0.035529867 
501 366 10 12 0.035112843 
596 352 9 11 0.034600575 
439 380 10 14 0.033438403 
400 399 17 21 0.033320278 
129 357 9 11 0.03266787 
845 452 9 12 0.030201253 
452 391 11 14 0.029908795 
446 405 11 15 0.02964227 
602 400 8 13 0.029006556 
314 358 9 12 0.028176378 
440 385 11 15 0.02731722 
428 358 10 13 0.026344331 
339 405 13 17 0.026321886 
389 381 23 31 0.02598833 
169 299 225 261 0.024457186 
453 438 12 15 0.023987899 
518 452 10 12 0.02376217 
466 344 10 12 0.023041908 
588 403 13 16 0.022922767 
734 472 10 14 0.022251712 
923 415 13 18 0.022229671 
576 499 14 17 0.022133848 
575 395 11 14 0.021874333 
678 377 12 16 0.021259652 
430 364 10 12 0.020608323 
568 406 13 15 0.02055823 
593 355 11 14 0.020394726 
581 398 11 14 0.020274809 
568 395 10 13 0.020213412 
440 398 9 13 0.020204863 
419 411 12 16 0.02015046 
