51_Dresses_wearingdress_51_739
42
439 109 130 179 0.99899703 
254 169 28 37 0.9982766 
640 260 29 37 0.9973333 
907 277 33 42 0.99579406 
269 294 33 41 0.99546885 
570 287 56 73 0.9947018 
727 214 73 100 0.9935163 
999 250 26 42 0.98409617 
224 239 28 35 0.97936636 
864 240 33 42 0.9758848 
682 181 31 40 0.9497455 
52 241 52 109 0.5919097 
359 226 24 33 0.39632964 
216 303 29 35 0.19493924 
665 160 9 12 0.1814925 
974 301 16 20 0.075854436 
540 1471 17 22 0.057872284 
955 281 17 19 0.050398264 
998 597 23 38 0.05022535 
313 256 55 63 0.049763795 
475 1475 28 23 0.04937187 
342 230 25 34 0.03564422 
204 306 38 57 0.03521037 
992 305 12 16 0.032980576 
510 1429 10 13 0.030630646 
332 245 34 43 0.029663214 
241 233 34 47 0.029107379 
195 186 26 32 0.028297966 
846 293 24 30 0.027745213 
988 341 27 29 0.027450958 
51 701 12 16 0.025896994 
519 1413 10 12 0.024468122 
0 634 10 19 0.023799473 
261 227 37 47 0.02338639 
12 668 10 13 0.023133531 
973 303 24 31 0.023049407 
71 249 62 77 0.022714362 
192 196 33 41 0.022357073 
346 236 35 43 0.021714631 
675 195 46 63 0.021434546 
36 638 13 15 0.020425005 
957 276 26 30 0.02000827 
