51_Dresses_wearingdress_51_633
133
426 105 115 138 0.99902403 
677 263 13 16 0.25030664 
206 363 12 15 0.20910737 
215 837 10 14 0.13814685 
372 11 11 15 0.12660377 
417 7 24 34 0.11857754 
260 578 13 18 0.11152529 
118 359 10 13 0.09624604 
956 178 12 16 0.09521123 
354 119 13 15 0.08856872 
730 373 13 17 0.082928315 
78 326 10 13 0.06891997 
268 111 11 14 0.059821602 
43 407 9 12 0.05979596 
106 496 9 11 0.05917389 
758 315 14 17 0.05344686 
135 326 9 11 0.05175808 
627 221 16 22 0.04966861 
439 18 11 17 0.047222447 
31 959 29 38 0.046736747 
428 12 15 23 0.046439555 
238 203 13 16 0.046092764 
691 244 17 22 0.044676967 
38 196 11 14 0.0442683 
791 189 11 14 0.042186305 
336 34 12 17 0.042089075 
3 394 11 16 0.041826688 
246 405 12 16 0.04166334 
186 855 15 20 0.04092906 
234 796 14 19 0.04014361 
736 270 13 17 0.039426554 
171 877 13 18 0.039348524 
154 211 9 13 0.038817648 
254 552 14 17 0.038766872 
7 432 8 11 0.03778301 
973 149 18 20 0.037428282 
48 915 12 16 0.03711743 
252 268 9 12 0.036807172 
667 220 16 21 0.035789687 
4 860 11 13 0.03468347 
883 250 13 17 0.034481384 
253 102 12 15 0.033876177 
313 15 12 15 0.033766177 
112 366 9 11 0.033493932 
81 399 11 13 0.033348367 
230 482 10 12 0.03281859 
668 185 14 17 0.032679692 
178 574 11 14 0.03249153 
32 1055 44 52 0.031523835 
72 569 10 13 0.031293713 
241 501 9 13 0.03108875 
374 46 10 13 0.030768067 
923 221 16 17 0.02998835 
182 350 9 12 0.029733507 
221 645 9 11 0.029715436 
794 602 12 17 0.029382495 
937 447 53 71 0.02935057 
138 487 9 11 0.029007854 
1003 181 11 14 0.028977318 
129 340 8 11 0.02770202 
86 367 9 13 0.027659977 
158 76 9 12 0.027336612 
879 441 54 65 0.027335798 
189 590 10 13 0.027227968 
103 222 9 11 0.027102893 
627 155 14 18 0.026923338 
102 88 10 12 0.02661638 
175 104 9 12 0.026565988 
149 278 10 11 0.026495488 
709 198 13 17 0.026480561 
12 186 11 15 0.02627906 
91 485 12 14 0.02611845 
170 812 21 31 0.026104715 
214 124 10 13 0.02607335 
198 207 9 12 0.025507027 
397 68 9 11 0.025423493 
204 795 16 20 0.025293348 
61 406 12 15 0.02527779 
342 18 11 13 0.025217019 
55 258 11 15 0.02519076 
148 310 7 9 0.02487607 
230 183 8 10 0.024277216 
296 67 10 13 0.023615243 
361 68 10 14 0.023504518 
213 119 10 12 0.023443034 
404 13 25 32 0.023431508 
725 211 11 13 0.023104127 
173 391 10 13 0.022966322 
279 571 11 16 0.022798115 
31 189 10 13 0.022783753 
1 498 10 17 0.022740053 
742 391 9 12 0.022738717 
185 802 14 17 0.022569532 
2 323 8 14 0.022520775 
1010 293 13 20 0.022487681 
220 674 10 12 0.02242344 
168 861 12 14 0.022390818 
143 238 10 13 0.02231512 
250 265 8 10 0.022303814 
693 241 12 15 0.02197632 
206 637 9 11 0.021869484 
216 915 13 17 0.021853052 
129 335 8 11 0.021819722 
190 12 10 12 0.021806106 
743 226 12 16 0.021753203 
13 755 33 40 0.021670645 
346 0 16 17 0.021629052 
227 556 16 21 0.021567378 
769 283 11 14 0.021540074 
3 965 22 30 0.021513144 
181 372 8 11 0.021491805 
57 405 11 14 0.021445932 
901 308 14 17 0.021362556 
587 0 15 13 0.02134744 
258 103 14 16 0.02132262 
309 19 21 28 0.0212949 
133 332 9 11 0.021265626 
615 204 27 40 0.021259256 
215 391 10 12 0.021256695 
125 358 9 12 0.021063985 
6 194 23 32 0.020907767 
34 200 15 20 0.020740736 
173 75 10 13 0.02053173 
54 297 14 19 0.020440761 
721 287 10 13 0.020410325 
140 173 10 11 0.020395687 
79 287 10 14 0.020306442 
56 357 10 12 0.02028523 
739 279 16 20 0.020283999 
844 353 12 15 0.020262944 
85 45 11 15 0.02023811 
154 119 8 11 0.020211414 
784 389 11 15 0.02003824 
