51_Dresses_wearingdress_51_727
53
608 45 58 74 0.9995135 
278 77 107 176 0.9977324 
794 26 60 89 0.9976247 
498 51 17 22 0.753607 
544 68 17 23 0.701769 
636 2 32 33 0.6503694 
464 248 39 63 0.5630211 
694 68 23 29 0.44314617 
840 775 50 54 0.3311431 
909 70 13 17 0.25399995 
564 54 16 22 0.22995582 
533 70 22 28 0.1784135 
659 3 17 21 0.17669016 
963 0 13 14 0.14326088 
529 80 17 19 0.10582982 
939 73 16 20 0.10079574 
157 52 85 132 0.0833683 
984 54 11 15 0.07937976 
499 18 14 18 0.064117804 
921 12 12 16 0.06280787 
518 67 11 15 0.06230418 
428 225 41 61 0.048407685 
685 60 13 17 0.04758189 
687 0 28 26 0.045636583 
688 57 26 30 0.043395292 
746 24 39 56 0.041898355 
581 68 24 28 0.041440874 
689 0 18 16 0.03874337 
956 60 10 13 0.03507803 
585 49 28 41 0.033546083 
937 68 14 16 0.033522982 
709 49 14 19 0.0324903 
203 380 243 291 0.031102177 
892 4 11 15 0.029873256 
625 7 48 58 0.029607328 
697 48 29 37 0.02932336 
927 69 28 34 0.029148385 
699 7 19 22 0.028469836 
527 29 19 25 0.027057853 
569 55 22 29 0.026914963 
186 45 66 95 0.02656691 
884 9 22 34 0.026308078 
792 -3 35 42 0.026059225 
945 0 24 23 0.024306899 
3 391 16 20 0.024190158 
0 230 24 38 0.022828206 
543 63 14 18 0.02239085 
553 65 17 22 0.022377007 
705 77 18 22 0.02231411 
763 28 15 18 0.022236899 
581 59 18 23 0.022100208 
934 79 18 21 0.02132218 
756 32 17 20 0.020227976 
