51_Dresses_wearingdress_51_150
26
722 63 69 100 0.99783283 
193 61 79 110 0.9955101 
11 78 19 24 0.20776288 
774 433 16 21 0.18113706 
12 533 12 13 0.1765657 
80 69 11 14 0.09183068 
84 95 13 16 0.07380228 
717 313 13 15 0.07052199 
91 203 12 14 0.06992039 
151 394 12 15 0.052450296 
30 476 13 16 0.041728895 
95 94 9 13 0.040320866 
12 131 14 20 0.038331132 
292 485 12 17 0.03488031 
76 425 26 31 0.034816798 
165 363 13 19 0.030683534 
774 345 14 18 0.028449658 
78 38 13 18 0.02722329 
62 11 11 13 0.02667299 
131 481 18 21 0.024939666 
81 75 13 15 0.024503145 
80 141 17 21 0.023753421 
179 365 14 16 0.021595314 
33 116 23 30 0.021460302 
106 399 8 11 0.021407422 
108 603 12 16 0.020098967 
