51_Dresses_wearingdress_51_914
52
630 82 30 39 0.9996247 
816 758 130 172 0.9994185 
124 53 67 81 0.9993781 
453 45 52 68 0.99809855 
553 760 73 99 0.9833382 
823 95 55 73 0.9680337 
445 259 38 51 0.96617514 
447 467 31 43 0.60825527 
322 1367 8 11 0.1355138 
164 1188 10 13 0.11045096 
296 1315 11 13 0.077549614 
281 1299 10 13 0.077206574 
164 1325 11 14 0.060433824 
175 1174 10 14 0.059091777 
267 1293 10 13 0.055438135 
183 1307 10 14 0.049231578 
191 1183 9 11 0.041634843 
317 1351 9 11 0.041306023 
397 1102 23 27 0.041132826 
185 1247 9 11 0.0395208 
319 171 48 54 0.037142377 
161 1231 10 12 0.036942706 
198 1147 13 16 0.034906916 
95 767 101 115 0.033720843 
188 1142 22 25 0.03342923 
937 1309 9 11 0.03262905 
391 1106 14 18 0.032345332 
260 1134 14 19 0.03117776 
69 1163 12 14 0.030081315 
317 1356 10 13 0.02853088 
541 1329 15 17 0.028496826 
247 1307 11 12 0.02828187 
190 1077 10 14 0.028080067 
833 136 61 73 0.027469037 
215 1238 11 14 0.02728608 
186 1316 9 12 0.027161598 
225 1253 9 12 0.026013657 
90 129 44 63 0.025823988 
250 593 458 525 0.024650712 
313 1356 9 11 0.024418723 
150 1272 7 10 0.023745136 
181 1180 9 12 0.023371758 
103 851 108 133 0.02301623 
169 1172 11 14 0.022813296 
293 1001 414 504 0.022771383 
200 1181 11 14 0.022536956 
796 93 53 74 0.0224963 
181 1148 16 19 0.02202412 
334 1352 8 10 0.021896515 
356 1342 11 16 0.020951696 
161 1185 10 13 0.020646514 
294 1288 8 11 0.02008682 
