51_Dresses_wearingdress_51_340
30
562 346 75 95 0.99747723 
190 964 12 16 0.12077388 
199 1023 10 13 0.119188845 
42 313 17 21 0.11225418 
171 1259 13 16 0.07723253 
365 1175 9 12 0.074448965 
17 838 9 13 0.06365151 
30 875 8 11 0.04570707 
39 434 12 14 0.044438407 
184 964 12 16 0.040490415 
41 309 13 16 0.036573723 
203 933 13 16 0.031343922 
142 1090 11 13 0.031104779 
175 965 10 15 0.028625198 
138 402 353 477 0.026967818 
235 1062 13 15 0.02624945 
197 1012 12 14 0.025982035 
190 1003 15 18 0.025932644 
312 693 9 12 0.024975177 
18 857 7 9 0.023581533 
155 1198 12 15 0.023504734 
669 1319 62 60 0.022564052 
290 980 9 11 0.021968976 
230 926 9 11 0.02163236 
894 563 10 13 0.021441683 
203 1020 10 14 0.021110645 
87 524 9 11 0.021068998 
190 1221 13 15 0.021040106 
231 858 10 12 0.020880532 
193 1023 10 13 0.02081642 
