51_Dresses_wearingdress_51_464
42
390 226 271 347 0.9994899 
25 378 128 168 0.99895513 
742 416 59 71 0.99568117 
787 277 19 23 0.70780474 
896 391 22 28 0.64037067 
809 324 19 24 0.25638527 
42 802 483 526 0.24553184 
991 313 26 41 0.08143839 
217 1204 17 22 0.07005399 
612 478 58 99 0.06993285 
910 447 25 33 0.05071429 
947 319 29 40 0.04482176 
1006 569 13 19 0.04452068 
690 296 29 40 0.04369712 
800 330 40 51 0.04085856 
156 956 142 127 0.040165544 
844 414 25 35 0.04015846 
718 444 56 77 0.039085522 
994 600 30 42 0.03756891 
1011 328 13 26 0.036178272 
734 367 37 53 0.03245055 
106 914 290 279 0.031286776 
704 352 30 34 0.031018103 
952 370 58 76 0.030207757 
710 390 22 29 0.03003946 
909 442 18 22 0.029253034 
892 384 35 44 0.02871256 
720 387 28 43 0.028575161 
811 317 16 17 0.028138485 
791 286 19 22 0.02800401 
737 297 16 19 0.026509505 
803 366 44 61 0.026459316 
707 372 27 35 0.026382327 
705 362 18 21 0.025781762 
953 303 28 36 0.025578514 
55 1059 82 70 0.023774372 
981 304 28 37 0.022431072 
953 387 26 30 0.022117142 
295 1293 37 36 0.02182761 
957 552 33 39 0.021505944 
915 432 31 38 0.020906622 
911 381 26 34 0.02046583 
