51_Dresses_wearingdress_51_327
105
457 142 142 189 0.9991748 
813 1435 20 25 0.13861075 
363 292 29 39 0.12810065 
779 66 26 30 0.123093165 
404 1692 14 18 0.0808847 
357 1645 11 13 0.07779615 
242 39 37 45 0.06740954 
697 103 9 11 0.06343946 
1010 730 13 18 0.06172155 
871 1394 13 17 0.057205286 
620 136 14 17 0.055376854 
876 173 11 14 0.054622848 
317 341 31 44 0.042777333 
828 350 12 16 0.042642634 
366 125 9 14 0.04256969 
954 718 13 15 0.0414575 
455 1684 9 12 0.041400973 
851 23 25 35 0.041123185 
612 129 23 29 0.04064095 
55 1509 13 15 0.040460393 
391 1677 10 13 0.040367413 
790 837 9 11 0.039828587 
932 166 12 16 0.03937227 
381 167 11 14 0.038975414 
768 831 9 11 0.038491156 
728 1246 10 13 0.037886504 
815 1654 10 13 0.036975145 
701 104 9 11 0.036947954 
687 83 9 12 0.03666682 
140 116 16 21 0.03620649 
784 32 16 19 0.03472224 
271 243 9 11 0.03394931 
817 852 9 11 0.03297798 
895 180 11 15 0.03289414 
793 356 22 25 0.031946585 
288 1381 27 39 0.031722996 
861 186 15 17 0.03161495 
39 1469 11 13 0.031601634 
829 133 10 13 0.031381715 
296 220 10 12 0.030796159 
768 60 12 15 0.029985758 
896 932 10 13 0.02959996 
709 81 12 15 0.029426526 
1011 1074 10 15 0.029334178 
391 295 12 16 0.029028477 
895 887 9 11 0.028920487 
767 1029 14 17 0.02875875 
269 329 28 36 0.028757237 
815 314 13 17 0.028693134 
885 854 9 11 0.02822402 
637 78 11 14 0.028214699 
815 375 12 16 0.02722509 
-37 1266 426 440 0.027146956 
933 677 11 15 0.027120348 
690 322 30 36 0.027100982 
748 324 11 14 0.026831977 
773 55 44 50 0.025489526 
790 870 9 11 0.024933986 
929 170 10 13 0.024778074 
859 27 16 21 0.02432263 
243 428 30 40 0.024170017 
807 1683 11 14 0.024013044 
877 685 9 12 0.023944177 
729 85 11 14 0.023816507 
617 62 27 31 0.02373556 
627 67 15 17 0.02351484 
753 342 8 11 0.023375537 
366 1643 12 16 0.022916744 
875 1391 12 15 0.02290737 
475 1654 11 13 0.022783542 
860 359 9 11 0.022746358 
893 651 10 13 0.022580497 
727 32 11 13 0.022479877 
757 75 10 13 0.02226954 
239 49 23 37 0.022173459 
897 703 10 12 0.02214284 
973 645 12 15 0.02203994 
861 1390 24 28 0.022008933 
877 721 9 11 0.021850405 
975 659 12 15 0.021796964 
775 837 9 11 0.021786934 
397 1686 14 18 0.02175654 
902 670 10 11 0.021532327 
789 1215 12 14 0.021446707 
422 1678 9 12 0.02122741 
863 375 14 17 0.021162191 
437 1676 11 13 0.02109817 
67 70 26 32 0.021014364 
558 1703 12 14 0.020962127 
920 706 10 14 0.020913633 
800 1622 10 12 0.020838011 
375 166 12 16 0.020786576 
838 355 10 12 0.020762382 
940 662 12 14 0.020610036 
813 1599 10 14 0.020549122 
54 1260 217 329 0.020509638 
417 1680 9 11 0.020494843 
773 48 11 13 0.020492105 
628 99 12 14 0.020404207 
255 252 9 11 0.02016827 
-1 107 32 47 0.02012567 
888 394 13 17 0.02010325 
185 -3 60 66 0.020058997 
740 287 9 12 0.02002531 
392 1692 11 15 0.020016968 
