51_Dresses_wearingdress_51_549
72
864 40 85 116 0.9985428 
602 38 74 107 0.9901958 
343 46 73 104 0.98860127 
92 32 79 99 0.98783475 
182 483 9 11 0.17629117 
149 554 7 9 0.08132927 
133 509 7 9 0.06718826 
86 615 9 11 0.065959424 
171 532 7 10 0.061649907 
134 557 8 11 0.05667084 
95 637 7 9 0.0557081 
154 569 8 10 0.054046586 
638 525 12 16 0.05174066 
181 374 8 10 0.04641252 
167 565 8 9 0.04346523 
164 582 8 11 0.042722367 
192 510 8 10 0.041723482 
203 364 6 9 0.03849204 
186 384 8 10 0.038450863 
173 445 8 11 0.037617348 
167 260 9 10 0.03288183 
149 748 9 11 0.031136852 
189 440 7 10 0.030100405 
80 577 7 8 0.030060189 
164 720 7 10 0.029701564 
103 376 8 10 0.029499205 
70 536 7 10 0.029410526 
105 527 8 10 0.029381722 
158 665 7 9 0.028944792 
191 580 7 9 0.02882183 
78 653 7 10 0.02842439 
195 472 8 10 0.028347595 
95 576 8 10 0.027480934 
69 672 8 10 0.02740952 
58 608 8 11 0.026878824 
190 560 7 10 0.02687398 
142 598 8 10 0.026435472 
632 526 12 15 0.02620612 
135 419 8 11 0.026172737 
89 561 8 10 0.025742713 
93 665 9 12 0.025391148 
142 465 8 10 0.02528718 
147 503 7 9 0.025184864 
218 510 8 10 0.025171489 
6 155 75 134 0.024882467 
181 425 7 9 0.024642525 
174 623 8 11 0.024564639 
799 499 105 113 0.024054896 
174 497 7 9 0.023956917 
75 463 8 11 0.022980386 
152 609 7 9 0.022938134 
120 497 6 9 0.02291639 
142 631 8 10 0.022819286 
149 584 8 10 0.022702709 
154 537 7 9 0.02258849 
178 550 8 10 0.022351895 
147 519 8 10 0.02206061 
171 413 7 9 0.02197882 
89 695 8 9 0.021877808 
152 436 8 10 0.021800209 
152 283 8 11 0.02179899 
207 398 7 10 0.021328121 
134 390 9 11 0.021296777 
94 412 7 10 0.021107633 
174 500 8 11 0.021098133 
115 464 6 9 0.02099295 
79 581 9 11 0.020822624 
159 567 7 10 0.020793764 
98 551 8 9 0.020654427 
150 726 8 10 0.020412454 
186 501 7 10 0.020137828 
177 281 8 9 0.020076234 
