51_Dresses_wearingdress_51_339
44
442 188 169 233 0.9992995 
659 315 105 147 0.99065316 
869 371 32 62 0.31430656 
152 25 133 169 0.25755775 
932 230 92 157 0.24740933 
862 15 43 51 0.1393393 
747 365 58 99 0.11248705 
885 365 52 70 0.08301451 
184 207 19 23 0.0727923 
268 79 54 65 0.061811138 
896 60 122 141 0.060158297 
154 362 29 35 0.05927277 
224 48 97 123 0.055188123 
868 176 156 234 0.05461548 
604 250 143 205 0.047131084 
243 454 203 264 0.04425677 
236 418 50 60 0.041466255 
210 1106 123 91 0.040125564 
107 302 343 442 0.038964152 
136 337 53 69 0.03370031 
450 39 35 44 0.03177028 
783 796 106 147 0.030121546 
924 280 62 100 0.0300479 
192 54 79 98 0.029843569 
58 387 17 23 0.028761711 
808 151 62 86 0.027829848 
25 323 71 89 0.027228102 
773 833 54 59 0.025383886 
986 390 35 49 0.025206422 
189 204 25 31 0.025199931 
692 251 107 144 0.024167195 
910 311 54 84 0.024086103 
965 268 15 22 0.023477226 
856 79 109 127 0.023311436 
912 111 39 54 0.023236865 
960 149 51 76 0.0224242 
901 107 110 207 0.021712987 
168 362 33 36 0.021347998 
888 323 86 117 0.021252174 
153 342 217 272 0.021197323 
718 292 99 167 0.02090462 
835 85 45 60 0.020609654 
372 43 51 60 0.02060896 
575 695 369 459 0.020448763 
