51_Dresses_wearingdress_51_306
50
425 148 94 137 0.99926895 
492 1311 9 11 0.07011506 
201 142 475 409 0.06534374 
127 347 11 14 0.058314722 
86 275 14 17 0.050245963 
126 -69 432 521 0.049690567 
158 338 13 16 0.044066824 
954 1316 8 11 0.0418187 
185 339 9 13 0.040893864 
245 364 13 18 0.037764456 
578 49 8 10 0.036823776 
654 1257 8 9 0.035609357 
132 343 11 14 0.035457022 
241 458 22 28 0.0341445 
37 888 15 17 0.033449966 
175 313 11 14 0.032414623 
136 1223 8 10 0.031997807 
236 511 384 492 0.031290893 
1011 1324 11 17 0.031212969 
1 345 12 17 0.029857451 
1011 1136 13 20 0.029327186 
285 466 19 22 0.029157849 
121 348 13 15 0.027278489 
84 316 22 27 0.027234258 
75 771 12 15 0.026905335 
111 296 9 11 0.026025273 
478 1317 8 11 0.024981696 
166 314 11 14 0.024950609 
29 192 9 12 0.023817638 
234 369 14 18 0.023802647 
119 312 15 18 0.023639947 
83 246 11 13 0.02319094 
132 135 11 14 0.023165861 
149 370 24 29 0.023129294 
40 319 11 15 0.023001434 
3 90 14 19 0.022618975 
147 442 31 39 0.022523616 
937 934 8 10 0.022500789 
60 260 11 14 0.022115123 
977 344 8 10 0.022098213 
77 262 23 27 0.02190322 
79 275 14 17 0.021821756 
83 252 12 15 0.021692902 
1014 1317 9 15 0.021257669 
175 341 11 13 0.021133663 
417 -1 465 522 0.021131435 
59 266 13 18 0.021087341 
68 317 13 19 0.020910364 
41 999 11 14 0.020689305 
118 324 11 14 0.020295994 
