51_Dresses_wearingdress_51_789
24
363 88 125 161 0.99929 
585 831 10 12 0.07327891 
503 852 9 12 0.0701561 
34 1129 435 596 0.049690496 
541 803 9 11 0.03863521 
572 859 11 14 0.036959764 
25 27 146 165 0.03493893 
583 309 11 13 0.034814827 
51 59 45 59 0.033082675 
543 1156 431 551 0.030770117 
507 874 11 12 0.029370967 
440 828 11 12 0.02672382 
517 838 10 13 0.025432363 
639 992 511 555 0.024957785 
574 797 10 11 0.02478462 
543 814 10 12 0.02405474 
445 358 12 14 0.023258608 
556 279 11 13 0.022952856 
556 808 9 11 0.02117381 
576 828 10 13 0.020660177 
574 793 7 10 0.020628007 
501 859 11 14 0.020589268 
510 357 9 12 0.020148115 
655 318 9 12 0.020118246 
