51_Dresses_wearingdress_51_1012
29
520 163 109 149 0.99962294 
1 537 43 61 0.99379975 
120 469 36 46 0.98540527 
228 427 37 44 0.9698435 
82 497 36 48 0.9635465 
166 466 34 45 0.94223523 
39 509 34 44 0.93175656 
243 440 31 38 0.57818806 
16 520 44 59 0.37733364 
170 441 34 43 0.3299504 
257 451 20 29 0.09200882 
628 1212 13 17 0.06481371 
102 718 30 35 0.04971184 
869 107 86 139 0.04567723 
735 1221 12 15 0.043131847 
112 746 56 69 0.037874125 
899 125 25 34 0.035490766 
283 495 22 27 0.035152335 
877 139 56 84 0.033298876 
0 783 12 26 0.03239235 
79 729 95 123 0.030548649 
134 700 46 53 0.023460992 
655 847 8 11 0.022819452 
108 711 46 51 0.02266891 
848 88 35 46 0.022381745 
528 1199 12 15 0.02214538 
93 730 59 61 0.02210866 
48 518 22 27 0.021638276 
289 532 22 28 0.020421803 
