17_Ceremony_Ceremony_17_220
122
581 289 12 15 0.95329285 
379 304 9 12 0.6036763 
446 365 11 14 0.45657033 
713 202 22 26 0.35373452 
483 299 12 16 0.29437786 
552 379 13 16 0.28439847 
525 378 15 23 0.26717877 
272 386 21 30 0.26455787 
52 370 15 21 0.23950753 
460 384 18 24 0.21079186 
647 284 13 16 0.20969397 
337 365 10 12 0.15044472 
539 355 12 17 0.13792348 
327 397 14 22 0.13586137 
483 339 12 16 0.1286198 
162 381 11 15 0.120381474 
46 372 14 19 0.11878089 
953 394 13 16 0.11756073 
347 341 8 11 0.11638698 
102 370 15 17 0.110757254 
101 387 14 18 0.10772681 
397 370 13 17 0.100937456 
901 397 11 14 0.09791197 
464 354 12 15 0.09258409 
376 376 10 12 0.09231623 
349 369 14 18 0.09202927 
215 373 9 13 0.08431971 
87 379 12 20 0.07923565 
337 229 9 11 0.07750412 
343 371 11 15 0.07432586 
296 393 19 21 0.06928276 
387 396 12 17 0.06732603 
455 371 11 15 0.062314205 
327 338 12 17 0.057629216 
229 380 10 13 0.054892622 
373 392 14 20 0.052310828 
317 390 15 24 0.050681718 
401 357 9 12 0.05056394 
307 386 12 20 0.049831998 
320 380 12 16 0.04974496 
403 351 9 11 0.049251568 
398 423 30 36 0.04906218 
100 377 16 20 0.048989914 
109 406 10 13 0.048302162 
276 333 9 10 0.04744188 
340 396 14 22 0.047098584 
902 389 12 16 0.044951234 
459 373 14 19 0.043274757 
94 383 11 18 0.042696428 
354 365 15 20 0.042562567 
213 379 9 14 0.042058766 
321 385 17 22 0.037717745 
377 394 19 23 0.03749609 
422 387 13 18 0.037262395 
134 374 11 12 0.03660164 
59 373 15 22 0.035599448 
176 366 12 16 0.03532249 
399 376 13 18 0.033954073 
80 364 9 11 0.033501558 
310 341 8 10 0.03327778 
484 430 35 40 0.033126503 
264 336 7 8 0.032832064 
234 278 12 15 0.032767862 
95 373 12 17 0.032738786 
404 379 13 19 0.032738127 
151 388 11 14 0.032187283 
432 373 9 12 0.031930316 
534 351 12 15 0.031888485 
337 370 13 16 0.0318553 
516 386 22 27 0.031422768 
382 338 12 16 0.031380646 
350 224 8 11 0.031023715 
288 391 20 26 0.03053814 
205 324 10 13 0.02965548 
62 358 10 12 0.02927299 
179 390 13 16 0.02901937 
565 440 13 18 0.028140316 
78 360 9 11 0.027847715 
366 385 13 19 0.027319703 
908 398 11 13 0.027160637 
400 279 9 10 0.02697227 
72 360 8 10 0.02683454 
276 445 42 48 0.026488414 
377 378 15 19 0.02635511 
355 378 15 18 0.026178984 
270 381 14 21 0.026058568 
385 320 8 10 0.025697436 
412 387 16 18 0.025472874 
269 366 9 12 0.025443083 
68 379 13 20 0.025382798 
318 232 7 9 0.02536261 
437 482 16 21 0.025204392 
59 367 12 15 0.025181651 
207 372 12 16 0.024870599 
468 350 12 16 0.024772733 
550 319 8 11 0.0245816 
533 316 9 12 0.024155587 
165 374 13 18 0.023359189 
346 393 16 24 0.02302143 
897 399 10 15 0.023017623 
158 376 13 16 0.022757603 
273 329 9 11 0.022375748 
413 379 14 17 0.022374809 
468 374 14 19 0.022326076 
545 378 12 19 0.022274023 
339 371 22 26 0.022179347 
105 393 16 18 0.022032274 
397 383 14 20 0.021940088 
208 380 11 15 0.021926966 
314 231 8 10 0.021857439 
504 381 12 16 0.021843957 
27 359 11 13 0.021744505 
325 327 11 14 0.02142379 
392 366 12 16 0.0213808 
404 381 20 27 0.021376617 
457 391 13 19 0.021123009 
85 365 10 12 0.020858208 
77 379 15 19 0.020746557 
395 392 14 21 0.020618489 
710 287 10 13 0.020567626 
309 336 9 11 0.02035466 
368 293 9 11 0.020259405 
