17_Ceremony_Ceremony_17_113
32
610 166 116 161 0.9995468 
355 208 113 135 0.99953794 
763 249 22 36 0.9874034 
829 303 27 37 0.98296136 
954 293 16 22 0.98215896 
530 284 22 34 0.88213277 
850 271 22 31 0.8172445 
245 308 18 27 0.7462973 
741 272 22 35 0.7355732 
838 306 30 39 0.16841742 
853 269 14 20 0.1553903 
819 297 13 19 0.078420006 
939 360 14 19 0.06264471 
289 292 23 38 0.04209044 
736 254 41 59 0.04024354 
819 296 20 31 0.03398113 
899 274 16 19 0.02986 
745 284 32 34 0.029689752 
802 235 22 26 0.026430322 
232 309 40 61 0.026145091 
867 272 26 28 0.02545498 
885 271 14 20 0.02518508 
220 329 36 60 0.024522629 
931 344 15 18 0.024478674 
925 311 12 15 0.023630284 
849 276 37 44 0.02305703 
168 319 32 46 0.02221218 
1005 278 13 15 0.021850422 
933 354 17 21 0.021782888 
893 272 13 18 0.020912377 
829 299 16 26 0.020718297 
168 336 44 59 0.020313736 
