17_Ceremony_Ceremony_17_765
111
876 297 14 21 0.99095154 
88 473 38 58 0.99043053 
926 297 13 19 0.9754562 
399 291 9 14 0.9662964 
238 305 12 15 0.94503075 
375 401 20 31 0.9431173 
670 289 12 16 0.93157053 
373 288 13 16 0.9274517 
716 286 12 17 0.89092135 
137 309 10 14 0.8677435 
80 306 11 14 0.8500896 
325 297 10 15 0.8291818 
795 284 16 22 0.8289705 
559 277 10 13 0.4585898 
835 309 11 16 0.37060317 
10 398 13 23 0.35506612 
137 339 18 21 0.21554255 
235 340 14 16 0.2149086 
109 401 13 16 0.16132122 
38 331 9 12 0.1193229 
182 316 13 16 0.11757848 
64 421 20 34 0.111636706 
288 367 13 15 0.0986279 
368 380 9 11 0.09403926 
452 286 10 13 0.09197353 
243 432 26 33 0.08836626 
6 407 14 20 0.084296525 
147 445 39 46 0.082490236 
40 401 39 39 0.075754285 
147 402 16 18 0.07469399 
33 331 9 11 0.07337875 
343 382 9 13 0.073086895 
310 400 15 21 0.07294718 
187 394 15 19 0.07243718 
73 410 22 31 0.070198305 
227 390 14 25 0.06289955 
423 287 9 12 0.061559193 
174 438 19 33 0.060026165 
101 403 17 20 0.056745615 
372 526 15 21 0.053484306 
243 395 15 19 0.051857915 
102 407 23 26 0.05124494 
62 404 25 31 0.047223244 
185 403 20 23 0.046455506 
516 432 36 46 0.045501024 
76 338 17 19 0.04475585 
209 384 19 25 0.04401161 
868 371 9 13 0.04354301 
523 444 12 16 0.04327681 
133 427 21 34 0.041215252 
366 347 10 13 0.040380284 
161 316 8 11 0.040125012 
165 317 8 11 0.038702205 
144 389 21 25 0.03760063 
0 395 11 18 0.034986835 
126 397 9 12 0.03437719 
252 430 30 44 0.033781037 
853 290 10 13 0.03246659 
195 402 14 18 0.032110456 
958 388 9 12 0.031947028 
857 309 8 12 0.031018713 
101 466 45 58 0.03081715 
94 387 10 13 0.03070652 
217 386 19 26 0.029329902 
920 291 13 22 0.02925484 
961 397 9 12 0.028529797 
806 260 10 13 0.028217385 
872 293 12 20 0.028212005 
711 363 8 10 0.027760569 
788 363 9 11 0.027507415 
783 275 9 12 0.02731898 
141 407 18 21 0.02699961 
815 281 13 18 0.02692332 
121 477 47 55 0.026897654 
115 398 12 14 0.026800204 
161 458 42 51 0.026676701 
89 382 11 14 0.026467053 
504 466 12 15 0.026335893 
360 379 9 12 0.025573328 
175 325 12 14 0.025471563 
284 445 18 22 0.025431054 
94 406 19 28 0.02476229 
121 444 41 53 0.0245719 
781 292 10 12 0.024488896 
238 389 14 20 0.024455536 
820 289 13 16 0.02410212 
165 329 12 16 0.023797266 
145 406 26 30 0.023327272 
776 292 9 11 0.022766609 
0 335 10 15 0.022749698 
794 277 11 15 0.022743594 
141 418 22 34 0.022312544 
802 278 14 19 0.022256533 
163 449 20 24 0.022224095 
314 405 18 22 0.021950722 
954 388 8 11 0.021897051 
68 427 27 38 0.021769075 
833 260 12 14 0.021423846 
147 381 14 17 0.02112687 
356 308 12 14 0.020903999 
121 431 28 44 0.020903777 
231 329 19 25 0.020762796 
905 282 11 18 0.020677038 
399 307 11 16 0.020559758 
729 364 8 9 0.020555459 
58 400 20 23 0.020283712 
666 285 12 17 0.020270081 
825 308 11 16 0.020250063 
864 324 9 12 0.020089483 
211 395 23 28 0.020078382 
241 400 24 27 0.020042079 
