17_Ceremony_Ceremony_17_418
183
716 169 25 30 0.99243116 
927 247 24 37 0.9609068 
557 176 25 33 0.9547679 
508 116 22 25 0.9288388 
249 104 22 27 0.9243681 
299 141 22 27 0.90681714 
87 135 26 32 0.8945127 
585 130 17 21 0.8792779 
469 123 16 20 0.8749417 
971 223 15 20 0.8695676 
660 124 15 20 0.8654129 
627 135 15 18 0.86220855 
204 122 23 29 0.8432642 
147 169 21 25 0.8339172 
276 136 18 22 0.7923996 
23 149 30 34 0.780107 
785 286 32 41 0.7509127 
169 111 17 21 0.6961255 
12 119 21 27 0.68917626 
764 130 17 21 0.67101115 
363 125 17 21 0.6363683 
948 197 16 19 0.6265057 
983 152 14 17 0.5749586 
62 93 10 14 0.5100559 
786 194 21 27 0.49736112 
702 128 18 22 0.46684697 
299 82 13 16 0.40034363 
697 155 17 21 0.39758492 
869 141 14 17 0.37764147 
906 132 9 11 0.34021088 
380 115 17 20 0.27280188 
789 144 16 20 0.22232217 
318 114 13 17 0.21822195 
957 217 12 15 0.17414255 
1006 150 11 13 0.17156017 
745 290 23 28 0.1660989 
995 206 14 17 0.16233376 
964 150 11 14 0.16057935 
859 109 11 14 0.15111934 
686 139 12 15 0.12097565 
119 87 10 14 0.11982932 
964 156 12 16 0.109330125 
893 128 9 12 0.09970039 
582 103 12 15 0.09334284 
933 257 36 44 0.092795 
127 70 10 13 0.08981824 
231 118 9 13 0.08683047 
67 94 11 14 0.08525138 
811 151 19 28 0.08451187 
160 133 9 12 0.08091525 
132 140 13 17 0.080489226 
966 124 11 15 0.077429265 
548 162 13 17 0.0748692 
706 243 26 31 0.07264755 
93 80 15 21 0.06933583 
557 140 10 14 0.06846914 
980 208 14 18 0.06643597 
940 125 13 16 0.0642813 
354 149 21 29 0.0640731 
344 150 21 28 0.061606888 
15 130 28 34 0.059643544 
8 157 12 15 0.05868507 
953 332 34 44 0.057901178 
500 166 40 55 0.056871433 
961 164 13 16 0.054186564 
81 63 9 12 0.052394684 
415 124 25 29 0.049141448 
460 104 10 12 0.048270445 
153 94 9 11 0.047618184 
152 156 16 19 0.047494046 
294 108 11 14 0.046540197 
982 128 11 13 0.043843918 
254 431 224 197 0.04324812 
73 78 11 14 0.0430282 
968 254 21 36 0.04164466 
689 134 19 24 0.040318247 
239 162 10 14 0.039537746 
705 158 22 29 0.038901005 
188 271 390 425 0.03870214 
719 242 21 31 0.03870084 
182 268 11 13 0.03848378 
492 130 13 15 0.036336236 
38 24 61 75 0.03603389 
786 303 17 23 0.035462976 
318 393 40 51 0.03488271 
145 86 8 11 0.03468965 
117 146 10 13 0.033752862 
339 150 17 21 0.033687707 
772 203 13 16 0.033201113 
406 103 12 15 0.03259679 
792 188 15 20 0.03115569 
958 143 13 15 0.03074966 
952 207 21 24 0.030581225 
692 133 12 15 0.030398233 
707 118 14 18 0.030149277 
60 188 53 72 0.030133002 
809 163 13 16 0.029436314 
168 248 19 22 0.029319938 
153 195 11 15 0.029120577 
974 214 14 17 0.028877992 
270 155 10 14 0.028835908 
544 166 25 31 0.028698642 
752 127 24 26 0.028694786 
854 164 11 14 0.028627677 
86 77 15 19 0.028626591 
172 142 14 19 0.028483445 
182 85 11 14 0.028468678 
938 275 20 24 0.028231308 
751 131 14 17 0.027889747 
33 164 19 22 0.027662221 
174 174 10 12 0.027601985 
708 62 9 11 0.027500954 
1006 182 10 12 0.02744345 
263 225 12 17 0.027441915 
952 260 31 36 0.026821066 
699 141 22 28 0.026684273 
190 101 10 14 0.026517572 
886 192 16 21 0.026445173 
679 133 12 16 0.026348026 
64 112 10 13 0.02609365 
965 205 11 14 0.025953153 
313 110 11 15 0.025896568 
431 92 12 14 0.025894744 
566 126 12 14 0.02578048 
95 70 12 15 0.025629187 
245 133 13 16 0.025588363 
42 162 15 20 0.025528027 
149 87 10 12 0.025376394 
189 127 12 15 0.025272606 
314 69 10 13 0.025256166 
975 157 11 14 0.025137456 
137 142 21 26 0.025130937 
473 101 8 11 0.024957178 
772 157 13 17 0.024940526 
792 204 17 21 0.024933275 
789 166 12 14 0.024816213 
76 82 12 15 0.024713546 
13 116 45 61 0.024653696 
341 400 37 49 0.024349527 
312 507 113 103 0.024312686 
0 363 18 42 0.024202237 
751 240 15 20 0.024175892 
116 116 10 14 0.024168516 
771 245 14 16 0.024053616 
756 219 15 18 0.02403122 
56 167 13 18 0.023743512 
619 188 15 18 0.02355579 
652 156 11 13 0.023377024 
166 77 10 14 0.023176469 
962 212 13 16 0.02314876 
812 168 14 19 0.022943141 
142 155 16 18 0.022830965 
364 513 80 69 0.02274249 
645 138 12 17 0.02270017 
76 94 11 13 0.022473222 
101 68 11 13 0.022355275 
749 228 25 31 0.022160295 
981 136 15 20 0.022137027 
705 204 24 30 0.022102058 
156 148 14 19 0.021925818 
728 332 12 14 0.021885455 
148 150 16 19 0.021827355 
43 152 25 32 0.021670714 
930 265 20 28 0.021662543 
151 184 14 17 0.021501452 
498 149 23 27 0.021409795 
135 127 11 14 0.021297159 
163 175 21 27 0.021193068 
70 58 28 35 0.021120438 
77 100 10 12 0.021091348 
151 99 10 13 0.021044469 
553 162 15 19 0.021001464 
228 125 14 20 0.02099766 
138 139 13 18 0.02087042 
280 167 12 16 0.020580316 
100 87 13 17 0.020475658 
558 145 13 16 0.02041514 
179 110 12 15 0.020383665 
977 205 13 16 0.020229932 
464 129 14 18 0.020105293 
681 137 21 25 0.020057663 
57 98 10 14 0.020013671 
1015 211 9 15 0.020003581 
