17_Ceremony_Ceremony_17_253
402
174 439 12 14 0.6396378 
270 717 13 15 0.47555122 
904 360 9 11 0.46829066 
744 380 10 14 0.43308768 
278 747 11 12 0.4036845 
340 336 9 11 0.37644222 
676 669 12 15 0.37204686 
638 679 11 14 0.3139027 
881 431 9 12 0.31067997 
764 436 11 14 0.3023223 
877 356 11 14 0.2912967 
235 411 13 15 0.26822433 
778 383 9 12 0.25816384 
771 354 11 16 0.25366968 
672 670 11 15 0.24829799 
365 439 10 14 0.2473225 
584 138 11 13 0.23610957 
339 446 11 14 0.22520916 
102 381 10 13 0.22214577 
806 389 10 13 0.2208289 
785 423 9 13 0.20768985 
318 461 10 13 0.20436414 
284 475 13 16 0.19838423 
303 471 11 13 0.19715628 
601 680 10 12 0.18900597 
861 367 10 12 0.18840443 
577 693 12 15 0.18097188 
314 343 8 9 0.15867355 
785 342 8 11 0.15023793 
124 371 12 13 0.15017137 
438 701 11 13 0.14933263 
937 364 9 12 0.14460434 
702 124 9 12 0.1439375 
255 497 11 14 0.13150595 
6 702 11 13 0.13014933 
267 485 11 14 0.12755026 
279 343 9 12 0.12311404 
141 427 10 13 0.12266128 
333 471 11 13 0.118207134 
538 132 8 10 0.11744092 
537 336 9 11 0.115833566 
189 423 11 14 0.11550366 
237 726 13 17 0.113236405 
852 669 12 15 0.10332977 
882 699 14 16 0.10302637 
744 690 13 16 0.09649843 
477 148 12 15 0.093249105 
261 492 12 16 0.09248344 
920 684 13 15 0.09035097 
72 409 12 16 0.089096874 
143 420 12 16 0.087524764 
255 382 10 13 0.08537717 
808 671 8 11 0.08520242 
281 482 10 14 0.084177114 
357 453 9 11 0.08358418 
167 727 14 15 0.083525784 
914 656 8 10 0.081946045 
428 319 11 14 0.081887 
758 674 11 15 0.07929351 
832 660 10 12 0.079111226 
190 395 12 16 0.07546547 
73 384 10 12 0.07492005 
814 342 8 11 0.07349183 
918 379 10 14 0.07278584 
893 440 8 10 0.07273477 
5 588 12 16 0.072306365 
25 747 12 15 0.072215885 
181 407 10 13 0.0707213 
775 439 10 12 0.06817868 
220 388 11 14 0.067544095 
566 333 9 12 0.063461535 
726 707 11 14 0.06282885 
170 407 8 11 0.06252777 
174 407 11 13 0.06172707 
432 698 11 15 0.06096895 
889 438 8 10 0.059968967 
202 726 14 17 0.05988174 
869 461 8 11 0.059164766 
123 474 12 16 0.058790956 
464 690 11 14 0.058263265 
365 135 10 13 0.057887625 
257 746 16 17 0.057753973 
44 722 10 14 0.057426788 
342 487 10 12 0.056348946 
734 708 11 14 0.056252826 
144 724 10 13 0.056196347 
272 124 8 10 0.056056473 
400 708 10 12 0.055823408 
429 129 9 11 0.055427432 
338 375 8 11 0.055049323 
312 486 10 12 0.054928184 
193 754 15 17 0.054327812 
834 423 8 10 0.05397031 
800 667 9 12 0.053368222 
254 467 12 15 0.05281086 
494 153 8 11 0.05229016 
79 150 8 10 0.05158147 
584 113 6 9 0.05135091 
92 452 10 14 0.051350098 
557 698 12 14 0.050992735 
759 118 9 12 0.050935496 
429 693 11 13 0.05076521 
63 391 10 13 0.049472358 
198 366 9 12 0.049425144 
815 678 10 12 0.04900057 
324 460 10 13 0.048900742 
446 704 9 12 0.048732333 
601 149 8 10 0.04868079 
377 120 8 10 0.047913603 
478 701 10 13 0.0474502 
962 749 14 15 0.04715468 
652 732 14 18 0.04707867 
71 166 9 12 0.046764247 
799 356 10 13 0.046727188 
261 399 11 15 0.045567833 
934 669 11 13 0.04481906 
148 416 11 14 0.044211634 
763 742 13 17 0.04367886 
847 707 10 14 0.043493204 
311 383 8 12 0.043156087 
893 711 9 13 0.04306741 
181 373 9 11 0.042429246 
375 19 15 19 0.042092595 
723 747 14 16 0.042010512 
885 706 13 16 0.041716997 
711 664 10 11 0.041545786 
816 682 11 15 0.04108431 
196 396 11 15 0.04088134 
601 132 8 12 0.04073914 
229 359 9 11 0.04036881 
892 373 9 13 0.040180694 
359 444 11 14 0.039883446 
732 667 10 13 0.039736904 
974 131 13 16 0.039670754 
918 754 15 15 0.03948469 
601 336 7 10 0.03915156 
846 348 8 11 0.03903663 
309 719 9 12 0.038807012 
811 342 7 10 0.038240384 
51 425 12 15 0.038178552 
781 374 11 13 0.0381606 
151 168 10 13 0.038131464 
67 183 8 11 0.038092528 
814 428 7 11 0.0378767 
845 431 8 10 0.037552483 
812 379 10 13 0.037445664 
797 694 13 18 0.0371557 
159 148 10 14 0.0367541 
633 751 11 12 0.036600612 
382 489 8 10 0.036587995 
254 461 10 14 0.036478993 
735 679 8 11 0.036428753 
277 750 13 17 0.036386058 
229 182 12 16 0.03575125 
813 671 10 12 0.03532411 
575 126 8 11 0.035240065 
309 477 10 12 0.035098348 
318 110 8 10 0.03503798 
54 392 10 12 0.034793794 
215 736 14 18 0.034506794 
662 329 8 10 0.03440329 
599 691 10 13 0.033818472 
878 423 11 14 0.033071443 
411 677 11 13 0.03286517 
657 407 10 13 0.032757785 
358 160 9 12 0.032644667 
705 347 9 12 0.03264341 
229 364 10 12 0.032598414 
510 155 8 11 0.032388113 
639 125 8 12 0.032327324 
144 358 10 13 0.032295246 
353 104 7 10 0.03226482 
77 388 9 12 0.032121383 
746 669 8 11 0.03208846 
809 676 10 12 0.031983033 
212 170 12 14 0.031981833 
664 163 16 17 0.03189436 
626 408 8 11 0.03172819 
550 108 8 11 0.03168206 
393 693 11 13 0.031510882 
697 124 10 15 0.03135322 
679 93 8 10 0.031024978 
821 449 9 11 0.03095231 
976 732 9 11 0.030918466 
600 144 9 11 0.030909935 
841 734 9 12 0.03067237 
722 678 9 11 0.030629002 
955 679 9 12 0.03043893 
564 734 11 13 0.03039872 
526 151 9 12 0.030343665 
614 101 8 9 0.030292109 
156 449 11 16 0.030111741 
815 413 8 11 0.029849306 
626 669 9 11 0.029835645 
952 655 10 13 0.029687509 
574 152 10 12 0.029676914 
861 326 8 10 0.02931572 
460 715 11 15 0.029275838 
115 711 11 13 0.029242344 
123 368 9 11 0.02914585 
199 370 10 13 0.02910191 
790 152 10 13 0.028984668 
473 325 9 12 0.028929964 
136 423 12 16 0.028834177 
232 437 10 12 0.028765982 
861 118 14 17 0.028626882 
706 142 10 13 0.028563282 
318 491 10 12 0.028530648 
604 127 10 11 0.028406078 
247 381 9 13 0.02802468 
528 144 8 10 0.028023083 
818 708 10 13 0.028014816 
722 338 6 9 0.027719958 
86 377 14 17 0.027156977 
209 439 9 11 0.027152391 
829 359 9 11 0.02707424 
709 676 9 12 0.026965791 
880 662 8 11 0.026964977 
248 498 12 15 0.026924951 
232 730 14 17 0.026917642 
404 709 12 13 0.026889786 
537 149 8 11 0.026789462 
609 144 10 13 0.026757091 
96 404 10 13 0.026753258 
565 676 8 10 0.026723618 
799 420 9 11 0.026327215 
782 732 10 13 0.026287409 
656 127 9 12 0.026259799 
648 732 24 28 0.026216513 
280 499 9 12 0.026138365 
580 697 13 15 0.026006496 
832 437 8 11 0.026003862 
551 349 9 12 0.025990736 
745 334 8 9 0.02596381 
330 429 9 12 0.025959125 
112 488 9 12 0.025953338 
894 680 9 11 0.025928829 
614 110 10 13 0.025862826 
680 733 10 14 0.025815617 
142 365 10 12 0.025795983 
614 687 9 11 0.025789792 
734 373 9 11 0.025756478 
730 703 12 15 0.025639854 
780 708 12 13 0.025599908 
493 675 10 12 0.025593085 
914 376 9 11 0.025591895 
276 722 11 15 0.025472462 
549 675 10 13 0.025415754 
275 455 8 11 0.025414981 
840 436 10 13 0.02540123 
329 475 10 13 0.025335815 
585 709 12 15 0.0253296 
815 724 10 14 0.025286827 
368 360 8 11 0.025225783 
640 692 10 13 0.02517435 
815 690 10 15 0.025101723 
367 471 9 11 0.025037391 
134 413 9 12 0.025004497 
592 125 9 12 0.024979431 
623 694 10 11 0.024973588 
153 446 10 14 0.024944928 
481 110 8 10 0.024916714 
204 397 9 12 0.024901485 
967 662 9 11 0.024890058 
118 429 10 13 0.02485103 
277 519 10 12 0.024777267 
615 348 10 14 0.024744052 
246 509 9 12 0.024663279 
646 347 10 12 0.024505084 
726 677 10 12 0.024503617 
802 389 9 13 0.024451297 
873 428 10 13 0.024407916 
687 725 10 13 0.024387777 
359 460 9 11 0.02428369 
802 698 13 16 0.024206243 
169 461 11 15 0.024196347 
377 679 9 11 0.024193197 
748 470 12 14 0.024173466 
750 669 9 12 0.024091626 
768 717 9 13 0.024089266 
404 703 10 13 0.024049569 
1002 652 10 12 0.023996292 
525 116 8 10 0.023961607 
377 714 14 16 0.02389918 
95 174 10 14 0.023888206 
704 703 10 13 0.023745667 
253 455 10 13 0.02372731 
478 751 15 16 0.023664394 
101 733 9 12 0.023609186 
231 415 13 17 0.023604916 
831 428 10 12 0.023528311 
237 518 9 13 0.023457257 
313 520 10 12 0.023453908 
758 301 9 12 0.023422569 
810 424 7 10 0.023358645 
254 708 11 12 0.023340773 
765 694 11 13 0.023335516 
232 520 9 12 0.023325708 
135 367 9 11 0.023314217 
989 668 11 14 0.0232665 
295 533 10 12 0.023214348 
820 679 10 13 0.02311605 
804 663 12 14 0.023014663 
693 131 9 14 0.022985399 
250 490 20 23 0.022929264 
14 716 14 17 0.022867972 
912 709 10 11 0.022853186 
616 692 9 12 0.022778591 
605 690 12 15 0.022769814 
709 720 11 14 0.02271948 
980 692 9 11 0.022701383 
326 454 11 14 0.022691516 
849 308 9 11 0.022685586 
631 125 8 11 0.022610523 
539 371 11 15 0.022476826 
504 363 9 12 0.022461899 
657 382 9 11 0.022438684 
824 670 9 11 0.022424124 
842 343 8 12 0.022342162 
740 710 11 13 0.022340765 
840 429 9 12 0.022321632 
270 373 10 13 0.022316141 
823 306 8 9 0.022140568 
822 117 9 12 0.022092076 
360 342 8 11 0.022051618 
325 700 10 14 0.022003628 
554 313 9 10 0.021968065 
606 738 12 14 0.021925537 
593 671 9 11 0.02186781 
663 692 9 13 0.021857727 
743 678 9 11 0.021840388 
185 397 11 16 0.02180193 
296 506 11 13 0.02176213 
688 110 8 11 0.021728199 
474 135 7 10 0.021683313 
729 747 15 16 0.021677624 
648 158 8 11 0.021663396 
830 666 11 14 0.021655682 
958 659 10 12 0.021636197 
934 423 10 13 0.021622473 
790 414 10 13 0.02161849 
952 736 9 11 0.021611653 
333 733 13 16 0.021509051 
889 460 8 11 0.021460442 
367 349 8 10 0.021333966 
626 124 9 11 0.021281382 
720 138 9 10 0.021253243 
220 421 11 14 0.021241056 
125 376 12 15 0.021235818 
342 719 11 13 0.021189777 
918 367 9 11 0.021180553 
150 710 10 13 0.021078987 
314 166 8 9 0.021014322 
229 390 9 13 0.021004533 
645 684 10 13 0.021000179 
742 746 14 15 0.020994531 
792 699 10 14 0.020891404 
805 683 12 15 0.020891096 
39 183 9 11 0.02086455 
782 487 8 11 0.020862302 
821 723 10 13 0.020837553 
917 708 9 11 0.02078147 
360 334 9 12 0.020780353 
235 188 11 13 0.020778742 
60 711 12 15 0.020776356 
749 716 11 13 0.020751217 
705 670 9 11 0.020726921 
708 686 10 12 0.0206965 
224 509 8 11 0.02068527 
314 457 9 11 0.020660607 
881 670 9 10 0.020641984 
372 142 10 12 0.020607306 
294 471 10 12 0.020537792 
408 715 12 14 0.0205287 
762 431 10 14 0.020524109 
245 413 10 13 0.020504499 
541 129 8 11 0.020501394 
643 678 10 13 0.020441564 
593 676 10 13 0.020438198 
375 147 9 12 0.02042566 
688 720 9 12 0.020393753 
736 683 9 12 0.020346776 
290 702 11 13 0.020326918 
711 103 8 9 0.02032461 
816 702 11 13 0.020306582 
679 694 12 14 0.020242142 
837 665 11 14 0.020240813 
894 419 10 13 0.020232135 
749 663 8 10 0.020229323 
758 341 9 12 0.02020254 
287 495 10 13 0.02017191 
646 694 9 11 0.020166112 
259 461 12 14 0.020162322 
527 131 10 13 0.020145576 
704 676 10 12 0.020132756 
79 397 11 14 0.020124754 
894 444 9 11 0.020115327 
799 431 10 12 0.020112861 
76 467 11 15 0.020104444 
456 732 10 12 0.020065634 
349 350 8 12 0.020033529 
97 154 10 13 0.020002943 
