17_Ceremony_Ceremony_17_1037
24
466 201 179 221 0.99906105 
212 157 107 116 0.12190765 
100 22 179 204 0.1125788 
230 175 70 67 0.07184082 
733 834 12 15 0.057686534 
104 89 107 146 0.04767656 
648 1402 208 266 0.042450186 
247 179 35 29 0.034686804 
711 814 32 41 0.03210517 
236 85 109 133 0.030700421 
766 799 66 85 0.029972637 
662 824 8 10 0.029182615 
289 119 44 54 0.028541401 
724 822 26 30 0.027510222 
169 1290 443 477 0.027210621 
265 126 10 13 0.025770985 
815 812 11 14 0.024561055 
173 1192 10 13 0.023532648 
257 157 63 75 0.02291055 
642 854 24 35 0.022888735 
776 842 10 13 0.022495827 
261 149 29 34 0.02158924 
175 62 131 154 0.02079608 
268 131 55 69 0.020285012 
