17_Ceremony_Ceremony_17_735
74
318 207 464 631 0.9998785 
196 1025 37 46 0.3503557 
540 1283 24 29 0.30482498 
798 1236 20 28 0.2250912 
512 1283 13 17 0.14022133 
244 1044 18 24 0.115776755 
423 1311 12 14 0.09721722 
397 1302 21 26 0.07721856 
415 1275 11 14 0.06476392 
323 1135 12 14 0.05562119 
363 1189 15 19 0.050766293 
209 990 34 51 0.050723683 
466 1333 16 18 0.05038074 
219 1118 11 15 0.04894387 
379 1398 41 52 0.046016354 
483 1315 11 14 0.043869987 
451 1363 26 29 0.043343056 
789 1330 13 14 0.04148759 
322 1142 15 20 0.04098702 
653 1291 39 50 0.0383632 
632 1348 12 15 0.037076008 
389 1202 11 15 0.034133658 
461 1258 13 16 0.034053434 
886 999 14 18 0.034025684 
502 1279 19 26 0.033854928 
669 1483 22 33 0.03342997 
363 1182 14 16 0.03288885 
509 1204 14 16 0.03214683 
646 1365 17 20 0.03149464 
292 1281 15 17 0.029887205 
523 1269 177 218 0.029154504 
581 1317 55 68 0.029061547 
327 1157 10 13 0.028797414 
167 993 80 98 0.02855903 
467 1326 14 16 0.0285004 
671 1334 10 12 0.028025178 
497 1321 14 18 0.027084677 
490 1288 15 20 0.026836112 
470 1290 13 15 0.026250012 
584 1305 116 128 0.02600152 
583 1158 25 34 0.025886826 
635 1318 58 75 0.025682803 
604 1331 12 14 0.025414277 
375 1155 13 16 0.025412008 
535 1284 16 21 0.02538304 
294 1149 11 14 0.02493656 
635 1527 15 16 0.02476015 
499 1333 13 15 0.024749653 
333 1160 9 10 0.02440119 
621 1068 8 10 0.024359098 
229 1134 10 12 0.024171941 
503 1269 12 14 0.024121381 
443 1309 18 23 0.023746632 
647 1313 28 35 0.023504132 
501 1274 15 21 0.023431389 
584 1293 23 27 0.023329787 
486 1333 10 14 0.02311032 
230 982 11 14 0.022645418 
653 1451 43 62 0.02248576 
464 1364 23 26 0.022251707 
153 990 34 47 0.022222212 
316 1125 12 15 0.021490643 
440 1276 11 13 0.021202428 
845 1051 12 15 0.021186454 
321 1165 8 10 0.021155396 
287 1036 14 16 0.020886479 
649 1321 17 21 0.020720204 
690 1273 22 28 0.020640038 
403 1305 25 29 0.020633787 
218 1043 12 16 0.020500785 
504 1301 10 14 0.020473925 
382 1186 13 15 0.02044398 
516 1396 18 20 0.020440789 
399 1222 24 29 0.02039862 
