17_Ceremony_Ceremony_17_490
39
208 5 49 69 0.9988067 
888 181 98 135 0.99853647 
516 221 67 79 0.9982882 
388 23 45 61 0.9979906 
289 266 55 71 0.9979825 
47 0 51 59 0.99768615 
483 17 39 63 0.9602118 
720 36 17 21 0.13787405 
179 257 30 39 0.08094001 
696 0 27 24 0.076817654 
4 58 43 64 0.07368024 
454 3 14 16 0.051230315 
417 -1 33 32 0.049976185 
635 354 143 110 0.046569668 
407 278 32 28 0.044037007 
715 0 14 14 0.043298244 
383 730 13 15 0.042167697 
717 78 11 13 0.04072479 
729 71 9 10 0.03736593 
254 5 120 141 0.032044236 
407 207 23 32 0.030796662 
18 15 34 48 0.030661136 
707 19 13 16 0.02997415 
708 56 12 16 0.0289955 
496 251 26 39 0.028895415 
22 3 57 62 0.027286371 
669 1 27 26 0.025731154 
634 702 79 71 0.024902109 
399 681 16 20 0.02440938 
295 58 14 18 0.024124587 
12 24 55 72 0.023894668 
698 0 16 15 0.022766126 
733 19 11 14 0.022584094 
431 2 19 18 0.02256777 
405 575 14 15 0.020837056 
728 61 10 12 0.020529917 
712 37 22 29 0.020344067 
434 0 27 27 0.020140963 
164 732 29 34 0.020090722 
