17_Ceremony_Ceremony_17_668
19
662 189 111 145 0.999006 
224 97 142 199 0.9979254 
84 205 18 26 0.11781359 
557 134 19 25 0.060992904 
522 -2 54 58 0.04774062 
610 259 47 64 0.037385564 
522 145 424 457 0.036005862 
608 73 13 16 0.035134695 
385 78 63 86 0.033205632 
26 125 19 22 0.032827124 
40 105 22 26 0.029433712 
79 205 12 16 0.029399173 
52 97 15 19 0.026467819 
581 190 16 21 0.026042635 
28 218 29 30 0.024476852 
754 785 56 49 0.021370824 
487 323 9 13 0.021344066 
468 697 24 35 0.02088216 
486 697 40 46 0.020324755 
