17_Ceremony_Ceremony_17_300
21
189 155 43 55 0.9967444 
426 138 43 56 0.9930166 
315 157 41 51 0.98732924 
733 136 42 53 0.98491573 
600 151 41 52 0.9831814 
190 382 11 14 0.07957034 
830 108 10 14 0.071966104 
654 179 16 20 0.053414468 
607 5 9 11 0.049561255 
177 418 16 18 0.042256262 
173 405 29 32 0.04042185 
485 250 50 65 0.03879971 
-29 318 395 516 0.03073816 
583 17 7 9 0.02712314 
856 39 8 11 0.026931655 
37 229 8 11 0.026730796 
996 633 13 16 0.025609275 
548 179 16 22 0.023587793 
821 97 21 26 0.023309248 
687 328 408 507 0.021644866 
862 41 9 10 0.02161723 
