17_Ceremony_Ceremony_17_415
21
66 103 198 276 0.9998683 
748 103 206 289 0.99986696 
448 69 221 301 0.99971217 
344 888 102 140 0.99946743 
651 930 77 100 0.996912 
350 272 50 63 0.19614996 
967 870 13 17 0.16165872 
108 18 48 59 0.1169745 
116 927 9 10 0.059954572 
137 892 11 13 0.052977707 
1011 1131 11 16 0.04512617 
158 893 10 13 0.032577284 
254 1272 50 53 0.031203631 
199 898 9 11 0.030247165 
958 1124 10 12 0.029397909 
198 -2 52 42 0.027698487 
93 964 8 10 0.024118485 
225 59 119 164 0.024096899 
831 1172 34 50 0.022136902 
116 930 10 12 0.02212235 
71 892 11 13 0.020842832 
