17_Ceremony_Ceremony_17_1007
88
695 455 188 255 0.99950993 
218 353 193 244 0.9977016 
771 1301 15 20 0.3170299 
837 802 15 19 0.28071764 
727 756 11 15 0.14144954 
739 1394 12 16 0.12521204 
595 1133 13 15 0.08880038 
182 852 16 17 0.074754044 
477 1252 45 59 0.070087984 
140 458 395 534 0.06351715 
589 1468 11 15 0.06065163 
391 749 11 13 0.054227028 
778 794 14 19 0.05381113 
154 845 13 16 0.05358561 
117 679 9 12 0.052886583 
665 1177 41 48 0.04983388 
724 380 12 16 0.04666166 
834 804 11 15 0.043010652 
614 961 12 14 0.04284755 
184 1078 9 11 0.042556558 
729 1108 36 43 0.040606104 
386 707 13 16 0.037504025 
843 807 13 16 0.037341226 
194 1093 9 12 0.035396278 
662 1105 24 27 0.03480999 
671 1517 13 14 0.03398211 
733 791 11 13 0.033117615 
117 575 9 12 0.032470003 
381 733 12 14 0.03225703 
386 703 9 11 0.032062143 
392 856 8 9 0.030556658 
646 1453 11 14 0.030406775 
142 693 9 11 0.029445335 
408 1080 8 10 0.027295023 
188 846 14 19 0.02706315 
622 1082 11 14 0.026984662 
758 803 12 16 0.026677946 
373 653 9 12 0.026469866 
389 1075 9 11 0.026151367 
742 1401 12 15 0.025891501 
415 862 9 11 0.02552003 
861 1406 11 14 0.025187744 
168 949 10 13 0.025136227 
895 1478 8 10 0.025024137 
779 1502 29 31 0.024615364 
808 1514 13 14 0.024401242 
103 574 8 11 0.02423953 
680 835 11 14 0.024234226 
609 1404 11 15 0.024227584 
598 1471 9 11 0.024071414 
785 1514 16 17 0.023965573 
189 66 485 441 0.023714332 
860 1445 14 19 0.023466697 
635 870 17 19 0.023455037 
697 845 11 14 0.023369895 
620 1456 9 12 0.023241932 
206 1081 8 10 0.023015535 
820 1502 40 35 0.022885803 
152 702 7 10 0.022806186 
897 872 8 10 0.022520356 
377 671 10 13 0.022391014 
635 1471 11 14 0.022277948 
112 575 9 12 0.022270637 
674 1110 13 15 0.022146948 
678 916 11 13 0.022083865 
398 1062 9 11 0.022071604 
776 830 10 12 0.022026153 
119 683 9 12 0.02196087 
209 1086 7 10 0.021809569 
663 877 10 13 0.021608347 
854 804 11 15 0.021453962 
968 1470 40 58 0.021320637 
735 818 12 16 0.02131478 
884 1445 12 13 0.02117286 
545 16 487 591 0.021167748 
748 1396 12 16 0.02116137 
211 1093 8 10 0.021057507 
767 818 11 15 0.020920187 
821 796 10 13 0.020811582 
183 1094 8 11 0.020754192 
175 854 13 15 0.020583536 
844 1407 10 12 0.020352965 
151 219 334 419 0.02026583 
591 1514 15 17 0.020185197 
682 1127 52 44 0.02006883 
707 894 13 15 0.020040646 
412 806 9 13 0.020034468 
609 1103 9 11 0.020007493 
