17_Ceremony_Ceremony_17_227
73
262 493 11 14 0.9530841 
958 464 11 13 0.9454603 
165 495 11 15 0.4725319 
573 460 13 17 0.37122646 
285 651 46 51 0.21766664 
631 658 15 17 0.20961846 
113 496 12 14 0.16448322 
908 449 12 15 0.15999836 
287 586 13 17 0.12096253 
312 492 9 13 0.09537884 
787 666 38 46 0.089057155 
626 183 124 142 0.07790288 
827 697 12 17 0.07303611 
375 700 20 25 0.06968852 
365 725 14 18 0.0660922 
492 445 10 14 0.059173327 
172 532 16 18 0.050720274 
387 701 17 22 0.048582785 
437 723 22 25 0.047567047 
977 672 16 19 0.04421922 
387 729 14 16 0.042577013 
467 704 17 24 0.04047099 
292 591 14 18 0.040248256 
965 492 12 16 0.03555715 
636 663 16 19 0.035128836 
501 679 19 22 0.033781428 
604 641 13 16 0.033600274 
957 469 13 17 0.0320058 
1013 684 10 19 0.030041376 
370 729 13 16 0.029552072 
932 657 15 20 0.028977841 
838 683 14 19 0.028719911 
702 719 24 30 0.028548693 
357 724 16 21 0.028225616 
628 719 15 18 0.02796356 
201 678 25 32 0.027500974 
373 693 16 20 0.027468625 
364 674 14 17 0.027403967 
989 694 13 16 0.02739955 
460 697 19 21 0.027383612 
966 486 11 15 0.02734635 
983 692 12 17 0.024978828 
257 470 8 11 0.024329592 
471 636 12 14 0.024170885 
643 668 15 18 0.024074567 
664 473 7 9 0.023056375 
471 645 13 16 0.022772014 
438 658 12 15 0.02272869 
461 725 13 17 0.022618087 
54 710 10 14 0.022594973 
1007 689 14 20 0.02258299 
518 752 17 18 0.022562098 
249 702 17 20 0.022496069 
948 676 16 18 0.022447664 
127 69 459 452 0.022267096 
618 650 22 27 0.022083176 
519 744 20 19 0.021791147 
496 659 12 17 0.0217113 
485 685 14 18 0.021696072 
516 720 15 18 0.02167764 
518 666 12 16 0.021653319 
1007 485 11 14 0.021640789 
481 659 16 20 0.021514509 
375 669 12 17 0.021324001 
448 674 13 19 0.021213476 
988 665 15 20 0.021093346 
893 731 16 20 0.021064442 
476 649 15 19 0.020712625 
372 708 17 22 0.020572918 
164 532 14 17 0.02048632 
406 650 13 16 0.02041925 
908 456 13 16 0.020355932 
369 704 13 18 0.020341573 
