17_Ceremony_Ceremony_17_470
24
77 250 47 57 0.99707663 
940 269 53 68 0.9968497 
351 173 52 71 0.9962723 
726 211 47 59 0.9947983 
483 254 45 57 0.99295455 
679 291 25 31 0.99237835 
228 223 41 50 0.97866344 
582 287 43 52 0.9644322 
644 303 20 22 0.56742895 
139 268 17 21 0.50594985 
203 296 43 57 0.081639804 
687 275 39 50 0.040953483 
34 622 12 17 0.03726212 
1013 758 10 16 0.0323975 
707 545 251 210 0.029604461 
164 236 11 13 0.028001847 
12 275 39 51 0.025957454 
875 334 15 20 0.02580728 
704 266 42 54 0.024493232 
183 271 29 31 0.021926891 
640 287 33 44 0.021575632 
174 310 48 70 0.02126381 
680 317 37 57 0.02106681 
568 522 14 19 0.021048347 
