17_Ceremony_Ceremony_17_944
169
813 458 12 17 0.9339915 
759 453 10 16 0.86099803 
839 457 13 17 0.7844134 
954 550 24 41 0.78152436 
516 424 11 15 0.7704401 
0 523 16 29 0.7402549 
10 546 16 22 0.5552648 
227 460 15 18 0.50828326 
153 468 10 14 0.48287785 
276 475 11 17 0.44479415 
412 38 155 176 0.40083668 
874 595 38 62 0.37871444 
197 470 10 13 0.2815352 
703 537 26 30 0.25007227 
269 486 16 22 0.2139301 
171 470 12 14 0.21163991 
827 526 15 25 0.20589131 
709 465 14 17 0.1862066 
275 537 13 19 0.1696683 
638 449 12 16 0.13983995 
868 602 28 44 0.13900787 
471 429 10 13 0.13805059 
175 486 9 12 0.12909995 
244 475 10 13 0.12906511 
261 476 12 14 0.1274345 
87 539 22 29 0.12358159 
161 489 11 16 0.123281755 
213 500 13 18 0.12219137 
310 510 13 16 0.1108366 
157 539 13 17 0.108136445 
142 468 10 13 0.10565536 
785 485 23 29 0.09504518 
591 491 11 14 0.09414522 
193 522 16 18 0.093813695 
222 546 22 26 0.08668166 
714 461 12 15 0.08467421 
220 486 13 16 0.08328224 
886 528 13 20 0.07517166 
447 464 8 11 0.071864486 
494 437 10 13 0.07032973 
616 524 11 15 0.064220145 
654 554 11 15 0.063657954 
19 531 16 19 0.06338078 
339 527 16 20 0.06285153 
180 508 9 12 0.05950068 
216 492 12 17 0.058917396 
189 530 18 20 0.057224795 
14 538 20 25 0.054835085 
129 586 12 16 0.052983835 
540 427 11 14 0.052817527 
731 514 18 20 0.05179857 
960 561 36 48 0.04968118 
205 535 14 22 0.049304746 
867 608 18 25 0.047516342 
215 489 21 27 0.045841184 
274 497 13 17 0.04576254 
97 538 16 23 0.044998173 
2 515 15 21 0.04438626 
688 463 16 21 0.044058535 
528 406 8 10 0.043782998 
204 483 11 14 0.04257055 
614 491 10 15 0.04228682 
126 504 15 19 0.042184234 
193 501 10 13 0.040342107 
229 518 10 13 0.04016967 
494 432 9 11 0.039380655 
164 519 13 18 0.03812564 
193 534 20 23 0.037213136 
293 507 11 13 0.0368592 
638 455 16 19 0.03644159 
12 530 14 20 0.035073347 
825 535 13 21 0.034650814 
208 506 13 16 0.034023378 
761 456 14 17 0.03380582 
239 482 11 15 0.03323096 
216 539 19 28 0.03282028 
108 508 23 28 0.03257289 
158 474 11 13 0.03248514 
282 527 16 22 0.032250844 
172 521 11 15 0.032231558 
703 465 12 18 0.032195684 
876 527 13 21 0.03195853 
803 673 41 31 0.03176806 
248 496 16 20 0.031657614 
193 462 9 12 0.03151924 
315 482 13 16 0.031030929 
143 485 11 15 0.03093299 
262 480 14 18 0.03077719 
80 532 39 53 0.030643666 
156 588 13 17 0.028904812 
529 412 8 10 0.028904792 
742 477 10 12 0.028889695 
889 536 18 19 0.02881453 
190 486 10 14 0.028724927 
250 653 12 17 0.028258622 
270 471 14 18 0.028127026 
258 521 18 22 0.027917225 
125 579 24 28 0.027728518 
149 543 16 19 0.02732206 
700 505 27 29 0.027317366 
176 503 10 13 0.027061144 
210 535 19 27 0.026921567 
219 462 9 12 0.026845977 
125 550 14 19 0.026732001 
870 572 25 34 0.026683282 
280 538 17 18 0.026550628 
234 550 19 24 0.026331902 
266 523 16 22 0.02615571 
133 568 44 58 0.026137697 
161 531 13 18 0.026111517 
833 459 11 16 0.025896158 
962 651 48 53 0.025858885 
149 490 12 16 0.02563306 
489 437 10 12 0.025580294 
183 487 9 12 0.025454123 
487 454 12 16 0.025216697 
-2 591 26 46 0.024863113 
871 538 10 15 0.024428107 
511 233 13 18 0.024249073 
872 522 13 19 0.024172148 
164 544 16 21 0.023748036 
218 504 15 18 0.023641024 
844 588 41 57 0.023578964 
303 468 10 13 0.023407722 
224 516 11 14 0.023392996 
885 513 14 18 0.023223711 
239 470 11 13 0.02316347 
229 461 22 26 0.022816952 
97 504 25 28 0.022754975 
956 568 16 28 0.022738585 
165 497 11 15 0.022661269 
301 74 415 451 0.02260787 
536 424 10 13 0.022476826 
589 500 10 12 0.022460885 
330 511 24 29 0.022118002 
652 535 25 36 0.022029402 
489 431 9 11 0.02182925 
843 524 13 20 0.021744829 
891 509 12 14 0.02170969 
198 492 10 14 0.021545378 
502 423 9 11 0.021523008 
243 546 15 23 0.02147346 
252 503 15 19 0.021436982 
967 579 49 71 0.021196708 
149 522 13 17 0.02119401 
227 485 12 16 0.021165965 
511 287 9 13 0.021162517 
143 559 28 41 0.021079047 
180 514 13 18 0.020870794 
182 469 9 14 0.020860638 
576 488 9 11 0.020853082 
171 546 16 19 0.02075583 
302 508 11 16 0.020750098 
495 413 8 11 0.020747527 
819 454 13 17 0.020747012 
734 475 13 16 0.020737505 
160 482 20 25 0.020655764 
148 531 19 24 0.02048975 
146 580 26 33 0.02045568 
2 535 47 52 0.020325992 
832 532 18 23 0.020309 
794 485 16 19 0.02027335 
790 497 24 35 0.02022011 
186 492 9 12 0.020209886 
301 493 11 13 0.020202357 
184 521 13 17 0.020192578 
594 486 12 15 0.02007107 
286 450 13 16 0.020018231 
258 470 9 13 0.020001039 
