38_Tennis_Tennis_38_371
54
172 192 28 32 0.9992211 
439 301 29 35 0.9987896 
344 298 27 34 0.9986155 
785 196 27 34 0.997883 
277 202 25 31 0.9977458 
696 191 27 31 0.99761826 
550 372 31 41 0.99731195 
569 288 28 36 0.9970794 
443 214 26 32 0.9967891 
764 282 29 39 0.9960467 
380 211 25 32 0.99579203 
528 213 23 29 0.99561137 
477 369 30 37 0.9954314 
232 199 25 31 0.99542785 
130 201 24 30 0.99513185 
665 277 29 38 0.9946026 
611 220 25 29 0.9940281 
412 205 23 29 0.9935415 
878 187 25 31 0.9917744 
654 198 22 26 0.99158853 
567 196 23 29 0.9888763 
730 188 22 27 0.9864732 
324 205 22 28 0.9862235 
491 203 23 27 0.9820441 
816 191 21 26 0.9549066 
438 373 15 17 0.19271071 
371 362 11 14 0.120334364 
669 470 19 23 0.11946418 
616 315 18 22 0.11893791 
364 265 37 42 0.08563173 
348 378 44 62 0.080533795 
691 258 26 32 0.070709094 
402 305 22 30 0.066154465 
789 261 28 35 0.04429205 
-14 312 413 520 0.04009389 
427 361 12 14 0.03826396 
572 244 24 26 0.035026066 
675 271 27 36 0.030461054 
249 307 15 18 0.029483713 
267 296 46 49 0.028221145 
353 276 36 47 0.026743362 
246 258 43 57 0.02607978 
760 352 38 45 0.024878532 
153 207 19 25 0.024577122 
607 307 35 43 0.022687087 
800 190 22 32 0.02237282 
750 399 26 30 0.022358239 
701 287 27 32 0.022019405 
652 355 51 55 0.021815093 
523 271 28 35 0.021205366 
849 338 11 16 0.02099721 
701 165 8 11 0.020890735 
694 272 32 37 0.020767473 
813 213 17 22 0.020208014 
