38_Tennis_Tennis_38_501
75
567 90 112 143 0.99958664 
222 414 55 69 0.9971831 
895 467 68 92 0.9940469 
153 591 75 89 0.9894226 
135 321 14 20 0.41857806 
472 55 17 21 0.08759861 
272 325 11 15 0.080283284 
103 325 14 18 0.06229708 
341 416 18 21 0.056856763 
404 325 16 20 0.054857638 
125 284 12 17 0.053360865 
149 434 38 54 0.049151424 
152 210 13 16 0.048989348 
438 5 13 16 0.04870127 
217 118 15 18 0.045685094 
88 12 13 16 0.045419145 
315 323 13 15 0.044874933 
572 6 13 14 0.04480913 
96 278 13 17 0.044558465 
199 777 23 26 0.04035589 
957 704 21 25 0.03927288 
77 259 15 20 0.03906578 
101 236 13 16 0.03879238 
199 325 23 27 0.035186216 
505 5 11 14 0.03350309 
77 119 15 20 0.033371203 
18 463 16 20 0.032162733 
15 10 16 19 0.031973097 
8 12 22 28 0.03111345 
303 4 13 15 0.030819144 
374 323 20 22 0.03061084 
199 237 13 15 0.029472588 
101 408 15 21 0.02820884 
232 321 24 29 0.028120078 
436 332 27 35 0.027558966 
455 75 13 17 0.027014792 
220 210 14 17 0.026826393 
381 319 25 29 0.026807094 
3 346 24 27 0.026757589 
84 13 21 24 0.025899028 
612 116 22 29 0.025821378 
95 238 13 15 0.025550926 
230 103 11 15 0.025540449 
441 229 16 19 0.025434673 
134 230 13 17 0.025217846 
189 212 13 16 0.025009459 
126 153 13 16 0.023773544 
150 116 15 20 0.023521792 
123 213 12 15 0.023330824 
28 333 17 19 0.023270486 
161 330 24 28 0.022974035 
23 99 13 16 0.02274416 
438 322 23 27 0.022722878 
235 278 14 17 0.022642218 
108 316 16 20 0.022505026 
90 403 21 27 0.021913923 
299 790 14 16 0.021842621 
158 105 13 17 0.021764746 
92 7 13 15 0.021634338 
520 77 11 14 0.021490894 
958 424 31 39 0.021369899 
139 189 12 16 0.021353398 
317 413 13 18 0.021262534 
97 191 11 14 0.021072041 
281 320 32 35 0.02101103 
270 235 10 13 0.02100019 
128 322 16 20 0.020791713 
275 193 11 14 0.02072249 
397 329 19 23 0.020690108 
164 102 12 15 0.020417135 
343 325 12 15 0.02038466 
77 106 23 28 0.020328192 
201 813 18 18 0.020171175 
265 148 10 13 0.0200403 
155 258 13 17 0.020012964 
