38_Tennis_Tennis_38_535
155
505 471 24 30 0.98738945 
862 323 23 27 0.9839303 
432 447 24 29 0.97745466 
578 305 24 30 0.9626772 
468 265 18 24 0.9556004 
322 383 21 26 0.9468403 
778 308 21 26 0.9436829 
398 321 16 21 0.9435737 
514 422 21 28 0.9390129 
192 338 21 27 0.93781656 
207 433 20 25 0.93314874 
375 451 21 25 0.9320672 
460 422 22 30 0.9304218 
242 286 18 24 0.9272707 
762 428 21 26 0.9213127 
480 317 18 23 0.9177696 
133 456 22 26 0.9001428 
145 304 21 29 0.89632607 
656 465 19 24 0.8924541 
715 319 19 24 0.8908062 
173 277 18 24 0.8814827 
597 425 18 23 0.8774046 
369 406 22 27 0.8449363 
234 319 18 23 0.8327042 
895 486 25 29 0.80770737 
290 461 19 24 0.78032124 
641 313 22 27 0.7582065 
510 317 20 25 0.74436104 
46 449 22 29 0.7427267 
665 260 11 14 0.70744085 
551 467 20 25 0.69379735 
615 397 11 14 0.6797236 
813 467 25 30 0.5014206 
419 316 18 25 0.5011667 
302 411 11 15 0.41428506 
651 425 15 20 0.36076328 
172 457 12 15 0.30271977 
459 414 14 17 0.299468 
451 283 11 14 0.29391226 
357 311 21 26 0.22819832 
436 417 17 21 0.22539195 
740 265 15 21 0.22319204 
675 406 12 17 0.20455332 
164 252 11 13 0.17748299 
374 499 13 15 0.17200686 
263 390 15 20 0.15224372 
345 430 9 13 0.1475639 
259 319 13 17 0.13690598 
161 248 10 13 0.12509911 
197 279 11 16 0.11957388 
332 453 17 22 0.117160276 
364 517 23 26 0.11312819 
710 422 14 19 0.10947236 
596 413 11 14 0.108798005 
792 406 13 15 0.10067462 
379 292 12 14 0.09903552 
333 249 10 15 0.09271224 
642 259 12 14 0.08989337 
548 367 12 18 0.08876391 
791 252 15 17 0.088720806 
788 490 13 16 0.08584468 
144 418 16 20 0.0781397 
184 411 12 16 0.07280317 
381 324 14 20 0.06888043 
629 247 11 15 0.06811365 
468 380 12 16 0.06491286 
764 250 13 16 0.06327722 
481 366 10 14 0.060920548 
106 278 38 60 0.059105672 
364 294 10 11 0.058698524 
332 444 13 17 0.057170305 
498 421 14 19 0.055458028 
549 242 13 16 0.053678855 
231 277 9 13 0.05225804 
365 314 23 29 0.048730597 
336 358 11 15 0.04868445 
904 482 19 24 0.048672143 
286 290 15 21 0.047316536 
107 221 11 15 0.046556838 
497 523 9 11 0.046247456 
201 422 10 12 0.045736108 
69 220 14 21 0.044859897 
682 275 13 15 0.043799173 
443 300 11 14 0.042126607 
836 264 15 21 0.042111382 
679 366 14 18 0.041727595 
907 273 12 16 0.04123921 
367 501 22 27 0.04062851 
40 439 35 47 0.040459897 
568 411 24 32 0.04039604 
117 416 10 12 0.040280417 
302 302 12 15 0.038753882 
184 310 11 14 0.037964866 
263 551 10 12 0.03767199 
651 389 11 14 0.037566148 
363 504 15 22 0.03680757 
79 398 10 14 0.035682537 
618 400 13 15 0.032114852 
339 360 14 18 0.031478398 
321 436 10 13 0.031400234 
511 311 13 16 0.030350266 
116 249 12 16 0.029907756 
287 446 26 33 0.029551111 
671 546 27 34 0.029485697 
812 459 18 22 0.02929727 
749 256 23 30 0.028358221 
808 446 40 49 0.02819383 
310 524 13 19 0.02802635 
352 312 14 21 0.027594915 
646 538 11 15 0.027566 
667 508 38 50 0.027513737 
185 278 17 23 0.02748103 
638 308 18 21 0.027460529 
503 314 15 21 0.02712148 
390 322 15 19 0.02636658 
241 411 22 28 0.02594689 
582 426 13 18 0.025897624 
420 310 15 19 0.025855856 
195 411 38 51 0.02568172 
191 290 12 17 0.02567555 
640 411 9 13 0.02560721 
631 250 20 24 0.02452743 
112 246 12 15 0.0244996 
140 411 15 23 0.024219846 
433 431 23 29 0.024215458 
590 433 12 15 0.024103371 
585 435 10 15 0.023886366 
703 304 34 43 0.023839932 
451 338 11 15 0.023622964 
647 412 11 15 0.023585701 
845 321 14 19 0.023415992 
360 299 11 14 0.023318484 
756 420 15 20 0.023193704 
786 401 22 23 0.023168404 
342 424 11 14 0.02308084 
892 467 36 42 0.022935389 
625 251 13 18 0.022883615 
578 416 15 21 0.022557396 
528 389 22 30 0.0225362 
684 467 17 23 0.022304513 
708 413 15 20 0.02228141 
667 263 12 16 0.02209074 
678 416 12 16 0.022009365 
273 243 11 15 0.021922175 
192 282 13 17 0.021904469 
708 411 24 33 0.021207402 
217 388 12 15 0.021097908 
634 296 34 44 0.020912448 
710 520 26 30 0.02086105 
478 465 12 16 0.020810872 
534 389 13 17 0.020755865 
760 252 21 27 0.020528369 
461 254 13 16 0.020468079 
472 423 17 24 0.020463193 
141 406 10 13 0.020170128 
