26_Soldier_Drilling_Soldiers_Drilling_26_719
33
460 214 30 38 0.98972124 
815 245 25 27 0.9626073 
381 248 18 22 0.3396474 
190 405 13 15 0.06502083 
892 373 15 17 0.051119365 
762 297 24 28 0.048127636 
360 235 51 68 0.045558058 
778 300 16 18 0.043615982 
142 324 23 31 0.04330849 
774 282 12 14 0.04179752 
805 248 15 20 0.033385992 
116 250 22 30 0.032457042 
959 343 10 12 0.028904002 
505 31 9 13 0.028662622 
464 203 45 57 0.027123684 
232 519 10 12 0.025894301 
674 194 33 33 0.025376217 
910 365 15 18 0.025330395 
836 381 10 13 0.025116682 
328 221 73 102 0.025098585 
436 12 437 418 0.023425525 
254 207 97 132 0.023226343 
377 235 30 38 0.022309149 
968 321 7 9 0.021994846 
772 292 16 19 0.021253344 
236 508 11 11 0.021001639 
121 554 28 26 0.020689264 
910 356 13 15 0.020430697 
786 301 12 15 0.020427682 
898 363 23 27 0.02039868 
756 298 19 20 0.02022051 
432 264 44 58 0.02018167 
772 300 28 32 0.020140707 
