26_Soldier_Drilling_Soldiers_Drilling_26_262
172
919 283 26 33 0.9976163 
275 293 23 29 0.99575543 
953 293 25 29 0.99451244 
759 326 23 28 0.99339384 
802 286 22 28 0.9928976 
692 277 23 28 0.99287146 
475 311 22 27 0.9920013 
621 317 22 28 0.9914554 
574 273 24 29 0.9909021 
1003 266 22 33 0.98714393 
405 193 13 17 0.98695344 
448 270 22 29 0.98685104 
723 281 25 30 0.97268426 
167 263 25 31 0.9724229 
635 280 23 27 0.9716011 
485 243 14 17 0.9609485 
610 273 21 27 0.9537177 
77 260 24 28 0.95110744 
441 217 16 20 0.94462645 
126 264 22 25 0.9431752 
763 248 19 25 0.9430792 
533 266 25 29 0.9295945 
371 219 13 17 0.9294667 
302 210 14 19 0.92856336 
852 290 22 28 0.92576534 
224 262 19 25 0.8947751 
652 233 13 17 0.8932535 
781 272 21 26 0.88359517 
864 253 20 23 0.8762433 
219 232 16 19 0.87013644 
967 237 19 24 0.8632641 
475 228 12 16 0.85700774 
593 243 13 16 0.8347538 
169 211 12 16 0.82865125 
36 273 22 26 0.80757004 
683 220 14 18 0.7910921 
352 284 30 36 0.75718355 
63 254 23 28 0.74220407 
207 252 11 15 0.73654085 
585 226 11 15 0.7348662 
90 214 14 18 0.7234193 
250 216 13 17 0.6935964 
300 264 20 25 0.61609876 
527 218 14 17 0.5891667 
510 265 19 27 0.5647821 
392 264 17 21 0.54024446 
422 254 21 26 0.520396 
153 252 11 15 0.4620649 
497 223 12 15 0.45365086 
980 280 14 20 0.41722247 
219 209 13 16 0.34410396 
341 257 22 27 0.30233586 
603 221 14 18 0.28956053 
526 264 21 28 0.27385584 
383 220 11 14 0.2694566 
124 237 16 19 0.21424036 
897 283 12 16 0.21326491 
67 242 39 47 0.20577556 
452 534 33 39 0.1956795 
326 217 16 19 0.17335963 
354 228 13 16 0.16811833 
55 251 21 27 0.13395897 
691 248 18 21 0.1267396 
8 264 18 22 0.12342064 
698 245 16 20 0.121451095 
671 217 12 20 0.1167032 
235 258 22 28 0.112389825 
521 240 17 19 0.11220427 
133 64 34 44 0.0965428 
374 285 20 31 0.09471118 
716 238 18 22 0.09244721 
106 260 16 20 0.090938985 
432 262 17 25 0.08726198 
333 272 12 17 0.08237325 
639 234 13 20 0.0799186 
46 232 14 16 0.07838757 
266 212 10 15 0.07818302 
804 249 14 16 0.0765249 
745 249 21 27 0.07447641 
322 260 13 17 0.06757957 
409 254 11 15 0.06680498 
355 490 46 69 0.066456564 
115 222 9 13 0.06637693 
220 476 13 21 0.060867995 
716 272 24 33 0.057677045 
597 224 16 19 0.055130668 
295 590 40 72 0.051726695 
414 255 14 19 0.051282283 
709 240 14 21 0.050835054 
406 488 44 62 0.048374657 
181 228 12 14 0.04722477 
623 272 22 32 0.046287883 
39 247 17 20 0.04611807 
400 228 10 13 0.045568977 
264 229 12 16 0.045238074 
425 521 63 93 0.04352814 
677 215 13 18 0.041371435 
415 237 11 13 0.04124569 
404 221 12 15 0.040547162 
823 291 16 19 0.03910118 
879 312 14 18 0.038048074 
801 246 11 16 0.03788305 
275 605 45 61 0.036509298 
320 217 13 18 0.03616065 
405 257 12 18 0.034968525 
126 43 11 14 0.034774203 
995 258 24 30 0.034475166 
898 275 14 20 0.03390836 
416 244 23 29 0.03381066 
984 274 19 25 0.033658538 
316 262 15 20 0.03357328 
98 213 14 17 0.03355428 
914 258 13 16 0.033353746 
96 256 23 29 0.033318903 
373 493 59 68 0.032245606 
323 261 19 25 0.031906728 
245 598 50 63 0.03134634 
385 287 16 24 0.030572342 
262 237 14 20 0.030234814 
133 87 14 20 0.030007742 
368 224 11 16 0.029643053 
333 261 22 28 0.029634438 
503 265 15 22 0.0293469 
489 239 15 18 0.029337151 
325 255 12 16 0.028971313 
328 236 20 26 0.028409848 
2 249 29 38 0.028004274 
879 284 13 16 0.026815454 
330 350 34 46 0.026652837 
926 248 22 25 0.026593417 
210 254 14 19 0.026554866 
810 249 16 18 0.026508156 
715 263 16 23 0.026363883 
420 243 13 16 0.026322054 
39 205 10 15 0.02618081 
541 243 13 16 0.025991883 
382 265 16 22 0.025754698 
388 227 12 14 0.025695657 
0 260 10 18 0.025534017 
42 238 21 27 0.024874752 
237 217 16 19 0.024702433 
512 236 11 16 0.02458129 
0 615 22 42 0.024382275 
187 221 11 14 0.024253234 
319 528 23 29 0.023975784 
519 218 15 19 0.023744566 
352 257 16 20 0.023607746 
319 228 11 14 0.023527754 
38 252 22 27 0.023500074 
400 265 15 19 0.023232391 
526 249 22 28 0.022755235 
249 264 14 19 0.022739027 
687 254 16 20 0.022641532 
739 257 22 27 0.022621507 
587 270 21 31 0.022373699 
283 43 15 21 0.022172907 
529 243 15 18 0.021993887 
116 258 19 27 0.02178797 
229 205 11 15 0.021593913 
989 256 16 20 0.021363094 
267 206 12 16 0.021304639 
584 223 19 24 0.021194505 
336 262 12 17 0.021126544 
219 217 16 19 0.020704726 
844 283 22 31 0.02068423 
46 213 23 28 0.020625776 
345 268 19 24 0.0204897 
264 291 24 31 0.020171613 
645 235 15 21 0.020168673 
121 247 23 29 0.02011203 
412 231 12 14 0.02005794 
38 224 22 28 0.020013442 
