26_Soldier_Drilling_Soldiers_Drilling_26_619
36
460 215 29 36 0.9968382 
815 244 25 28 0.99145186 
381 249 18 22 0.7084651 
762 297 27 29 0.42921314 
479 201 41 57 0.09143603 
190 405 13 15 0.07389818 
363 236 45 57 0.073479936 
717 363 9 12 0.062064406 
70 240 15 21 0.057520892 
677 315 14 17 0.057184126 
892 372 15 18 0.055134017 
776 299 18 21 0.0530546 
495 194 47 72 0.05056189 
118 252 12 14 0.04809485 
836 381 10 13 0.042668503 
232 518 10 12 0.040395923 
133 255 15 19 0.037913933 
703 248 13 18 0.037516188 
756 298 20 21 0.034811188 
236 508 11 12 0.03224924 
934 357 13 15 0.03151503 
212 147 16 18 0.030620612 
59 240 26 33 0.028324945 
241 27 16 20 0.027498228 
482 219 15 20 0.026704963 
772 300 28 32 0.026447143 
157 36 9 13 0.025427552 
911 368 14 17 0.025415791 
127 34 19 23 0.023683185 
759 309 20 23 0.02331327 
122 250 22 27 0.022872431 
671 198 33 31 0.022692177 
805 247 16 20 0.022374762 
854 330 36 40 0.02055582 
663 32 127 127 0.020215668 
895 363 24 28 0.020012911 
