26_Soldier_Drilling_Soldiers_Drilling_26_245
21
293 345 89 106 0.9956885 
796 516 42 43 0.97302747 
154 262 17 23 0.771265 
754 439 14 17 0.10643822 
144 266 24 26 0.08705127 
617 261 10 14 0.05892095 
462 966 92 119 0.04870548 
715 444 14 16 0.04807765 
711 1229 8 11 0.031965733 
680 1299 13 17 0.030915413 
784 449 26 29 0.02995626 
759 1230 8 10 0.029278759 
138 263 40 47 0.028204998 
247 405 13 17 0.026250599 
228 322 386 497 0.02540174 
1013 346 10 15 0.024305623 
163 286 13 15 0.021898992 
331 727 54 53 0.021456685 
695 1231 7 9 0.021425186 
158 282 14 16 0.021246122 
549 576 61 60 0.020910325 
