26_Soldier_Drilling_Soldiers_Drilling_26_204
161
371 258 25 34 0.9718564 
451 141 15 20 0.9378968 
437 198 20 25 0.74015087 
599 118 11 15 0.45770934 
893 356 14 20 0.4334717 
811 372 12 15 0.43098474 
732 307 12 14 0.39370027 
583 85 11 13 0.38753244 
944 171 12 16 0.37969723 
901 176 13 16 0.37469634 
868 312 28 35 0.24218017 
699 190 14 18 0.24077186 
661 115 11 15 0.22191048 
942 115 10 13 0.17339972 
912 117 12 15 0.17171992 
893 276 14 16 0.15749246 
712 123 12 17 0.13364483 
857 123 10 13 0.13196647 
623 156 11 15 0.11880682 
473 132 11 14 0.09697868 
581 144 17 20 0.090937145 
734 274 14 16 0.08865903 
661 121 13 18 0.08600722 
238 69 9 11 0.08406697 
988 163 10 14 0.08266791 
662 236 23 30 0.0800211 
966 152 15 17 0.07971543 
948 166 14 18 0.07663733 
953 272 17 23 0.07315596 
977 111 9 11 0.07274594 
944 259 12 17 0.07061522 
500 107 12 15 0.06578346 
667 115 12 15 0.06543595 
683 16 39 55 0.061339017 
1014 126 8 13 0.06121125 
918 111 12 14 0.061159376 
925 110 9 12 0.060409583 
730 320 14 18 0.060189147 
996 189 10 12 0.058912084 
983 204 14 16 0.05889937 
867 296 18 21 0.058872145 
858 317 25 33 0.058414582 
822 141 8 10 0.058129843 
970 197 11 14 0.057124052 
937 115 10 12 0.054996196 
800 213 25 32 0.05187852 
836 137 11 14 0.051801752 
924 231 15 22 0.05059133 
887 148 11 15 0.047525086 
1006 293 18 36 0.04737191 
376 253 37 42 0.047257617 
794 404 25 22 0.0472453 
708 199 15 19 0.04664461 
678 125 12 15 0.0464329 
636 118 13 17 0.045910865 
630 170 13 16 0.0443495 
948 264 18 23 0.04391293 
485 70 9 10 0.043820545 
685 123 11 14 0.04372486 
800 303 11 13 0.04312832 
655 111 13 16 0.042780694 
967 161 15 19 0.041580632 
853 326 15 22 0.04153332 
752 307 12 15 0.04152899 
901 182 15 19 0.04094138 
990 119 10 13 0.038606543 
738 308 13 15 0.038397793 
629 78 8 12 0.03748863 
995 213 12 16 0.037468582 
791 216 24 34 0.03666827 
678 130 14 18 0.036259435 
1004 236 20 33 0.035869174 
744 292 9 11 0.03556582 
773 277 11 14 0.035164613 
967 212 10 14 0.03516095 
740 111 10 13 0.035049606 
713 179 10 16 0.034387734 
797 270 13 17 0.034185402 
899 198 25 32 0.03395941 
742 285 11 14 0.033112675 
692 170 16 18 0.03300601 
990 210 13 16 0.0321094 
668 121 12 18 0.032035876 
973 127 12 14 0.03199313 
704 214 24 30 0.031472865 
341 77 11 14 0.030773629 
684 173 14 19 0.03076696 
1010 181 9 13 0.030309286 
678 118 11 13 0.02995796 
698 179 15 19 0.029862227 
814 102 11 14 0.029416952 
651 143 13 16 0.02941036 
860 288 17 19 0.028650612 
783 221 21 35 0.028412297 
750 294 10 11 0.028301956 
698 165 17 20 0.028292501 
707 188 14 20 0.028212566 
343 49 8 10 0.028044827 
847 135 9 12 0.027945383 
896 351 22 28 0.027668037 
444 196 25 30 0.027663056 
783 228 12 20 0.02749821 
583 153 13 17 0.02737433 
824 301 24 29 0.027321408 
910 157 8 11 0.027293513 
960 123 10 13 0.027192205 
728 302 11 15 0.026775893 
716 120 11 16 0.026717076 
649 165 9 12 0.025771763 
884 142 12 15 0.025700886 
716 222 26 34 0.025504513 
574 101 13 15 0.025470769 
809 136 7 9 0.025464734 
913 405 22 20 0.025136491 
644 117 13 17 0.024829268 
718 278 9 12 0.024748258 
703 116 11 15 0.024162445 
895 124 11 13 0.02407164 
899 192 17 20 0.02401714 
907 204 15 20 0.02386779 
925 220 12 16 0.023853736 
984 117 9 11 0.023835137 
951 160 18 25 0.023695068 
855 285 14 16 0.023611085 
1010 236 13 19 0.02360523 
798 140 9 11 0.023588484 
831 109 10 13 0.02355692 
789 213 12 16 0.023440074 
727 295 9 11 0.02336526 
891 155 10 13 0.023122165 
846 291 10 14 0.023052156 
437 75 12 14 0.022712437 
972 202 11 15 0.02265353 
743 204 21 27 0.02244676 
752 314 11 14 0.022326868 
966 118 8 12 0.022255912 
900 125 10 13 0.02215629 
477 135 13 17 0.022076497 
368 82 12 14 0.021993168 
983 159 10 13 0.02185477 
910 196 12 14 0.021834625 
679 173 12 19 0.021684596 
947 116 11 13 0.021546802 
687 321 16 20 0.021351613 
711 279 9 12 0.021250144 
712 192 16 21 0.021137936 
940 369 26 30 0.021136435 
946 173 15 19 0.021019055 
194 79 9 11 0.020857448 
653 158 11 13 0.0208405 
948 255 14 17 0.020721694 
911 152 9 10 0.02058742 
733 381 27 35 0.020431831 
836 350 16 22 0.020344561 
1011 146 11 17 0.020338042 
758 362 27 39 0.020240368 
693 202 13 17 0.020218095 
707 120 20 26 0.020183513 
966 192 13 15 0.0201606 
364 101 10 14 0.02014981 
971 135 15 18 0.02014539 
