26_Soldier_Drilling_Soldiers_Drilling_26_85
39
600 397 28 33 0.9966768 
58 352 31 40 0.99610186 
216 360 29 34 0.99473745 
0 600 29 51 0.954601 
387 381 10 13 0.69965655 
236 641 20 31 0.10988931 
239 647 33 33 0.10930444 
924 304 10 13 0.09716587 
234 396 22 26 0.07613557 
243 395 14 18 0.07603179 
278 637 18 34 0.061273053 
931 354 22 26 0.048206013 
326 389 9 11 0.045539748 
374 608 48 51 0.044466507 
260 720 39 51 0.04426875 
252 646 39 43 0.04121623 
214 632 35 49 0.03771116 
384 385 12 14 0.034668576 
58 771 47 60 0.03461275 
227 403 16 20 0.031226842 
908 297 12 15 0.028938385 
327 383 9 12 0.02876228 
263 406 11 13 0.028735425 
605 337 12 15 0.026188467 
759 157 9 11 0.0260318 
376 586 50 52 0.025080765 
311 411 12 16 0.024971642 
870 306 14 19 0.024446119 
924 356 18 21 0.023602908 
890 308 19 23 0.022971066 
251 392 12 17 0.02288385 
75 124 476 459 0.022724967 
254 402 11 16 0.022383634 
895 206 9 11 0.022306101 
344 395 9 11 0.022162613 
756 319 15 21 0.022137573 
743 182 11 15 0.020939995 
262 422 16 20 0.020861667 
135 874 537 540 0.020607198 
