26_Soldier_Drilling_Soldiers_Drilling_26_345
48
664 185 25 32 0.92894864 
470 190 26 35 0.86040276 
856 192 24 28 0.8159753 
161 192 20 27 0.65642554 
170 219 15 19 0.55277467 
344 198 22 28 0.49760708 
164 200 21 30 0.25136915 
829 240 24 28 0.082032554 
433 242 49 61 0.08086615 
164 182 12 20 0.07267909 
623 248 51 66 0.07128934 
343 195 15 22 0.06374208 
468 187 17 26 0.06279947 
699 248 62 94 0.058876615 
481 237 46 57 0.05264844 
454 237 12 16 0.050913278 
828 233 39 58 0.050304435 
827 266 12 18 0.048954207 
699 359 28 44 0.04269125 
828 232 15 18 0.042297736 
864 243 9 14 0.041298553 
859 180 16 20 0.041032307 
661 178 15 25 0.038387913 
825 251 24 30 0.03588683 
634 215 9 11 0.03571085 
817 263 22 31 0.035453144 
859 206 25 32 0.034799498 
982 103 35 52 0.03208237 
128 242 55 75 0.0319786 
454 237 57 66 0.030153409 
348 190 13 19 0.029804252 
599 251 15 18 0.029529124 
470 205 17 23 0.028430544 
841 246 16 20 0.028269242 
333 303 9 13 0.02769631 
863 218 14 17 0.026584523 
680 229 49 61 0.026394442 
432 252 31 38 0.025423646 
880 326 12 15 0.024269639 
360 308 12 16 0.023804499 
380 247 22 27 0.023703441 
832 228 27 30 0.023629194 
179 224 15 18 0.023516864 
854 188 16 22 0.02332531 
709 210 13 15 0.02151863 
478 235 13 16 0.020985354 
344 302 8 12 0.020677947 
423 219 83 103 0.0204544 
