26_Soldier_Drilling_Soldiers_Drilling_26_31
30
235 188 36 44 0.9902946 
806 158 43 50 0.986074 
662 197 38 42 0.9841525 
530 214 39 44 0.9833189 
379 177 42 50 0.98266613 
649 571 22 26 0.16963252 
311 412 11 15 0.07648281 
619 420 14 17 0.06739641 
757 182 38 51 0.057261065 
593 428 18 21 0.056446463 
330 419 16 20 0.047538664 
505 209 29 37 0.044446617 
332 415 11 14 0.044131808 
795 198 15 20 0.039256092 
517 211 36 40 0.038936015 
455 404 13 15 0.03789141 
310 397 21 28 0.031100389 
856 18 17 22 0.030179458 
195 108 36 43 0.023642005 
486 464 11 16 0.023637133 
537 159 27 32 0.023264283 
943 29 11 14 0.023044763 
679 161 28 38 0.022990724 
760 395 13 15 0.022947527 
316 386 14 19 0.022405716 
486 68 11 14 0.021196237 
280 189 30 40 0.021129655 
873 95 11 14 0.021042394 
575 130 12 16 0.021025259 
269 167 12 17 0.02049443 
