26_Soldier_Drilling_Soldiers_Drilling_26_529
23
531 126 44 55 0.9948442 
749 313 49 57 0.99465865 
471 332 50 57 0.99225426 
178 235 40 49 0.99102205 
363 129 43 54 0.9882428 
438 165 45 58 0.98746014 
659 477 25 35 0.11143164 
49 171 26 32 0.095976576 
890 206 9 11 0.07589964 
521 483 43 54 0.040923465 
747 724 11 13 0.034149908 
943 209 44 52 0.03344462 
730 726 12 16 0.032542814 
756 460 18 23 0.028302126 
995 197 10 13 0.027307007 
717 479 32 40 0.025251765 
716 655 9 12 0.024537753 
895 677 65 63 0.02334194 
934 196 10 14 0.023311056 
534 502 28 31 0.020909812 
911 686 33 40 0.020531354 
183 134 35 48 0.02029623 
766 694 9 10 0.020078396 
