26_Soldier_Drilling_Soldiers_Drilling_26_64
19
455 178 52 66 0.99906915 
662 166 47 62 0.99808335 
50 161 46 57 0.99645585 
585 189 27 36 0.99086326 
538 167 27 33 0.17263834 
562 190 32 41 0.097499676 
570 193 45 53 0.07025157 
363 415 18 22 0.051074136 
268 181 15 20 0.04911221 
233 288 431 412 0.04796862 
259 185 19 21 0.047404595 
541 180 42 50 0.034773126 
27 168 43 55 0.0269291 
9 171 40 51 0.026705677 
525 181 37 50 0.02382551 
600 228 31 43 0.023393033 
367 404 14 16 0.021923129 
668 360 25 29 0.021069292 
369 410 15 19 0.020874742 
