19_Couple_Couple_19_847
28
288 637 171 245 0.9996333 
508 487 172 268 0.99945277 
221 952 12 14 0.08075986 
258 994 16 18 0.07848314 
156 58 137 105 0.05683579 
10 376 22 37 0.046069197 
90 87 233 173 0.041593816 
259 1027 36 29 0.038638804 
24 210 67 110 0.03547685 
-4 346 150 367 0.03454739 
30 233 15 19 0.032508884 
218 956 17 21 0.030637717 
88 983 11 13 0.026970632 
18 967 69 81 0.026216703 
267 997 15 17 0.025603384 
245 333 12 15 0.025299927 
4 314 88 150 0.02475203 
167 942 31 34 0.024252046 
264 1034 21 20 0.023854686 
340 981 39 34 0.023785286 
202 291 12 14 0.023026964 
225 954 13 15 0.02203975 
234 998 27 33 0.021847736 
220 992 27 35 0.02137527 
170 1021 25 26 0.021011911 
598 107 10 14 0.020771565 
-3 338 39 98 0.020024613 
44 945 31 32 0.020018246 
