19_Couple_Couple_19_881
39
588 230 88 124 0.99847835 
253 196 92 120 0.99837303 
883 293 29 36 0.48539886 
535 287 54 74 0.10802432 
532 118 14 16 0.07670107 
387 42 12 15 0.0505587 
655 139 14 17 0.047282763 
401 155 11 13 0.04471544 
156 278 13 16 0.04357873 
436 293 17 18 0.04290215 
69 301 14 16 0.040706355 
427 243 12 15 0.040202208 
541 309 39 40 0.03966516 
40 339 18 19 0.039511118 
318 39 12 15 0.03906337 
371 55 10 12 0.03853408 
107 316 15 17 0.03733508 
145 149 12 14 0.03484976 
539 140 10 13 0.033763096 
686 893 328 496 0.030578995 
551 113 13 16 0.030045563 
976 293 39 66 0.02908135 
404 44 15 17 0.027813306 
355 75 13 15 0.027481597 
706 90 12 15 0.02746534 
485 222 11 13 0.02558638 
978 312 15 21 0.024931733 
949 296 16 17 0.02424647 
510 675 12 16 0.023770016 
948 297 24 28 0.02309759 
103 285 11 13 0.022952633 
548 237 81 121 0.022662349 
535 134 13 15 0.022522353 
174 243 12 15 0.0222058 
948 304 32 43 0.022191817 
809 7 26 31 0.02108619 
545 314 17 20 0.020631228 
859 6 30 38 0.020339444 
397 43 15 18 0.020160394 
