19_Couple_Couple_19_810
20
456 334 22 27 0.95108277 
482 345 17 22 0.7386714 
473 340 20 25 0.12177798 
345 319 168 199 0.110491134 
741 225 207 249 0.06979663 
459 289 168 200 0.041466758 
998 716 24 45 0.034359507 
407 574 35 36 0.034201037 
371 364 220 258 0.03283039 
510 616 54 60 0.032770857 
499 340 171 219 0.028783863 
62 184 202 210 0.027853291 
264 330 190 233 0.026706222 
579 69 36 41 0.026094085 
281 97 106 141 0.02340454 
78 245 222 256 0.023403456 
417 536 127 115 0.023071961 
670 132 360 413 0.02142821 
482 359 16 19 0.021265784 
563 550 12 16 0.020866225 
