19_Couple_Couple_19_106
33
583 176 57 76 0.9994166 
305 128 60 81 0.99912196 
1 8 41 70 0.33564568 
554 130 44 57 0.11163434 
498 71 27 32 0.062137686 
146 532 19 23 0.053938635 
478 173 46 59 0.049930915 
853 0 31 45 0.047687672 
431 195 42 56 0.038656235 
495 77 38 51 0.037243266 
420 33 48 67 0.036668953 
468 595 98 114 0.03384997 
909 -7 61 70 0.032423403 
452 49 98 135 0.032229807 
711 126 58 81 0.028325735 
670 1 98 90 0.02618898 
434 0 18 17 0.025310105 
157 0 54 48 0.024842681 
4 209 19 24 0.02382396 
760 67 32 44 0.023637231 
569 432 30 41 0.023532758 
0 -2 25 36 0.023338227 
216 -7 70 78 0.023191735 
430 35 27 34 0.022878582 
197 118 45 62 0.022121139 
-1 -4 69 123 0.021795139 
408 2 28 27 0.021511013 
733 65 54 61 0.021270161 
130 91 48 64 0.02089365 
411 0 54 59 0.020670319 
419 18 93 135 0.020322753 
139 544 54 67 0.02025435 
597 61 24 29 0.020218987 
