29_Students_Schoolkids_Students_Schoolkids_29_632
19
91 294 51 67 0.9986909 
355 307 59 81 0.99835664 
533 289 70 95 0.99660337 
270 350 59 84 0.9942562 
797 262 77 106 0.99256825 
396 247 41 52 0.16402027 
376 157 9 11 0.07896831 
192 162 16 23 0.06278963 
26 136 22 29 0.051164277 
90 126 17 24 0.033039086 
563 142 12 16 0.028862333 
542 165 8 11 0.028645385 
21 140 17 23 0.025658503 
363 254 25 37 0.024792006 
961 24 15 20 0.024555665 
23 114 40 51 0.023865122 
114 561 137 103 0.023640236 
411 135 13 19 0.022253098 
537 241 50 57 0.020221874 
