29_Students_Schoolkids_Students_Schoolkids_29_494
85
296 324 58 63 0.9984409 
787 129 30 37 0.99781066 
350 242 52 61 0.9945259 
717 130 30 42 0.99431485 
382 166 33 35 0.98090553 
282 28 41 48 0.9787364 
463 157 29 33 0.9726706 
541 149 25 35 0.9220224 
606 193 27 50 0.84080464 
860 138 29 33 0.8343835 
437 160 24 28 0.79058933 
906 141 26 27 0.71139693 
823 133 21 26 0.6479899 
352 161 21 30 0.59570056 
655 140 27 42 0.42075086 
892 135 17 27 0.38838223 
549 157 24 36 0.3287643 
571 162 33 40 0.2851477 
294 571 42 42 0.2819968 
511 162 13 17 0.16098857 
683 331 73 93 0.15186746 
265 297 30 50 0.13416985 
429 163 22 29 0.13032301 
674 239 40 47 0.11719012 
563 165 24 34 0.09682259 
647 152 42 52 0.09574708 
659 278 12 16 0.085637376 
527 306 10 13 0.077522196 
489 252 39 51 0.07222562 
803 130 27 35 0.070029765 
879 136 22 30 0.06808137 
509 174 18 23 0.066072986 
473 242 39 47 0.06308018 
869 131 23 31 0.06032499 
575 394 31 30 0.055638153 
618 135 17 24 0.054983854 
219 343 57 68 0.054085672 
422 168 15 23 0.051592063 
42 171 88 89 0.0490149 
566 248 36 40 0.048769508 
619 173 45 59 0.047959954 
515 147 22 31 0.045524254 
365 162 25 33 0.04541549 
209 350 40 55 0.04166566 
300 547 56 64 0.04013728 
584 169 30 36 0.03807482 
247 225 32 44 0.037730508 
504 152 22 28 0.03772256 
236 275 26 45 0.036452502 
571 185 49 54 0.03607373 
654 142 17 29 0.035101835 
622 140 25 30 0.03446295 
666 151 35 35 0.033149168 
269 282 44 53 0.030401604 
882 221 11 14 0.02984109 
587 383 23 37 0.029480573 
615 197 43 54 0.029056678 
756 126 25 30 0.028587686 
535 144 19 31 0.028443398 
373 204 43 57 0.028400663 
372 179 47 56 0.028368317 
546 143 17 22 0.027863106 
630 131 41 48 0.027072128 
356 413 35 46 0.026559433 
456 224 40 53 0.026027411 
660 165 50 56 0.025488175 
410 154 23 33 0.025472699 
169 302 39 56 0.025234072 
558 171 17 25 0.02493946 
229 253 40 55 0.024573743 
401 166 23 29 0.024565024 
531 205 15 19 0.024475887 
640 266 24 30 0.023859547 
394 306 26 39 0.023580952 
711 273 26 34 0.023429822 
597 183 29 46 0.023428747 
371 150 14 17 0.02295044 
524 159 14 19 0.0228983 
768 127 23 33 0.022839269 
518 301 14 18 0.022711894 
532 178 163 223 0.022438105 
351 168 28 38 0.021097291 
245 272 36 57 0.020595789 
441 219 32 47 0.020453706 
674 131 40 47 0.020078894 
