29_Students_Schoolkids_Students_Schoolkids_29_374
21
691 127 27 36 0.9988281 
391 116 21 28 0.9794124 
422 278 47 45 0.5796854 
410 237 30 37 0.14056067 
677 189 15 16 0.12818561 
810 86 10 12 0.082515694 
428 459 39 50 0.06257439 
447 488 46 46 0.053289287 
407 243 46 53 0.047226287 
397 278 44 42 0.046625394 
434 477 45 47 0.045356445 
471 89 14 20 0.044011686 
732 77 10 12 0.03109449 
353 278 425 547 0.027174326 
382 261 15 18 0.026847182 
666 72 350 498 0.025776708 
727 78 11 12 0.025648775 
394 254 84 84 0.024730833 
477 475 29 46 0.023405975 
722 79 9 12 0.023028336 
390 222 45 51 0.021077087 
