29_Students_Schoolkids_Students_Schoolkids_29_477
25
433 101 50 63 0.9975648 
729 86 34 39 0.99721485 
868 292 71 90 0.995688 
875 207 41 57 0.97965837 
844 143 38 53 0.93693095 
833 102 36 52 0.5137915 
504 110 51 61 0.14566322 
976 377 42 83 0.12007787 
605 601 60 80 0.07272862 
897 45 24 30 0.07248183 
839 117 45 59 0.05524653 
567 615 79 65 0.04941877 
126 430 118 129 0.045148507 
513 144 46 57 0.030379249 
832 87 25 34 0.02813348 
789 132 12 16 0.027768897 
838 87 46 55 0.025782278 
490 129 15 21 0.025633326 
895 46 14 22 0.023495482 
866 23 11 13 0.022150686 
879 4 11 12 0.022057062 
711 379 283 229 0.021822406 
118 92 11 14 0.021257747 
526 112 33 41 0.020985333 
548 168 13 18 0.02066259 
