29_Students_Schoolkids_Students_Schoolkids_29_42
25
243 229 191 248 0.999363 
185 164 26 33 0.99733436 
561 264 23 28 0.98461735 
227 188 29 37 0.95171505 
518 271 15 22 0.9460607 
816 467 105 167 0.93768615 
443 195 24 36 0.590352 
430 192 26 36 0.15345438 
648 -1 73 58 0.11145226 
490 241 16 21 0.09872261 
159 457 224 279 0.052546393 
830 383 166 246 0.04902806 
451 198 28 40 0.0426553 
75 397 12 15 0.035572197 
556 301 16 22 0.032228254 
544 684 28 33 0.027264804 
500 260 17 21 0.02688704 
473 230 49 54 0.024429535 
554 252 37 46 0.02285758 
481 235 24 32 0.022396082 
640 40 257 208 0.021682728 
491 248 45 51 0.021018509 
676 0 42 36 0.020993799 
490 247 23 31 0.02013599 
428 205 17 22 0.020110589 
