29_Students_Schoolkids_Students_Schoolkids_29_161
24
579 152 111 166 0.99871385 
844 79 89 114 0.9972234 
519 152 74 98 0.9964976 
366 182 24 35 0.70051455 
543 141 89 136 0.23643602 
351 187 33 40 0.18326245 
893 11 32 36 0.07295632 
471 182 21 29 0.06273189 
466 246 15 19 0.053225573 
343 181 27 34 0.041964043 
879 11 55 56 0.031319395 
458 231 25 31 0.029902162 
65 310 405 491 0.027366586 
533 144 462 486 0.026625639 
475 187 31 36 0.02224026 
964 109 25 39 0.021672262 
441 278 25 31 0.021584064 
966 74 23 34 0.021280842 
970 74 16 20 0.021102969 
760 22 91 112 0.02061508 
784 120 45 60 0.020611068 
755 47 51 64 0.02051131 
229 269 30 35 0.020321177 
376 439 11 12 0.020037968 
