29_Students_Schoolkids_Students_Schoolkids_29_489
47
441 229 116 143 0.99947053 
820 55 59 76 0.9981133 
622 131 85 114 0.99740064 
518 8 44 59 0.9962973 
286 16 30 49 0.9568119 
20 182 58 101 0.9342534 
387 54 46 64 0.93337286 
586 2 26 41 0.9280347 
110 27 43 48 0.9277655 
309 6 33 50 0.9046459 
893 2 32 23 0.39673755 
941 45 44 60 0.27699298 
755 89 28 38 0.1816296 
616 63 36 39 0.1488374 
196 154 78 81 0.12934528 
958 40 33 45 0.100418426 
519 547 13 16 0.06522333 
125 15 32 45 0.058992554 
764 91 15 19 0.05454909 
296 13 54 69 0.04898293 
225 103 101 125 0.046251636 
496 502 13 14 0.044169135 
929 61 58 86 0.044093758 
8 166 47 94 0.043564506 
737 107 11 13 0.041712202 
137 12 21 33 0.039048947 
355 28 75 104 0.03658135 
764 87 13 14 0.036362033 
724 86 14 18 0.036076453 
951 95 60 87 0.035718862 
381 60 29 41 0.034551654 
568 0 33 42 0.033792358 
9 170 24 49 0.03270292 
874 -1 41 33 0.030419685 
373 63 24 34 0.025463825 
762 135 29 48 0.025318822 
743 118 11 14 0.024983346 
0 178 20 41 0.024514599 
882 1 24 20 0.02412834 
749 104 14 17 0.02177862 
0 59 25 53 0.02170064 
859 44 52 70 0.021093475 
69 123 69 85 0.020621646 
940 124 35 46 0.020589538 
176 144 61 81 0.020546444 
714 84 23 30 0.020375999 
281 2 91 106 0.020244908 
