29_Students_Schoolkids_Students_Schoolkids_29_21
54
461 151 104 136 0.99962866 
745 200 125 171 0.9996032 
313 92 58 77 0.9986994 
767 60 54 70 0.99795914 
945 61 55 69 0.99738795 
209 107 50 62 0.99678636 
614 56 52 67 0.9964181 
452 58 45 56 0.9959124 
877 10 40 50 0.9931096 
73 139 77 92 0.9908257 
151 82 51 63 0.9906585 
12 72 26 33 0.9882958 
992 30 29 42 0.9858036 
579 52 33 44 0.98063236 
74 62 35 43 0.9800602 
112 55 42 50 0.9751891 
728 35 36 46 0.97425044 
926 35 39 50 0.9612714 
406 50 22 30 0.9542278 
468 24 25 30 0.94674015 
583 15 24 29 0.9312875 
663 28 28 37 0.92758065 
433 33 33 42 0.87363315 
808 22 26 31 0.8509131 
508 49 30 40 0.5610835 
510 82 56 70 0.56053734 
0 108 16 31 0.1697089 
362 77 30 39 0.16801952 
450 33 29 34 0.11474768 
423 46 25 34 0.061731964 
53 134 62 87 0.059707098 
581 29 30 41 0.056108452 
388 78 21 35 0.05526164 
492 75 45 58 0.04594162 
593 47 40 59 0.04253328 
587 245 62 65 0.0381854 
462 30 35 45 0.033929773 
790 30 44 54 0.032893047 
442 35 20 24 0.03135277 
538 71 50 64 0.03109701 
634 400 38 65 0.030777212 
907 27 38 54 0.030510077 
437 0 32 29 0.029386599 
536 100 40 46 0.029080572 
738 17 28 36 0.028750326 
699 522 29 38 0.026111482 
177 96 44 64 0.0255451 
569 136 27 36 0.024913952 
806 8 31 30 0.02399216 
356 90 36 50 0.023360174 
11 512 59 62 0.02234385 
536 111 49 69 0.021987371 
465 -2 31 27 0.02178957 
509 59 41 51 0.020596443 
