29_Students_Schoolkids_Students_Schoolkids_29_251
42
49 311 60 71 0.9994677 
114 196 58 72 0.9992662 
637 170 58 74 0.99909484 
315 330 57 69 0.9989334 
904 214 64 69 0.99891627 
263 465 69 85 0.9984232 
659 270 59 72 0.99827325 
484 473 58 70 0.9981633 
500 218 67 88 0.9980294 
732 297 73 89 0.99789655 
381 475 68 82 0.9976794 
214 263 67 74 0.9974062 
48 558 74 83 0.996516 
747 494 71 92 0.99597883 
376 277 50 57 0.9950938 
897 96 48 59 0.99486274 
407 112 50 58 0.99226403 
550 353 71 79 0.98840815 
221 196 43 45 0.97348195 
376 205 54 61 0.9682215 
508 142 45 58 0.86876255 
247 355 50 61 0.19952443 
583 494 11 14 0.12294002 
244 575 14 17 0.05744059 
531 145 36 44 0.044736918 
335 219 43 59 0.039958037 
438 369 17 19 0.038993545 
745 154 11 16 0.033276908 
797 263 47 57 0.031291816 
616 403 52 85 0.027597316 
104 192 40 54 0.026442662 
131 636 54 54 0.025830708 
629 307 42 58 0.024517564 
428 365 28 32 0.024419665 
314 321 41 47 0.0240247 
857 83 12 14 0.022894075 
562 354 94 125 0.02258874 
360 219 52 67 0.022405755 
978 332 40 64 0.02086924 
363 254 28 38 0.020767309 
822 255 23 24 0.020502875 
681 178 30 46 0.020382944 
