29_Students_Schoolkids_Students_Schoolkids_29_66
62
647 128 33 42 0.99471855 
397 105 36 46 0.99043477 
191 90 28 39 0.9846541 
448 168 36 47 0.9798442 
16 140 23 41 0.9746517 
320 107 38 47 0.9641297 
474 128 29 44 0.9347056 
324 195 27 48 0.9331017 
112 125 23 45 0.75852317 
171 146 21 41 0.72564864 
917 175 22 36 0.6379413 
284 117 22 38 0.6300842 
816 179 20 34 0.6273565 
704 199 23 45 0.57677484 
0 161 21 50 0.5533379 
779 144 19 32 0.40971985 
865 150 23 27 0.27144596 
498 126 28 40 0.22480914 
714 197 29 47 0.16208288 
89 115 34 47 0.12047581 
176 354 166 203 0.11328059 
6 148 23 53 0.10936625 
847 177 23 31 0.10286849 
689 210 34 41 0.08581865 
903 172 25 36 0.06094404 
774 147 35 46 0.060644682 
643 227 23 24 0.055189814 
908 182 36 49 0.053064257 
596 114 18 24 0.04075981 
535 88 21 35 0.03883591 
451 461 12 16 0.036454886 
-83 302 384 530 0.03624995 
856 162 23 32 0.036245916 
241 127 17 19 0.03491656 
759 135 34 47 0.034054592 
216 89 28 37 0.0337702 
636 234 13 17 0.03265771 
183 98 41 49 0.028282152 
708 543 13 16 0.027888527 
628 476 10 12 0.026391298 
297 113 45 55 0.026027935 
920 165 39 47 0.02586469 
755 134 21 31 0.025834747 
458 147 34 47 0.02539118 
26 144 37 46 0.02466721 
178 151 35 44 0.024634333 
980 145 23 30 0.023939306 
224 133 41 50 0.023671115 
220 314 391 498 0.023634667 
116 124 15 25 0.023232367 
662 128 28 36 0.022135746 
101 66 17 23 0.021865843 
542 89 31 36 0.021838598 
914 208 14 18 0.021668687 
475 124 17 25 0.021355933 
464 412 31 43 0.021312844 
763 164 43 53 0.021263398 
607 296 432 565 0.021228768 
634 232 27 30 0.020678738 
543 165 49 69 0.020407839 
597 445 10 13 0.020302294 
843 17 68 81 0.020146957 
