29_Students_Schoolkids_Students_Schoolkids_29_84
19
537 432 121 149 0.9998043 
659 277 139 128 0.9981775 
319 407 150 136 0.9966364 
402 77 141 133 0.91941255 
283 226 166 132 0.9179521 
574 146 140 121 0.43261173 
327 109 202 158 0.061038323 
509 70 185 187 0.058419 
600 171 203 185 0.052307177 
283 254 104 80 0.0502476 
744 107 11 15 0.049201783 
1013 87 9 13 0.029735776 
450 65 159 181 0.028795527 
15 493 110 132 0.02872561 
393 1 211 188 0.024960704 
308 281 128 150 0.024112549 
279 339 223 171 0.022925077 
617 28 96 108 0.022284213 
283 431 126 157 0.020515496 
