29_Students_Schoolkids_Students_Schoolkids_29_10
60
658 367 24 31 0.9979486 
524 375 24 29 0.9869255 
576 336 23 28 0.9862868 
481 367 22 29 0.9819671 
525 316 18 23 0.97441554 
423 353 23 30 0.96921366 
458 293 18 23 0.96647924 
558 281 14 18 0.9502421 
465 330 17 23 0.92745185 
629 351 21 25 0.79472023 
485 302 13 16 0.5033813 
524 275 12 15 0.33492145 
614 322 17 21 0.23252366 
525 360 17 19 0.1085996 
545 18 428 565 0.076781936 
509 286 11 13 0.0745175 
527 295 10 13 0.046388727 
415 362 26 31 0.043501925 
56 195 34 42 0.043498483 
592 315 11 14 0.0404961 
109 188 10 13 0.03803377 
502 297 14 19 0.036026254 
494 319 12 15 0.034658406 
540 149 12 15 0.032074377 
504 287 11 12 0.032051943 
430 338 13 15 0.031280473 
538 155 16 20 0.029460965 
648 353 16 19 0.028388556 
486 239 12 16 0.028333247 
606 315 12 15 0.027872924 
584 114 14 17 0.027682122 
447 199 8 11 0.027557002 
594 322 22 29 0.027173873 
453 231 10 11 0.027140815 
581 414 16 18 0.027098857 
524 139 10 13 0.026994431 
485 516 13 16 0.02604739 
592 486 13 17 0.026038582 
506 377 16 21 0.025763983 
542 200 16 21 0.025575016 
415 144 10 11 0.025129573 
483 273 12 16 0.024952523 
613 259 14 17 0.02488224 
471 279 10 12 0.023891842 
491 244 14 17 0.023669288 
483 309 15 20 0.023354048 
598 309 13 16 0.023212329 
507 312 15 19 0.02311748 
604 315 21 26 0.022691507 
489 305 13 16 0.022501081 
551 373 11 16 0.021933474 
550 323 14 19 0.021798788 
441 135 8 9 0.021352738 
439 228 9 12 0.020943742 
422 338 25 30 0.020909177 
620 336 15 18 0.020692097 
582 307 12 15 0.020369707 
637 390 25 32 0.02030283 
615 384 23 29 0.020060344 
596 289 15 18 0.020050107 
