29_Students_Schoolkids_Students_Schoolkids_29_432
58
590 0 70 57 0.93362653 
884 165 95 109 0.85158485 
144 490 12 15 0.26828936 
202 364 9 13 0.14589003 
147 484 15 19 0.14543773 
151 476 11 14 0.079005286 
739 32 91 136 0.07595467 
50 418 24 30 0.07335093 
175 483 13 16 0.06737909 
180 403 11 14 0.060897987 
204 482 16 20 0.05883361 
222 340 12 14 0.057982843 
198 468 11 14 0.04510503 
486 289 56 51 0.043831766 
339 424 14 19 0.043636143 
154 483 13 17 0.041374996 
215 340 11 13 0.03924239 
205 359 11 14 0.038439896 
326 369 17 19 0.037172668 
142 476 12 17 0.036612272 
741 589 129 169 0.035563137 
150 343 13 16 0.035299633 
156 326 10 13 0.032083947 
418 676 35 45 0.031144025 
166 359 8 12 0.030095782 
143 324 11 14 0.029652806 
795 471 61 88 0.029634714 
168 486 11 15 0.028673977 
3 382 8 12 0.028019065 
181 430 11 13 0.02789415 
315 322 12 17 0.027819613 
706 15 185 193 0.027673485 
180 435 12 14 0.027552327 
222 347 12 14 0.027506499 
318 365 28 33 0.027043296 
126 466 14 17 0.026276687 
145 317 17 19 0.025661431 
214 348 11 14 0.025261734 
866 139 154 189 0.02502749 
253 293 11 13 0.024821095 
134 475 11 15 0.024755383 
302 421 13 16 0.024257468 
18 414 8 11 0.022782441 
48 420 14 19 0.022559281 
135 482 12 17 0.022499204 
282 443 15 17 0.021989882 
206 395 13 19 0.021613406 
254 301 14 17 0.021553647 
458 300 58 64 0.02148939 
222 429 10 13 0.021408683 
208 351 11 13 0.021284034 
180 382 11 12 0.020921135 
320 301 8 11 0.020813672 
161 359 9 12 0.020672008 
126 498 11 14 0.02062426 
125 516 11 14 0.020579059 
188 403 13 18 0.020428706 
304 293 8 11 0.020064276 
