29_Students_Schoolkids_Students_Schoolkids_29_310
21
96 207 59 78 0.99908304 
283 198 57 76 0.99895954 
468 199 56 69 0.99879587 
833 213 61 77 0.99854064 
653 191 56 69 0.99825376 
542 152 107 130 0.97718835 
360 211 109 131 0.9515863 
488 416 9 12 0.69667107 
468 418 10 13 0.5468537 
758 175 88 121 0.5440168 
837 407 12 14 0.50955856 
79 398 11 13 0.37323773 
659 385 11 15 0.21391428 
678 380 11 14 0.19076975 
101 397 11 13 0.14189157 
599 163 78 106 0.07530212 
857 402 12 14 0.0649578 
69 374 79 75 0.041983828 
481 414 11 13 0.032202326 
886 399 9 12 0.026695019 
481 409 20 23 0.021396074 
