29_Students_Schoolkids_Students_Schoolkids_29_358
26
491 381 16 20 0.9515214 
624 375 19 25 0.9265249 
269 362 17 21 0.8896109 
574 391 16 21 0.65342546 
546 381 16 19 0.38716996 
712 373 18 23 0.38056734 
940 420 22 27 0.37220967 
845 409 19 26 0.3247463 
265 415 38 44 0.2041725 
499 422 15 20 0.12475177 
434 401 15 19 0.075303346 
672 389 17 21 0.06971879 
363 426 13 16 0.059215292 
476 437 11 14 0.029983735 
673 375 10 12 0.025682464 
501 414 13 17 0.02337154 
948 413 12 16 0.023221238 
702 372 22 27 0.023143046 
963 440 12 14 0.022790853 
615 398 12 15 0.022621071 
905 415 10 11 0.0223128 
1005 430 15 18 0.021864831 
839 427 11 13 0.02081269 
554 385 13 16 0.020664804 
941 554 14 17 0.020321392 
697 377 14 18 0.020132834 
