29_Students_Schoolkids_Students_Schoolkids_29_312
20
501 66 83 120 0.9989008 
732 354 236 244 0.15652974 
1013 4 10 14 0.1236941 
45 45 36 45 0.115261465 
717 33 9 12 0.04590861 
719 13 9 11 0.043393187 
680 278 355 448 0.0396056 
706 326 69 82 0.03906705 
917 2 9 9 0.03530495 
701 37 10 13 0.030856736 
941 5 15 20 0.02883464 
-1 39 33 48 0.027398102 
744 27 12 15 0.026718905 
765 23 9 12 0.02566758 
817 435 167 156 0.023799496 
734 24 9 12 0.023499975 
347 95 31 38 0.023243885 
863 21 11 14 0.020662164 
869 20 12 15 0.020481937 
965 1 14 13 0.020481916 
