29_Students_Schoolkids_Students_Schoolkids_29_684
18
457 41 49 63 0.9984633 
206 63 57 66 0.9908597 
361 139 32 36 0.3408714 
788 479 8 11 0.32447177 
247 571 23 31 0.102787554 
548 524 15 18 0.08331672 
360 125 9 13 0.055795893 
852 468 9 11 0.046613365 
657 494 8 11 0.03696707 
960 465 15 18 0.034836147 
158 181 35 49 0.033686046 
841 456 9 11 0.031289797 
847 463 10 12 0.03046213 
848 439 10 12 0.028396988 
110 134 62 72 0.025562724 
111 182 46 55 0.024431942 
697 500 9 12 0.020650728 
336 152 10 12 0.02030217 
