29_Students_Schoolkids_Students_Schoolkids_29_585
22
462 49 77 83 0.9969181 
110 166 43 55 0.99155396 
386 340 14 17 0.335764 
855 629 11 13 0.09850799 
305 239 10 12 0.07025309 
855 20 11 15 0.04153028 
855 12 11 14 0.03868549 
970 42 22 27 0.036454786 
287 247 10 11 0.031404573 
345 237 11 14 0.03137149 
987 138 23 28 0.027395617 
870 639 10 12 0.027180301 
322 240 8 10 0.026729545 
244 283 14 17 0.026651887 
31 645 9 13 0.025609417 
274 316 15 18 0.02463539 
270 223 10 12 0.023903094 
179 227 12 13 0.022715809 
278 221 10 12 0.02260659 
326 238 10 12 0.02174952 
1012 178 10 14 0.020829068 
829 74 18 19 0.020653319 
