29_Students_Schoolkids_Students_Schoolkids_29_311
60
298 377 15 19 0.9686376 
234 378 17 22 0.9684503 
120 369 12 15 0.9246077 
47 373 14 18 0.9019933 
445 393 17 20 0.6661729 
426 148 10 14 0.6176137 
202 387 14 18 0.30274728 
424 438 22 26 0.21587221 
0 364 8 13 0.16969739 
691 425 16 19 0.12695783 
447 366 11 14 0.1252397 
435 439 16 22 0.069551274 
354 183 392 548 0.055655707 
74 388 9 12 0.055000708 
446 149 9 12 0.048141405 
431 126 10 13 0.04594292 
193 502 9 12 0.04247966 
449 55 9 12 0.042143013 
481 55 8 10 0.039439637 
391 110 9 12 0.038228698 
534 57 8 10 0.036482546 
690 458 18 23 0.033939287 
437 127 9 11 0.03325545 
450 370 11 15 0.032955404 
876 26 13 15 0.031964198 
520 65 7 8 0.031642836 
955 451 11 15 0.030504027 
684 416 39 55 0.030279778 
33 373 9 12 0.030058213 
657 224 374 581 0.029116675 
367 116 10 13 0.028514456 
685 419 16 20 0.028303988 
412 158 11 15 0.028056215 
406 105 11 14 0.027486587 
162 374 10 13 0.026932104 
410 164 10 13 0.02606347 
357 125 9 12 0.025895776 
683 407 27 29 0.0256639 
605 230 9 10 0.02561428 
485 55 9 11 0.025500456 
34 367 7 10 0.025496656 
477 88 9 11 0.025397688 
815 3 14 13 0.024935732 
254 245 335 428 0.02492907 
646 244 9 12 0.024811763 
454 45 8 10 0.024641562 
389 193 9 11 0.024092315 
474 125 13 16 0.023849878 
440 106 12 14 0.023371302 
39 373 10 14 0.022785822 
114 371 11 14 0.022773437 
303 169 7 10 0.022640793 
495 78 8 10 0.022607327 
806 1 9 9 0.02254385 
307 201 8 10 0.022298008 
303 35 10 12 0.021623775 
32 379 10 14 0.021570805 
230 174 9 12 0.020858638 
401 80 7 10 0.020660242 
447 155 8 11 0.020110305 
