47_Matador_Bullfighter_Matador_Bullfighter_47_631
52
732 85 37 61 0.9687601 
878 12 22 25 0.31709757 
366 43 60 74 0.20119587 
914 -2 59 57 0.18099788 
554 51 22 28 0.1617119 
90 45 18 22 0.14581838 
451 401 143 119 0.10848555 
942 3 33 32 0.106124274 
860 13 78 98 0.08805463 
122 -2 18 15 0.08108215 
677 56 48 59 0.081023045 
764 0 25 25 0.06637152 
724 12 16 21 0.052582905 
408 359 196 225 0.049563225 
982 68 22 27 0.04866838 
685 83 33 42 0.04828853 
691 103 26 31 0.045233615 
823 1 43 41 0.041266914 
568 2 20 20 0.04079944 
702 60 45 64 0.03231062 
74 106 19 25 0.03183933 
683 23 52 66 0.03179714 
493 428 81 72 0.03155665 
713 11 29 31 0.030754164 
248 319 32 38 0.030692946 
799 187 14 19 0.030477691 
628 462 90 113 0.030241365 
68 74 25 31 0.030146407 
283 0 25 22 0.029447097 
976 108 26 30 0.02922117 
388 29 60 79 0.027977122 
961 108 47 66 0.0267946 
177 -2 20 21 0.026570283 
276 238 85 66 0.026401548 
533 287 33 38 0.02601132 
71 96 40 55 0.025681954 
10 272 425 595 0.025436822 
197 48 27 34 0.025392307 
400 -3 107 109 0.024837572 
242 228 121 122 0.0233256 
493 1 29 28 0.023038434 
341 59 63 68 0.022626268 
887 1 80 85 0.022621691 
585 607 18 21 0.02218816 
374 52 28 35 0.021575939 
642 55 18 21 0.02121005 
462 274 147 207 0.020760065 
379 52 16 19 0.020681994 
931 161 38 43 0.020590777 
197 71 210 238 0.020430619 
957 6 20 24 0.020343553 
881 2 29 28 0.020065187 
