47_Matador_Bullfighter_matadorbullfighting_47_731
534
575 136 22 26 0.95335555 
424 170 19 21 0.9288717 
679 114 13 15 0.9247298 
361 116 9 13 0.88984144 
833 110 10 13 0.7874363 
720 133 12 14 0.75786465 
303 136 10 13 0.7375698 
143 77 10 13 0.7166585 
146 133 8 12 0.695639 
534 133 12 14 0.62605655 
923 90 11 14 0.5977457 
326 142 12 16 0.5418274 
445 66 10 13 0.52354807 
204 80 8 11 0.4894924 
59 20 9 12 0.47688198 
594 103 8 11 0.47597122 
915 110 9 12 0.47302485 
947 37 12 15 0.44305685 
72 148 12 15 0.44102603 
307 74 12 15 0.44075358 
627 110 10 13 0.43898946 
840 86 9 13 0.4387272 
890 53 10 13 0.43546718 
8 116 11 14 0.40368718 
601 115 11 14 0.39822128 
871 92 9 12 0.37485144 
983 101 12 16 0.37307587 
376 95 10 12 0.37115785 
388 148 11 13 0.37067428 
404 133 11 14 0.36635172 
962 72 9 12 0.36470452 
975 32 10 13 0.34726116 
164 124 10 12 0.33527237 
679 88 10 13 0.33255038 
495 109 12 15 0.3175345 
508 164 15 19 0.30562788 
872 110 11 14 0.2998621 
907 132 11 15 0.29324463 
611 46 10 13 0.28665352 
38 126 12 15 0.28391966 
248 7 10 12 0.28313392 
623 130 11 15 0.27708474 
997 129 13 16 0.2739086 
853 94 9 12 0.2616743 
742 32 9 12 0.25575307 
85 24 9 10 0.25203463 
404 32 11 13 0.24970318 
950 113 12 15 0.24673016 
266 136 8 10 0.24413382 
713 109 8 11 0.24338788 
521 125 11 14 0.24024506 
63 116 12 13 0.23851503 
30 153 10 12 0.23815368 
756 87 10 12 0.23275666 
515 70 8 12 0.23178293 
665 41 11 13 0.23016945 
103 120 10 12 0.2238848 
478 85 10 12 0.21913348 
559 82 10 12 0.21703047 
974 140 12 16 0.20274971 
125 144 8 10 0.19756758 
647 120 9 12 0.19595039 
311 19 10 12 0.19552095 
600 60 9 11 0.19264352 
332 75 12 14 0.19097716 
652 11 11 14 0.18967007 
126 104 7 10 0.18700749 
191 140 8 10 0.18524568 
301 2 12 12 0.18500613 
2 147 10 14 0.17226599 
537 6 9 12 0.17197926 
455 120 9 11 0.1703055 
690 39 8 11 0.16832319 
565 119 12 15 0.16579506 
784 80 9 11 0.16223533 
785 26 10 14 0.15967278 
650 63 7 10 0.15878874 
20 134 11 14 0.15724099 
113 13 9 12 0.15480764 
484 112 10 12 0.15257981 
341 6 10 13 0.14591153 
588 85 9 12 0.14541723 
665 63 9 11 0.14497028 
548 114 10 14 0.1424532 
504 138 12 15 0.14201951 
142 11 11 15 0.136759 
192 10 9 12 0.13664484 
713 79 11 13 0.13579264 
775 7 10 13 0.13527487 
84 122 11 14 0.13373736 
398 60 8 11 0.13227889 
818 61 8 10 0.13224718 
768 99 9 11 0.13066335 
494 64 10 11 0.12721734 
227 117 7 9 0.12634373 
84 80 8 11 0.12540491 
109 140 9 12 0.12388905 
162 6 11 13 0.12198568 
978 5 8 10 0.12056766 
616 23 9 11 0.1195248 
716 110 9 12 0.11932873 
558 65 7 10 0.11922613 
854 54 11 13 0.117566936 
352 71 9 12 0.11355346 
324 4 10 12 0.11241687 
69 95 9 11 0.1116663 
51 83 11 13 0.11001816 
438 128 11 13 0.10979499 
873 63 9 11 0.10964138 
101 88 9 12 0.10867418 
184 70 7 9 0.108650364 
800 111 10 12 0.10714053 
364 12 11 14 0.10691863 
110 104 9 11 0.10629222 
412 154 11 14 0.105759166 
687 60 10 14 0.102534056 
741 60 10 12 0.100656115 
0 80 6 11 0.10023031 
501 45 12 15 0.099357866 
247 132 9 13 0.09741822 
509 228 13 15 0.09288056 
273 7 11 13 0.09152745 
792 186 13 16 0.090035886 
282 104 8 10 0.08995103 
503 51 12 15 0.08960355 
787 20 11 15 0.08804422 
180 129 9 11 0.0871327 
718 47 9 12 0.08675596 
646 148 10 13 0.08654108 
757 69 12 14 0.08591479 
544 111 10 12 0.085167974 
863 77 8 10 0.084696986 
246 55 9 11 0.08329257 
709 64 8 11 0.08248459 
304 92 9 11 0.08206626 
337 118 9 12 0.08002123 
416 102 10 12 0.078445755 
665 23 8 10 0.077856205 
346 108 10 13 0.07712341 
984 64 8 11 0.07657873 
640 29 10 12 0.07652638 
481 47 10 13 0.07570711 
770 257 73 94 0.075431444 
514 9 8 10 0.07521865 
761 40 8 9 0.07477456 
1012 85 10 15 0.07420909 
47 33 10 12 0.07394334 
832 128 9 12 0.07303184 
181 89 8 10 0.072828084 
726 3 7 8 0.07251486 
229 71 9 12 0.07231776 
330 71 10 14 0.07201343 
341 86 11 12 0.07163818 
104 136 10 12 0.070989095 
879 48 8 11 0.07081316 
226 89 7 9 0.07060583 
26 22 10 13 0.07012734 
166 176 10 12 0.06868104 
917 41 9 10 0.06812852 
824 29 8 11 0.06725724 
671 109 11 14 0.06708929 
708 126 10 13 0.06699161 
429 108 10 13 0.0665955 
73 68 8 10 0.0661387 
344 100 12 14 0.06595536 
390 75 9 12 0.06555437 
769 29 8 10 0.06499784 
197 159 9 11 0.06458695 
542 60 8 10 0.06401522 
969 52 9 11 0.06315474 
968 87 12 14 0.06212877 
252 82 10 14 0.061916314 
832 54 8 10 0.06023452 
623 103 11 13 0.059992358 
712 147 11 14 0.059930082 
979 35 10 13 0.059496984 
839 28 7 10 0.059081215 
529 182 11 13 0.059075847 
750 46 9 11 0.059021335 
638 38 10 12 0.05839807 
582 55 8 10 0.05825651 
756 62 10 13 0.058032107 
453 142 9 12 0.05780066 
840 3 11 14 0.05777144 
908 57 10 11 0.05776694 
85 139 10 12 0.05760807 
788 16 9 10 0.057527475 
725 68 8 12 0.057513252 
57 175 10 12 0.0568137 
156 100 9 11 0.05649982 
973 52 9 12 0.05622861 
467 176 14 17 0.05609166 
537 108 9 12 0.055423405 
229 90 7 9 0.055287555 
777 64 8 11 0.055047374 
869 35 8 11 0.054525413 
334 109 9 12 0.054379113 
498 115 10 13 0.053987134 
264 94 12 15 0.05396891 
193 137 8 11 0.053382233 
166 158 9 12 0.053324368 
945 43 11 15 0.05324595 
462 80 9 11 0.05295397 
30 78 8 9 0.052492972 
158 144 8 10 0.05246453 
638 45 10 13 0.052431747 
543 77 9 12 0.05186268 
294 118 10 13 0.051833138 
601 20 9 12 0.051737726 
694 87 11 13 0.05170999 
726 103 10 12 0.051703207 
792 69 9 11 0.05121343 
781 139 10 12 0.050700817 
657 77 8 11 0.05029758 
343 93 12 14 0.050043125 
912 8 9 11 0.050025955 
779 43 8 11 0.049883984 
710 68 10 11 0.04964085 
406 111 10 12 0.049361918 
392 88 10 12 0.049127694 
982 96 11 14 0.048803806 
264 86 10 11 0.0486989 
495 103 11 13 0.048435137 
946 53 8 11 0.048308793 
233 103 8 9 0.048287313 
477 69 9 11 0.04819363 
738 30 9 12 0.0477902 
462 147 9 12 0.047699474 
885 127 10 13 0.047458835 
549 44 8 11 0.047447894 
415 109 11 14 0.046389323 
98 5 8 11 0.046178196 
626 8 9 11 0.04586717 
694 22 10 12 0.04584514 
767 127 10 12 0.04564673 
36 95 10 12 0.044857316 
278 143 11 13 0.044734888 
908 87 9 12 0.044630982 
242 120 8 10 0.04450204 
520 150 11 13 0.044484362 
958 151 13 16 0.044329103 
45 6 11 12 0.04425661 
766 46 8 11 0.043958433 
422 109 11 14 0.0436961 
637 52 11 15 0.04368889 
538 56 9 12 0.043570213 
821 55 10 12 0.043166038 
95 155 9 12 0.042999957 
970 30 8 11 0.04285969 
46 102 10 12 0.04285166 
117 80 8 11 0.042695645 
722 63 9 12 0.042576917 
684 88 10 12 0.041274708 
804 118 10 12 0.041150026 
673 114 12 16 0.041053824 
807 93 8 11 0.040802855 
160 83 8 11 0.040582474 
564 108 13 15 0.040457502 
607 85 10 13 0.04006675 
217 134 8 9 0.039976805 
623 97 8 10 0.0398068 
194 87 7 9 0.039710265 
384 77 9 11 0.039647266 
736 53 9 13 0.03952201 
643 92 10 12 0.039448574 
45 109 10 11 0.039180033 
103 77 10 12 0.038782485 
424 92 9 12 0.03872614 
178 4 10 12 0.038723208 
385 31 10 13 0.038624916 
554 13 9 12 0.03851949 
511 316 14 16 0.038173303 
267 99 11 14 0.03803371 
215 71 7 10 0.037867006 
924 65 8 10 0.0377724 
536 103 9 12 0.037708346 
768 53 8 11 0.037419353 
14 80 8 10 0.03741732 
881 31 9 12 0.037182063 
197 7 10 12 0.037137516 
64 48 9 11 0.03704026 
308 115 11 13 0.03698824 
195 163 12 16 0.036964983 
821 157 9 12 0.036884416 
207 120 7 10 0.036792018 
421 102 11 13 0.03669023 
802 6 8 11 0.036351606 
42 111 9 11 0.036315564 
231 92 7 10 0.036304608 
758 76 11 14 0.036292925 
565 102 10 13 0.03623495 
714 45 8 11 0.036216594 
569 64 8 10 0.036141314 
848 46 8 11 0.036077276 
847 12 10 11 0.03604845 
288 86 9 12 0.035995804 
489 133 8 11 0.03558917 
937 72 8 10 0.035490274 
517 11 8 11 0.035344854 
591 80 9 11 0.035301585 
914 39 8 11 0.03528525 
232 135 8 11 0.035281554 
831 179 9 13 0.035258614 
1006 5 11 13 0.035119712 
633 55 8 11 0.0349686 
851 53 8 11 0.034574073 
528 130 10 13 0.034505658 
373 12 10 13 0.034373358 
390 6 10 11 0.034363516 
873 230 9 12 0.03428814 
584 62 8 11 0.034123663 
864 19 8 10 0.033950347 
122 149 10 13 0.0336995 
79 5 10 12 0.033513445 
200 83 8 11 0.03332183 
719 12 11 14 0.033273228 
179 87 7 10 0.03309474 
713 5 10 11 0.03289094 
294 71 8 10 0.03244361 
841 143 9 12 0.03216698 
370 151 12 14 0.03213312 
463 95 9 11 0.032068722 
585 69 7 8 0.03191195 
643 119 8 11 0.0318624 
357 70 10 12 0.031793002 
366 69 8 11 0.03176525 
399 86 9 12 0.031753123 
903 78 8 10 0.031743765 
558 134 11 14 0.031741925 
112 78 9 12 0.031738453 
214 153 9 11 0.03160782 
712 40 8 10 0.03150035 
542 221 14 16 0.031365447 
752 264 59 67 0.031352587 
936 76 9 12 0.031154167 
217 12 12 16 0.031057201 
129 6 10 12 0.031043453 
429 87 8 11 0.030807296 
671 103 9 13 0.030779326 
663 67 10 13 0.03067889 
406 78 9 11 0.030630661 
655 43 10 13 0.030554637 
625 78 9 12 0.030311821 
602 134 12 16 0.030310834 
415 79 9 11 0.030309098 
545 40 10 12 0.030212143 
721 2 9 10 0.030069713 
577 80 7 10 0.029967843 
294 87 9 13 0.02966959 
119 157 10 12 0.029428069 
263 70 9 11 0.02930028 
671 69 10 12 0.02909309 
972 91 11 13 0.029043911 
648 6 12 15 0.029024353 
337 84 10 13 0.029008012 
952 88 9 11 0.028931076 
162 120 9 13 0.028766349 
767 180 15 17 0.028744338 
666 88 7 10 0.028715704 
927 46 8 10 0.028705897 
704 131 10 15 0.028583165 
579 56 6 9 0.028410237 
802 93 9 11 0.028306892 
538 138 12 15 0.028235165 
107 103 8 10 0.028159142 
45 175 10 12 0.028126111 
231 6 9 11 0.027931217 
734 48 9 12 0.027928835 
603 62 9 11 0.027746813 
789 78 9 11 0.027691858 
198 136 7 9 0.02768488 
482 115 8 10 0.027683988 
925 150 11 13 0.027504286 
85 96 10 12 0.027452927 
392 13 9 12 0.027452173 
801 79 8 10 0.0274084 
153 96 10 13 0.027311113 
881 130 10 13 0.02726991 
25 2 9 10 0.027268672 
604 15 9 12 0.027228544 
801 85 10 13 0.02709153 
754 128 7 10 0.027082456 
992 79 10 12 0.027058918 
149 156 9 12 0.026808515 
77 142 12 16 0.026677022 
17 94 9 11 0.026513597 
750 38 9 11 0.02644313 
561 1 8 9 0.02642455 
431 148 8 11 0.026395222 
685 151 10 13 0.026232885 
33 99 9 11 0.026163 
241 134 9 12 0.026097504 
584 109 8 11 0.026085995 
525 63 10 11 0.026075436 
454 135 10 12 0.026049143 
625 55 8 11 0.026027292 
1014 69 8 12 0.025973035 
503 87 10 11 0.02591895 
464 133 9 11 0.02581069 
688 67 10 12 0.025808569 
60 4 10 11 0.025774194 
253 128 8 11 0.025588347 
903 152 9 11 0.02553055 
569 22 8 11 0.025366465 
781 69 9 11 0.02533464 
143 137 10 13 0.025223542 
144 116 8 11 0.025209116 
191 170 14 17 0.025081813 
379 79 8 10 0.02507801 
301 126 14 18 0.025040615 
401 78 8 11 0.025026675 
719 103 11 14 0.025016494 
493 134 9 11 0.025002142 
888 104 9 11 0.024978478 
767 6 10 13 0.024936615 
229 112 8 11 0.024794692 
756 21 9 11 0.024552695 
888 656 27 24 0.024524663 
816 14 8 10 0.024457699 
894 92 9 11 0.024226101 
599 110 11 14 0.02411918 
511 107 11 15 0.024020802 
745 7 9 10 0.023949236 
319 71 8 11 0.023930818 
789 176 20 24 0.023863409 
808 31 8 10 0.023855751 
750 32 8 10 0.023817042 
43 129 12 14 0.023773158 
861 128 9 12 0.02372027 
516 74 11 13 0.02371933 
745 86 8 11 0.023509026 
777 84 9 12 0.023484323 
509 168 21 26 0.023464093 
850 158 9 11 0.02346339 
672 88 9 12 0.023448013 
288 13 9 11 0.023176724 
689 2 9 12 0.023067554 
701 86 10 13 0.023053318 
703 15 8 10 0.022985067 
541 104 8 10 0.022941012 
942 101 9 11 0.02290432 
823 150 10 11 0.022854958 
876 115 10 12 0.022847783 
405 2 9 9 0.022842562 
491 163 15 16 0.022775834 
416 95 10 13 0.022762699 
693 27 12 15 0.022707723 
306 138 12 14 0.022699412 
457 147 10 12 0.022698661 
548 149 10 14 0.02268635 
334 158 13 17 0.022684343 
83 213 8 11 0.022679145 
782 90 11 15 0.022641912 
839 11 10 12 0.022598425 
309 124 11 14 0.022570575 
854 13 8 11 0.022548934 
102 176 9 11 0.02252189 
879 6 8 10 0.022488391 
315 15 11 14 0.022465896 
318 152 25 30 0.022423048 
635 39 8 11 0.022307765 
308 82 11 15 0.022266325 
150 152 9 10 0.022253832 
99 92 8 10 0.022234099 
816 110 9 11 0.022196274 
750 78 11 14 0.022183506 
182 65 9 11 0.022129815 
351 135 9 11 0.022102652 
69 32 8 10 0.022029737 
262 79 11 12 0.022009231 
15 84 9 12 0.021963574 
592 62 9 11 0.021908062 
665 109 9 12 0.021813199 
847 42 8 10 0.021809582 
145 152 8 10 0.021771036 
604 7 10 11 0.02173409 
821 165 10 12 0.021731578 
252 11 10 13 0.021707026 
38 100 10 12 0.021691438 
773 29 8 12 0.021671977 
694 41 9 12 0.02167001 
524 153 12 15 0.021642061 
165 9 11 14 0.02164168 
191 146 10 13 0.021640392 
224 39 11 14 0.021613337 
439 109 9 12 0.021576956 
717 115 11 12 0.021565309 
792 127 8 11 0.021501122 
760 111 8 10 0.021497423 
806 76 9 12 0.021489298 
72 13 10 12 0.021462485 
631 84 8 10 0.021443304 
575 84 9 11 0.02138904 
376 87 10 14 0.021383615 
630 78 9 12 0.021375684 
858 132 9 11 0.021355368 
490 9 8 10 0.021343056 
950 15 8 10 0.021332886 
1015 62 8 13 0.021278655 
216 0 9 10 0.021198886 
655 69 10 13 0.02114052 
680 61 10 12 0.021113062 
890 16 8 9 0.02108927 
415 83 10 13 0.021080244 
888 21 8 10 0.02104156 
46 95 10 12 0.02099935 
704 104 8 11 0.020950366 
808 72 7 9 0.020929145 
616 94 8 10 0.020906918 
214 76 8 12 0.020897334 
798 40 8 10 0.020891929 
802 55 7 9 0.020877566 
815 182 11 14 0.0208018 
903 109 8 10 0.020725591 
422 4 9 10 0.020715337 
913 174 10 12 0.020641768 
10 78 9 12 0.020564927 
853 49 9 11 0.020532537 
871 100 10 13 0.02048622 
169 102 9 11 0.020464344 
509 146 11 14 0.020448769 
528 164 13 16 0.020401124 
409 103 8 11 0.02036083 
400 4 10 11 0.02032671 
65 134 9 12 0.020315178 
190 69 9 11 0.020309173 
616 17 9 12 0.020300055 
679 15 9 11 0.020249043 
644 101 10 12 0.02018854 
617 131 12 15 0.02016827 
242 125 8 10 0.020119268 
117 164 11 13 0.020094272 
97 78 9 12 0.02005991 
259 5 11 12 0.020009855 
