47_Matador_Bullfighter_matadorbullfighting_47_300
67
820 338 28 33 0.99941385 
926 357 30 41 0.9943961 
841 97 25 31 0.99346006 
225 543 33 32 0.992961 
10 155 23 34 0.972368 
86 478 33 34 0.6916479 
8 0 20 26 0.521683 
306 183 25 37 0.4853286 
989 295 33 44 0.36935937 
487 283 36 42 0.34414357 
50 311 14 23 0.20148948 
122 300 25 31 0.1521994 
662 58 38 49 0.13914745 
75 246 17 23 0.1294311 
549 399 12 14 0.11455455 
36 264 23 26 0.10475989 
59 340 20 29 0.08526512 
400 420 40 44 0.0713812 
363 56 45 70 0.06727456 
0 130 27 34 0.06392711 
838 71 45 55 0.05845453 
920 519 67 51 0.055090908 
135 547 28 27 0.051337384 
285 182 39 48 0.049757797 
899 436 12 17 0.047892824 
35 165 18 21 0.044722356 
119 252 21 28 0.04433983 
577 449 29 31 0.04152585 
0 99 11 22 0.038546804 
186 0 72 61 0.037938397 
44 258 23 31 0.034788996 
866 74 35 44 0.034396663 
12 107 12 16 0.03430003 
844 92 18 23 0.033637755 
230 342 29 37 0.033522163 
239 -4 45 43 0.032159995 
848 86 28 34 0.031516165 
43 372 15 18 0.030636735 
821 52 86 111 0.029722597 
179 350 29 37 0.029713385 
6 103 13 20 0.02936511 
55 340 10 16 0.02919702 
703 286 33 38 0.028658206 
584 513 67 68 0.0276511 
0 183 37 71 0.027498554 
348 330 71 80 0.02651383 
898 8 73 74 0.026270935 
971 67 17 22 0.02512554 
57 263 17 25 0.025048882 
38 379 27 30 0.02493554 
757 358 51 67 0.02468375 
300 502 27 41 0.024471242 
180 532 13 16 0.023500107 
488 134 55 50 0.023399942 
368 32 90 116 0.023341594 
709 285 43 56 0.023138717 
124 155 48 72 0.02304419 
99 466 29 43 0.022440018 
142 152 62 75 0.021863107 
912 172 17 22 0.02159586 
941 364 28 31 0.02158807 
182 268 28 37 0.021521846 
36 315 24 25 0.021471169 
677 314 41 60 0.020389767 
80 243 22 29 0.020351963 
39 395 28 27 0.020301929 
56 305 17 27 0.0200536 
