47_Matador_Bullfighter_matadorbullfighting_47_443
46
859 165 13 16 0.42988646 
195 252 18 23 0.3929414 
350 197 15 19 0.38302073 
584 202 12 15 0.33626723 
902 209 13 17 0.27829808 
952 257 16 19 0.24546833 
778 228 14 18 0.22775723 
834 267 13 16 0.19110109 
975 196 13 16 0.15932573 
905 204 13 18 0.12510289 
671 266 12 16 0.12177852 
535 258 29 33 0.07811753 
315 203 13 17 0.07762705 
820 210 12 14 0.06686468 
421 218 14 17 0.06675568 
920 201 12 17 0.054349545 
602 228 14 17 0.04764176 
837 251 28 37 0.042539522 
571 223 17 20 0.035106223 
781 206 9 12 0.033616457 
413 197 11 14 0.032070637 
761 223 10 12 0.031194221 
1011 192 13 22 0.029876044 
863 198 10 13 0.029641632 
760 261 11 16 0.029509423 
539 251 17 21 0.028356507 
827 257 25 27 0.025938326 
831 209 11 14 0.02559753 
688 238 10 14 0.024754034 
594 229 23 28 0.024414225 
896 204 12 17 0.024184296 
787 229 13 18 0.024141947 
896 212 11 15 0.023591533 
939 199 12 16 0.023092326 
499 230 24 28 0.02266211 
359 222 11 14 0.022283891 
371 214 12 15 0.022201488 
551 308 23 29 0.021806052 
322 202 12 17 0.02142899 
513 338 22 31 0.020968018 
775 225 12 15 0.0208341 
530 364 183 240 0.020696223 
860 208 16 20 0.020574916 
815 205 12 17 0.020482564 
563 308 13 16 0.020221235 
777 206 9 12 0.020110697 
