47_Matador_Bullfighter_matadorbullfighting_47_511
441
765 273 9 12 0.6807582 
68 565 11 16 0.62685317 
412 255 8 10 0.5960458 
143 39 9 13 0.5477382 
295 45 10 13 0.44578138 
459 127 572 424 0.38906476 
990 98 7 9 0.30735138 
66 79 9 12 0.26740763 
844 55 10 14 0.25289044 
6 73 8 10 0.23946466 
697 26 10 13 0.23050871 
0 112 10 13 0.22622158 
883 46 7 9 0.2187893 
19 594 12 15 0.21670195 
102 22 9 11 0.2165013 
240 575 10 13 0.19427857 
975 20 10 13 0.19380157 
294 3 7 9 0.19175662 
289 45 9 12 0.18262869 
68 106 9 13 0.1687574 
13 54 9 11 0.16399354 
130 604 18 23 0.15935259 
939 578 12 15 0.14226528 
123 77 7 9 0.1372097 
764 587 12 15 0.13019545 
971 131 10 13 0.12404346 
815 562 14 17 0.121273234 
24 42 467 448 0.12072785 
799 30 9 11 0.118358664 
894 127 10 13 0.1169525 
785 36 9 12 0.116738014 
906 82 7 9 0.11432298 
322 19 9 13 0.107760675 
337 86 8 11 0.10763256 
960 117 9 11 0.10458201 
833 87 8 11 0.1045539 
823 649 33 34 0.103625566 
31 123 12 15 0.102038585 
219 216 611 383 0.09676312 
312 32 7 10 0.096236505 
786 505 17 22 0.09612785 
662 56 8 11 0.09151421 
79 565 11 14 0.08709214 
121 71 9 11 0.08629094 
77 68 9 12 0.08555452 
46 27 11 14 0.084614694 
861 529 14 18 0.08439531 
31 68 8 11 0.08343771 
404 27 10 13 0.083246626 
104 380 10 14 0.08183543 
390 33 8 11 0.081469715 
266 65 7 10 0.08003903 
499 62 7 8 0.07809711 
917 109 8 10 0.07748343 
887 32 8 11 0.0764483 
62 48 9 11 0.07615974 
110 550 8 11 0.07595972 
152 69 8 11 0.07437671 
163 76 6 8 0.07434629 
295 589 13 15 0.07432784 
637 295 10 12 0.07369815 
57 50 8 10 0.07369692 
177 85 7 10 0.072954506 
724 31 9 12 0.07284901 
280 54 9 12 0.07269051 
292 40 10 13 0.07253164 
105 80 7 9 0.072357655 
4 585 13 16 0.07233067 
106 549 7 11 0.07061381 
214 76 9 11 0.06982221 
934 574 12 17 0.068715885 
773 126 8 11 0.068405256 
797 24 9 12 0.0681302 
148 573 12 15 0.06704521 
850 111 9 12 0.06679872 
869 39 9 12 0.06654355 
33 54 7 9 0.06633046 
145 578 11 17 0.065832235 
97 21 8 11 0.065174416 
186 606 10 14 0.06503337 
669 8 9 11 0.06475993 
721 574 9 11 0.06470614 
958 169 8 11 0.064101726 
963 62 7 9 0.063830465 
932 85 12 16 0.06345875 
62 15 8 10 0.06295175 
933 110 8 10 0.060716227 
767 546 14 17 0.06035881 
909 80 9 12 0.060079835 
519 44 9 12 0.05952865 
60 7 7 9 0.05914189 
645 57 8 10 0.0588896 
761 594 13 15 0.058005698 
246 32 6 9 0.05784554 
726 38 9 11 0.057739653 
728 65 9 11 0.057587765 
74 64 9 11 0.056747884 
479 13 6 9 0.056731716 
343 57 7 9 0.056353886 
872 118 8 11 0.054858953 
718 78 8 10 0.054562002 
764 2 10 9 0.053977937 
77 568 15 21 0.05389172 
321 60 9 11 0.053518947 
224 133 8 10 0.05330191 
80 559 11 14 0.053256553 
777 1 9 9 0.05297254 
298 52 8 10 0.052069828 
913 45 7 10 0.051752504 
106 60 7 10 0.051078357 
441 6 8 9 0.05074767 
829 48 9 11 0.049646452 
957 112 10 12 0.049530007 
797 108 10 12 0.049241237 
805 34 8 9 0.04897184 
176 57 7 8 0.04883518 
836 565 10 15 0.04824335 
781 62 8 10 0.048101764 
325 56 9 11 0.04770913 
599 53 13 16 0.04765196 
940 53 9 12 0.047313325 
117 630 14 17 0.047144707 
930 92 10 13 0.046405334 
412 260 12 15 0.046373505 
472 65 7 10 0.046325788 
918 80 10 12 0.04604668 
166 72 8 11 0.045651417 
56 94 8 11 0.045376413 
205 88 8 11 0.045352727 
957 73 8 10 0.0450126 
494 571 16 16 0.04461847 
926 62 9 12 0.044275448 
101 17 9 11 0.04424811 
182 86 8 10 0.04421948 
175 564 12 16 0.044060286 
824 5 8 9 0.043710314 
294 581 12 15 0.04270464 
224 88 7 9 0.042388827 
701 46 7 8 0.042284887 
271 34 8 10 0.042278975 
750 22 9 10 0.042214457 
75 591 17 21 0.042161267 
56 141 9 13 0.042114884 
726 573 10 13 0.041886352 
754 93 8 11 0.041831657 
446 77 10 12 0.041463222 
166 606 14 17 0.04134558 
37 102 9 13 0.04099577 
555 63 7 9 0.04086455 
503 37 8 12 0.04009404 
982 79 8 10 0.03930091 
657 54 9 11 0.03912609 
687 45 8 11 0.038952574 
144 72 7 9 0.03881803 
347 629 16 20 0.03874772 
951 96 8 10 0.03857667 
69 82 9 12 0.038507257 
5 116 8 11 0.03848773 
265 8 8 9 0.038443748 
279 588 11 14 0.038412623 
700 576 11 12 0.038365297 
18 109 8 10 0.03822828 
22 137 8 10 0.03821979 
1001 120 8 10 0.03808871 
952 100 9 11 0.037856333 
265 34 6 9 0.037840977 
102 85 9 11 0.037731107 
565 284 38 45 0.037663333 
935 78 10 12 0.037378278 
861 100 9 11 0.036941394 
762 61 7 11 0.036842056 
969 168 8 10 0.036668807 
955 76 8 9 0.03650186 
386 32 8 11 0.03637144 
300 48 8 11 0.036296975 
951 151 7 9 0.036294814 
856 181 11 14 0.03623629 
827 645 20 22 0.036226682 
136 127 10 12 0.03620081 
355 274 352 245 0.036187213 
110 58 8 10 0.03616414 
213 436 10 13 0.036049776 
265 14 9 11 0.0359973 
167 573 10 14 0.035458222 
807 64 9 12 0.03504204 
495 56 9 11 0.03502569 
165 21 8 10 0.035022754 
888 95 7 9 0.034992315 
55 563 14 18 0.034848172 
134 107 8 11 0.034787644 
530 79 7 8 0.03478652 
59 13 8 11 0.034699615 
507 592 14 17 0.034378078 
901 548 9 12 0.03429977 
109 570 15 19 0.0341522 
782 57 7 10 0.03406978 
269 64 8 10 0.03382494 
1001 85 9 12 0.033808503 
453 75 9 12 0.03365597 
278 2 7 9 0.033397976 
883 5 9 11 0.0328016 
873 21 8 11 0.03277985 
127 64 7 10 0.032623857 
116 564 12 16 0.032598298 
430 17 7 9 0.03242752 
311 582 10 13 0.032418177 
959 101 9 11 0.032174364 
955 501 12 16 0.03196092 
118 44 8 10 0.03189078 
54 102 9 12 0.031770743 
80 31 7 9 0.03173991 
604 57 12 15 0.03163805 
196 565 15 19 0.031453997 
336 29 8 10 0.031448912 
855 73 7 9 0.031232858 
722 37 8 11 0.031081175 
382 48 7 8 0.030631524 
65 565 19 24 0.030546922 
838 86 8 11 0.030525468 
696 72 7 9 0.030415455 
873 74 7 9 0.030395363 
880 39 9 12 0.030374708 
752 555 11 13 0.030351974 
887 111 8 11 0.030215476 
967 39 7 9 0.030170482 
335 7 8 11 0.0299915 
407 85 8 10 0.029904597 
90 54 8 10 0.029835995 
574 52 8 11 0.02948088 
855 77 7 11 0.029447345 
51 29 10 13 0.029395662 
917 497 13 16 0.029356029 
448 370 49 43 0.02913645 
306 78 8 12 0.02908292 
792 565 11 13 0.02904328 
462 585 12 16 0.028930012 
427 17 6 8 0.028771333 
306 33 8 10 0.02875875 
198 4 7 7 0.02874779 
89 23 8 10 0.02870847 
770 28 7 9 0.028684476 
917 46 8 10 0.028583186 
770 101 8 10 0.0284634 
966 19 11 13 0.02844672 
608 596 12 14 0.02832798 
132 577 14 18 0.028209025 
767 553 15 18 0.028047662 
727 45 7 9 0.02799414 
530 31 7 9 0.027981699 
141 126 10 12 0.02793383 
937 37 7 10 0.027815823 
789 649 32 37 0.027721895 
852 114 11 14 0.027635993 
879 73 7 9 0.02758852 
728 5 7 9 0.02730126 
160 589 9 12 0.027204147 
109 24 8 11 0.027169295 
802 6 8 9 0.02711877 
109 579 12 17 0.02709765 
84 564 11 14 0.027086528 
935 104 8 11 0.027080439 
128 571 13 16 0.027077781 
601 48 8 11 0.02705735 
826 48 7 10 0.02687428 
5 149 11 14 0.026861401 
950 506 14 15 0.026829788 
94 54 7 9 0.026702976 
682 576 8 10 0.02667175 
324 15 10 12 0.026641523 
176 559 11 14 0.026629385 
250 22 7 10 0.026616273 
499 37 8 11 0.026520899 
164 15 9 12 0.026520181 
863 516 13 17 0.026408177 
61 559 15 19 0.026375925 
987 100 8 10 0.026375476 
455 38 9 11 0.026213514 
569 98 11 14 0.026149891 
86 109 9 11 0.026126036 
400 79 9 11 0.026071304 
183 121 9 10 0.026042417 
687 39 9 11 0.026010625 
913 144 7 9 0.025943147 
128 23 9 12 0.02590997 
86 94 9 10 0.025862759 
190 617 12 16 0.025855983 
973 168 8 9 0.025769198 
377 587 11 13 0.02576086 
664 91 9 10 0.02568495 
961 95 8 9 0.025636025 
923 570 14 21 0.025634237 
192 93 7 9 0.025614165 
926 563 10 14 0.025610914 
803 36 8 10 0.025587792 
383 79 8 10 0.025559299 
897 78 6 9 0.025553301 
93 572 11 15 0.025462322 
34 160 8 10 0.025428373 
95 565 10 12 0.025125548 
337 46 8 9 0.025052987 
744 102 264 305 0.024939908 
180 563 13 16 0.024875874 
215 433 8 10 0.024840944 
473 6 7 10 0.024770293 
281 38 8 10 0.02476314 
465 71 6 9 0.024712466 
544 563 12 16 0.024647517 
775 29 8 9 0.024632292 
942 564 16 18 0.024572099 
968 4 9 12 0.024479086 
233 574 12 13 0.024460206 
378 48 6 8 0.024436424 
156 570 12 16 0.024412334 
680 115 9 12 0.02439504 
886 3 8 8 0.024368832 
345 69 8 10 0.024354016 
369 108 10 11 0.024295386 
430 589 10 13 0.024269255 
225 31 8 11 0.02422269 
1005 617 13 20 0.024127923 
89 63 8 11 0.024033083 
303 2 7 9 0.024011485 
172 569 12 16 0.023940478 
78 536 18 20 0.023937302 
893 94 8 11 0.023929078 
12 587 19 24 0.023890901 
960 126 8 10 0.023876976 
902 110 7 9 0.023841467 
711 583 10 12 0.023726491 
62 3 7 8 0.02369506 
633 299 12 15 0.023663273 
557 606 9 12 0.02364642 
499 24 6 7 0.023587158 
966 102 8 11 0.023531346 
981 22 8 11 0.023490248 
330 7 7 10 0.023431825 
48 104 8 11 0.02327097 
552 612 10 13 0.023270892 
14 59 9 12 0.023265384 
624 71 8 10 0.023230651 
313 6 8 9 0.023220792 
366 5 7 9 0.023095734 
231 23 7 9 0.023093525 
111 104 7 9 0.022973025 
86 86 8 12 0.022965308 
960 16 8 10 0.022937166 
294 575 10 13 0.022931991 
747 65 7 10 0.022890363 
201 22 8 10 0.02288641 
639 72 10 12 0.022851104 
96 70 7 9 0.022737658 
935 117 9 12 0.022654437 
14 49 7 10 0.022646429 
824 39 7 8 0.022632448 
983 120 7 10 0.022620432 
109 2 9 10 0.022572972 
990 31 8 10 0.022537176 
239 69 7 9 0.022515664 
113 44 9 11 0.022424886 
337 13 9 12 0.022410834 
103 566 9 12 0.02239827 
611 589 14 17 0.022352625 
29 13 10 13 0.022339268 
729 622 24 26 0.022323 
353 572 10 13 0.022285052 
299 593 13 17 0.02220388 
226 23 6 9 0.022105351 
77 583 21 24 0.022039086 
393 589 17 20 0.021961166 
402 24 9 12 0.02195456 
124 566 13 17 0.021920184 
510 16 7 10 0.021916132 
791 30 9 11 0.021887453 
877 118 8 10 0.02188439 
93 378 14 21 0.021864098 
859 588 13 14 0.021832295 
72 588 13 18 0.021800699 
912 30 7 9 0.021777574 
48 88 8 10 0.021762753 
607 31 8 10 0.02176151 
1008 102 8 11 0.02173363 
896 23 6 8 0.0217212 
736 101 9 11 0.021713471 
497 576 17 18 0.02167047 
966 110 10 12 0.021586305 
237 65 8 10 0.021551924 
898 110 7 10 0.021509994 
223 37 8 9 0.021478672 
866 524 14 16 0.021448247 
122 64 8 11 0.02141102 
343 15 7 9 0.02141062 
976 95 8 11 0.02138999 
229 31 9 10 0.021348873 
216 101 8 10 0.02132449 
894 576 8 10 0.021299137 
82 577 15 18 0.021289665 
191 563 13 17 0.021279112 
96 63 8 10 0.0212689 
138 70 8 11 0.021255415 
243 577 13 15 0.021250943 
533 606 14 16 0.02124304 
122 614 21 25 0.021241121 
195 109 7 10 0.021219961 
104 572 11 15 0.02116957 
353 88 7 10 0.021162512 
678 61 9 10 0.021138206 
302 582 11 14 0.021077491 
954 117 8 10 0.020996967 
72 15 7 10 0.020958472 
679 6 7 10 0.020956172 
186 612 22 26 0.020897407 
911 40 9 11 0.02088821 
244 566 12 15 0.020830683 
409 363 55 60 0.020823985 
937 73 7 10 0.020771807 
405 80 9 11 0.0207644 
104 587 10 13 0.020708077 
242 8 7 8 0.02067677 
83 544 14 18 0.020650974 
470 3 8 9 0.020526076 
23 104 8 11 0.02051573 
1005 147 9 13 0.020488871 
750 16 8 11 0.020475706 
281 48 9 10 0.02047343 
967 172 9 10 0.020469077 
283 590 12 14 0.020465082 
709 589 12 15 0.020417087 
105 26 8 11 0.02039647 
27 68 8 10 0.020386657 
32 95 9 11 0.020353679 
284 53 9 11 0.020301612 
710 574 10 13 0.020251242 
769 661 10 12 0.020149568 
466 222 347 239 0.020130254 
685 575 9 12 0.020120904 
157 579 11 16 0.020120636 
351 6 9 11 0.020116566 
24 14 10 13 0.02006455 
88 29 7 9 0.0200548 
497 8 7 8 0.020013852 
554 15 8 11 0.0200081 
