47_Matador_Bullfighter_matadorbullfighting_47_236
82
390 269 92 116 0.9972639 
387 190 24 29 0.9696436 
750 48 14 19 0.8814764 
110 195 17 21 0.8745048 
830 127 23 25 0.8355183 
69 197 15 19 0.7741358 
717 108 20 24 0.76191056 
680 42 15 20 0.6741524 
351 196 19 22 0.66544396 
156 139 15 19 0.6546099 
35 190 16 22 0.6498884 
793 117 17 23 0.5060269 
388 139 16 19 0.49532586 
85 107 18 23 0.4924527 
603 192 17 20 0.4746011 
589 129 17 19 0.41736993 
945 48 16 20 0.37723374 
123 179 16 19 0.3636424 
266 205 17 23 0.27770603 
159 174 12 14 0.19889647 
437 130 13 17 0.17713232 
278 188 36 47 0.12317116 
100 213 12 15 0.121924475 
60 169 13 16 0.1154073 
278 119 17 21 0.112386346 
454 186 23 27 0.0902196 
113 187 21 25 0.08695338 
222 256 11 13 0.08293683 
368 180 18 21 0.07290542 
989 95 22 30 0.06931125 
546 202 18 23 0.06695401 
417 125 15 19 0.06423261 
95 187 11 14 0.05564948 
792 128 15 18 0.05120429 
397 1049 294 330 0.04430386 
253 318 13 18 0.04321279 
356 172 11 15 0.038857628 
731 183 13 16 0.038266815 
282 296 41 48 0.035628624 
267 71 14 18 0.03481858 
443 1029 178 239 0.034783453 
215 562 14 17 0.034063693 
383 143 16 21 0.03399432 
824 131 15 18 0.031943686 
155 177 20 23 0.031656355 
821 126 38 47 0.028599594 
289 416 67 76 0.028337862 
393 134 15 19 0.027590513 
596 150 11 13 0.027334254 
592 149 10 12 0.02729255 
622 188 13 16 0.026250243 
775 123 11 14 0.025897289 
592 121 23 29 0.025772568 
184 236 10 13 0.025536057 
99 154 11 15 0.024814669 
129 184 14 19 0.024407325 
585 131 12 17 0.024157336 
254 184 13 17 0.023911811 
436 154 15 19 0.023708995 
54 211 13 17 0.023581572 
282 174 33 39 0.023149645 
36 181 16 20 0.022999145 
414 191 14 20 0.02297772 
262 180 34 38 0.022746813 
804 94 11 13 0.022539841 
267 199 16 18 0.022425829 
79 173 10 13 0.021984579 
582 140 13 18 0.021909034 
744 86 25 27 0.021439318 
416 139 12 15 0.021389332 
122 174 13 15 0.02107936 
639 189 9 13 0.020678863 
44 173 13 16 0.02066643 
360 195 15 19 0.020528542 
557 946 622 433 0.02048465 
152 180 12 16 0.020390298 
63 200 15 18 0.020245712 
358 174 22 25 0.020144055 
718 134 12 14 0.0201221 
105 141 11 13 0.020110672 
153 174 11 13 0.020050285 
587 181 13 15 0.020006604 
