47_Matador_Bullfighter_Matador_Bullfighter_47_617
24
170 -10 497 697 0.99988604 
118 805 14 20 0.12642056 
378 36 368 517 0.09145739 
406 754 242 313 0.051162843 
4 679 66 96 0.048074238 
415 1028 86 81 0.04515186 
659 1022 15 18 0.039220985 
287 689 431 484 0.033653002 
550 26 299 457 0.033469677 
813 148 191 281 0.031620715 
357 1062 16 18 0.028455168 
774 750 373 422 0.02765395 
328 1129 13 13 0.026303945 
820 656 39 53 0.025975661 
206 1086 13 15 0.024143096 
572 1006 14 16 0.022994226 
653 1069 9 12 0.02296764 
10 1060 16 18 0.02268486 
556 880 56 79 0.022108186 
494 960 12 15 0.021992879 
52 992 9 12 0.021672089 
513 877 90 110 0.021286605 
909 -12 112 164 0.021059351 
665 1069 9 11 0.02095377 
