47_Matador_Bullfighter_matadorbullfighting_47_42
28
221 96 45 58 0.9953591 
525 0 28 22 0.51185614 
184 146 32 38 0.35574844 
822 363 118 130 0.08592947 
223 1 34 38 0.062369887 
249 147 23 30 0.056699045 
806 0 25 18 0.054473225 
97 -1 18 15 0.05200792 
82 0 25 25 0.05012749 
418 0 46 42 0.04565538 
243 20 14 17 0.03701175 
708 -2 18 14 0.03561991 
-47 304 419 561 0.03484187 
972 516 31 45 0.030558906 
27 94 27 35 0.029562742 
220 8 15 20 0.028544217 
148 0 42 29 0.028505689 
878 357 69 81 0.027635362 
794 33 19 22 0.027619446 
991 514 33 58 0.027606772 
197 2 30 41 0.026584418 
434 -2 16 14 0.024496032 
806 509 54 63 0.024233293 
324 11 81 76 0.023890298 
87 4 28 33 0.02378711 
637 -1 22 18 0.02335976 
968 418 26 36 0.022004379 
409 4 68 65 0.02068947 
