47_Matador_Bullfighter_matadorbullfighting_47_491
25
747 190 18 21 0.46433482 
316 197 14 17 0.42812428 
7 153 11 15 0.38319516 
949 62 12 15 0.3138975 
99 189 15 20 0.30161563 
892 141 12 16 0.25629443 
982 197 14 17 0.18129948 
917 138 12 15 0.097867 
86 135 14 17 0.08863473 
347 194 12 15 0.07248852 
464 217 45 54 0.07097843 
185 156 13 15 0.059260633 
196 200 14 16 0.05681605 
868 139 13 15 0.0526777 
446 220 40 46 0.048518427 
276 234 24 27 0.0470096 
945 67 12 14 0.03357091 
230 187 10 13 0.025601534 
404 191 15 18 0.025436396 
888 134 13 16 0.024982885 
897 140 13 16 0.023394862 
484 164 10 13 0.022855438 
496 164 12 14 0.022549555 
734 110 12 14 0.022251556 
120 189 11 14 0.02147509 
