47_Matador_Bullfighter_Matador_Bullfighter_47_761
29
237 28 32 40 0.98702186 
74 32 29 38 0.98406464 
347 41 27 32 0.96269184 
39 119 29 37 0.9371699 
594 48 26 30 0.91044027 
183 37 28 38 0.8925 
471 29 29 37 0.8237208 
886 115 26 33 0.6482482 
277 544 26 41 0.5615533 
559 13 25 31 0.36007676 
196 121 30 39 0.2740052 
698 46 31 34 0.21112257 
350 112 32 41 0.14129922 
774 -23 204 212 0.0629195 
478 127 35 45 0.06052901 
703 120 33 41 0.041921075 
202 494 317 178 0.03421961 
581 38 30 38 0.032736566 
242 529 146 120 0.032470107 
271 552 42 51 0.028444808 
552 14 42 47 0.027608495 
561 39 60 65 0.026412655 
704 29 29 36 0.024236405 
49 399 547 403 0.024228988 
580 317 124 138 0.02372163 
808 0 31 24 0.022103727 
77 9 31 40 0.021659147 
483 39 479 425 0.021533044 
225 0 57 52 0.020244937 
