47_Matador_Bullfighter_matadorbullfighting_47_710
29
510 336 58 59 0.986678 
387 14 12 15 0.08578835 
502 175 12 16 0.08126745 
622 254 30 40 0.056876205 
928 27 13 16 0.05012948 
423 27 12 14 0.046731416 
382 74 11 13 0.045916636 
988 36 12 14 0.043297376 
942 5 14 17 0.04303378 
184 405 386 524 0.039765786 
696 87 12 15 0.029486038 
644 0 13 14 0.028945802 
603 365 43 60 0.02838019 
286 74 12 13 0.028118461 
1001 150 23 32 0.027745092 
948 23 10 12 0.025502529 
990 42 12 14 0.025073837 
964 165 13 16 0.02489536 
309 973 56 57 0.02433131 
597 47 14 19 0.023970546 
533 325 38 50 0.023506299 
102 73 12 14 0.022699071 
697 30 16 21 0.022262448 
699 101 17 23 0.021798847 
678 -1 15 13 0.021385059 
-36 335 521 404 0.020740416 
655 34 27 33 0.0206852 
553 323 32 47 0.020428982 
895 0 12 12 0.020002572 
