47_Matador_Bullfighter_matadorbullfighting_47_354
20
751 399 87 88 0.16263641 
655 395 42 78 0.075875014 
696 403 118 97 0.060924403 
342 496 40 49 0.03859981 
514 181 436 479 0.037909403 
686 411 65 68 0.03607099 
709 429 73 60 0.035267964 
791 373 57 90 0.034401957 
814 366 50 74 0.027894083 
369 489 39 51 0.026591979 
669 371 64 97 0.025175607 
916 456 35 44 0.023549667 
629 410 53 68 0.023200566 
724 343 106 127 0.022673642 
609 496 9 11 0.022462634 
873 399 11 15 0.022293685 
895 451 43 47 0.022273315 
523 518 8 10 0.022174135 
594 330 265 272 0.02183861 
623 375 52 66 0.021302974 
