47_Matador_Bullfighter_Matador_Bullfighter_47_912
280
777 126 26 32 0.99714833 
776 5 25 31 0.9932401 
731 64 24 28 0.9823449 
843 57 27 37 0.9740684 
848 121 30 39 0.9675262 
739 12 17 24 0.9645171 
631 114 22 29 0.9624856 
811 1 31 27 0.95187974 
684 56 22 26 0.94609416 
727 304 44 64 0.9284087 
629 18 17 23 0.909622 
916 0 33 36 0.9059054 
247 175 23 34 0.9008967 
565 3 19 20 0.8906286 
325 94 22 26 0.8873382 
435 28 16 21 0.8694203 
603 100 20 27 0.86707336 
513 18 17 20 0.8279952 
657 5 16 22 0.8025864 
549 58 15 18 0.78250474 
95 307 31 61 0.7764314 
478 17 18 21 0.77469903 
596 50 16 18 0.73952085 
593 164 23 31 0.7328145 
237 23 15 19 0.6959949 
690 26 18 21 0.66723865 
719 126 24 29 0.5901073 
879 115 34 44 0.534683 
122 20 13 16 0.45174435 
181 45 16 19 0.44718862 
347 52 13 16 0.4432108 
911 65 25 34 0.39271426 
596 129 15 18 0.3148136 
677 9 13 18 0.25626567 
948 276 48 84 0.24322483 
94 36 12 15 0.21086282 
341 1 15 16 0.2021039 
764 53 16 21 0.19697843 
670 531 12 15 0.17190689 
70 326 46 50 0.15543719 
720 5 21 26 0.13847803 
750 116 14 19 0.13806681 
384 14 13 16 0.1233804 
365 104 12 17 0.11752618 
97 0 10 12 0.11302464 
310 16 14 20 0.11276808 
160 0 10 10 0.110334165 
348 107 16 22 0.101492524 
401 45 16 19 0.1011581 
534 45 12 15 0.09615202 
257 19 10 13 0.09543429 
723 115 18 24 0.094155475 
208 14 11 13 0.093296885 
862 115 37 51 0.080618106 
957 448 29 45 0.08054575 
663 6 18 23 0.07617375 
819 66 16 23 0.07584674 
358 1 14 13 0.07547003 
497 105 18 22 0.07413575 
40 533 97 89 0.073867574 
116 44 11 14 0.0710343 
687 120 24 28 0.070474535 
639 192 52 73 0.06931288 
370 100 15 19 0.06902492 
233 20 13 17 0.06852979 
264 177 24 33 0.06765417 
288 33 21 31 0.06677381 
330 1 23 22 0.06627165 
36 20 15 17 0.0653606 
172 8 10 12 0.06407052 
415 5 12 15 0.05956112 
190 35 14 18 0.058461007 
585 422 11 16 0.058309067 
591 22 12 14 0.057920247 
843 340 46 64 0.05744826 
379 34 19 22 0.056781337 
374 397 29 45 0.055570018 
182 42 25 31 0.055434644 
152 52 12 16 0.05518775 
241 120 14 19 0.05404034 
222 35 11 14 0.053963017 
766 120 13 19 0.052156493 
52 335 54 55 0.05201461 
43 21 13 18 0.051714312 
795 88 18 20 0.051221367 
184 6 10 12 0.05121233 
591 44 15 22 0.050816596 
960 77 30 40 0.050706442 
86 18 11 13 0.050187375 
682 8 16 20 0.048189137 
686 19 15 20 0.047699593 
164 59 16 22 0.04758622 
350 49 19 21 0.046640214 
236 41 34 41 0.045941535 
275 4 14 16 0.045538 
966 461 29 42 0.045260284 
644 79 10 13 0.045133237 
356 106 14 18 0.044615407 
133 -2 15 14 0.043545157 
337 99 21 27 0.043054245 
971 66 31 37 0.042832818 
347 1 13 12 0.04273748 
861 26 16 20 0.041868005 
248 4 11 14 0.041367237 
195 31 12 15 0.04118265 
720 334 12 15 0.041009903 
805 188 25 36 0.03955558 
330 468 124 146 0.039400324 
348 99 13 18 0.03929193 
487 17 15 20 0.038857404 
490 83 13 17 0.038726766 
253 2 15 17 0.038575567 
259 14 11 13 0.0383741 
479 42 14 18 0.03835256 
0 113 25 35 0.038335577 
425 56 34 40 0.037668016 
490 194 23 35 0.03745284 
341 92 13 17 0.036716335 
84 45 11 13 0.036311116 
674 37 17 22 0.036232825 
580 41 13 22 0.035800535 
343 47 14 17 0.03574936 
342 8 14 17 0.035503384 
99 41 12 15 0.035032272 
419 186 44 52 0.034872863 
764 10 14 21 0.034819033 
15 557 98 85 0.034792908 
596 21 11 14 0.034677956 
789 91 27 31 0.0345685 
470 17 15 20 0.034340877 
357 29 15 21 0.034138586 
766 110 26 35 0.033965286 
692 116 15 18 0.033943824 
181 12 10 13 0.03371957 
504 17 13 18 0.033693463 
409 4 12 14 0.033669513 
566 182 11 13 0.03361318 
542 31 9 10 0.03287344 
611 18 15 20 0.032728262 
750 329 33 45 0.03254888 
759 243 15 17 0.032456603 
108 22 11 14 0.032338407 
595 118 22 26 0.032201927 
125 520 15 18 0.03210462 
883 113 18 22 0.031874567 
969 44 46 64 0.031805288 
952 413 49 92 0.031801257 
611 103 21 29 0.031536423 
647 10 14 20 0.0312031 
894 1 49 47 0.03118012 
347 93 11 15 0.030884294 
381 17 20 25 0.030623293 
712 3 15 17 0.030571684 
430 4 11 14 0.030567514 
542 51 17 23 0.03054617 
32 20 12 15 0.030272163 
560 29 13 18 0.030229045 
776 35 12 16 0.029695835 
283 201 40 53 0.02969282 
404 22 10 13 0.029631369 
684 91 10 14 0.029496424 
726 314 26 34 0.029426163 
966 448 44 71 0.029401882 
690 9 15 18 0.029145772 
674 29 14 18 0.0290861 
343 56 12 16 0.028968582 
640 82 13 17 0.028878182 
462 12 10 14 0.028872631 
174 16 13 17 0.02872199 
710 119 24 33 0.028684406 
708 0 13 12 0.028593725 
462 18 14 21 0.028560765 
215 35 12 15 0.028385805 
157 2 12 13 0.028362313 
181 -1 11 10 0.02833078 
933 266 90 118 0.0281616 
99 451 45 69 0.027767314 
57 4 14 16 0.027435541 
444 4 12 12 0.027320778 
823 56 23 31 0.02714694 
842 448 38 60 0.026955534 
297 39 16 23 0.026678696 
126 -1 13 12 0.026517535 
536 57 11 15 0.026456911 
557 431 57 68 0.026277486 
149 2 13 14 0.02604106 
231 14 12 15 0.026021853 
118 0 10 10 0.02595439 
477 414 100 118 0.025794448 
608 466 53 63 0.025678635 
838 110 28 40 0.02543815 
972 467 17 25 0.025097072 
106 315 43 58 0.02509036 
463 433 25 31 0.025069268 
457 11 10 14 0.024987983 
615 54 12 17 0.024861235 
484 110 11 15 0.024670366 
494 375 36 58 0.024515003 
493 98 16 22 0.0244709 
274 182 17 23 0.024412459 
734 116 22 27 0.024265327 
156 57 15 18 0.024198793 
619 353 35 34 0.02418381 
457 8 9 11 0.024068994 
631 89 14 19 0.023932934 
453 27 12 17 0.023915391 
524 424 87 111 0.023789402 
373 3 12 13 0.023765853 
673 68 10 15 0.02361328 
580 172 12 15 0.02360948 
238 106 20 29 0.02360109 
238 0 9 9 0.023563206 
469 35 24 29 0.023413468 
710 59 14 21 0.023403002 
976 1 43 74 0.023392258 
686 36 25 32 0.02322977 
387 6 14 15 0.022876939 
520 12 16 22 0.022846857 
117 3 11 13 0.02284027 
650 98 13 17 0.022744317 
621 44 12 15 0.022663211 
654 1 14 16 0.022655118 
253 25 13 16 0.022641247 
623 22 15 20 0.02263907 
826 70 17 23 0.022617253 
211 18 12 15 0.022595594 
452 438 57 75 0.022520714 
558 142 11 15 0.022471143 
489 49 23 35 0.022383884 
511 0 11 11 0.022381514 
781 98 29 37 0.0223038 
644 89 15 20 0.022221724 
754 110 16 22 0.022196297 
245 44 12 14 0.0221425 
213 1 10 10 0.022057256 
920 61 27 34 0.021897852 
669 460 48 70 0.021674354 
205 6 13 15 0.021644598 
901 42 28 40 0.021626616 
255 172 41 53 0.02159662 
773 104 41 54 0.021581547 
52 18 13 18 0.021553896 
819 234 27 36 0.021524927 
320 3 25 27 0.021514777 
294 1 10 14 0.021487936 
494 4 14 16 0.021395002 
488 188 12 16 0.021368923 
539 34 13 16 0.02133951 
316 24 15 19 0.021255834 
112 0 10 10 0.021210937 
580 290 29 45 0.02110885 
398 5 12 14 0.021040324 
177 0 10 9 0.021028992 
259 584 75 58 0.021026263 
635 84 20 26 0.020991936 
963 76 17 24 0.02089916 
484 47 15 23 0.02079367 
111 38 11 16 0.020793311 
733 486 95 125 0.020732699 
486 205 30 47 0.020728845 
896 20 47 55 0.020628959 
720 560 70 82 0.020582203 
113 4 9 12 0.020491675 
636 5 14 16 0.020467594 
679 423 56 79 0.020457735 
596 -1 16 18 0.020392643 
788 -1 38 36 0.020376023 
237 4 13 14 0.020329285 
624 173 50 77 0.02031798 
583 185 13 17 0.02029924 
685 496 14 17 0.02017663 
444 21 21 29 0.020171799 
272 10 11 15 0.020115037 
828 102 24 35 0.020099925 
913 59 19 23 0.020073185 
856 15 27 31 0.020062976 
212 4 12 13 0.020062065 
648 227 37 43 0.020058649 
112 562 112 87 0.020028565 
740 157 25 29 0.02000755 
