45_Balloonist_Balloonist_45_416
28
413 590 70 82 0.9960645 
485 1326 33 49 0.97809577 
66 1390 10 12 0.5226266 
111 1343 12 13 0.24492812 
418 1406 18 22 0.21303095 
115 1346 12 15 0.077370964 
825 955 37 41 0.07068822 
645 702 32 39 0.06908152 
395 1229 41 51 0.057787567 
563 788 370 489 0.05524872 
393 914 60 81 0.0549079 
561 900 42 59 0.047167234 
444 1417 16 15 0.03755161 
73 -59 443 406 0.032117605 
141 352 260 258 0.032064904 
605 860 217 305 0.031787287 
611 942 114 139 0.026443318 
412 782 61 80 0.024016641 
437 1413 16 18 0.023931012 
547 829 23 36 0.023786949 
299 1388 11 15 0.02376317 
529 1013 49 49 0.02355912 
840 1025 63 88 0.022190116 
533 862 20 28 0.021481823 
484 812 27 36 0.021279072 
502 956 52 59 0.020954471 
50 323 469 390 0.02078382 
95 1351 9 13 0.020287627 
