45_Balloonist_Balloonist_45_531
20
816 447 10 13 0.09359207 
924 510 10 13 0.067092635 
297 160 27 34 0.05117129 
758 416 7 10 0.04795239 
909 487 11 16 0.046587538 
284 110 117 116 0.042263728 
244 65 198 202 0.04136979 
555 7 10 12 0.039483055 
845 11 35 41 0.036667857 
357 155 44 38 0.036235873 
534 11 9 12 0.035102025 
726 419 13 16 0.035046056 
998 630 25 41 0.027467864 
653 -3 24 20 0.026821535 
329 130 65 68 0.022802163 
805 471 9 12 0.022530014 
639 54 22 25 0.020803189 
263 106 221 279 0.020669606 
693 279 375 467 0.020074986 
869 442 10 13 0.020008344 
