45_Balloonist_Balloonist_45_1028
71
421 559 13 18 0.33352768 
834 520 16 23 0.31645566 
582 607 12 13 0.2246614 
323 636 14 23 0.20868611 
160 635 22 27 0.19732499 
97 661 10 12 0.197252 
388 620 14 17 0.17831655 
478 210 65 73 0.11905501 
783 645 53 58 0.11894914 
874 515 14 18 0.11252577 
382 609 27 36 0.1044738 
389 636 12 15 0.07825123 
532 620 10 12 0.07685501 
0 567 13 20 0.06998628 
735 651 58 47 0.06963612 
195 555 13 16 0.06511679 
38 484 9 11 0.06446339 
372 544 18 22 0.054674346 
590 612 11 13 0.04923624 
372 636 10 11 0.048190057 
588 618 15 20 0.044268478 
95 664 14 18 0.039821934 
964 660 21 32 0.036820628 
421 595 10 13 0.036228612 
621 627 15 17 0.035074297 
384 626 13 16 0.033559196 
126 664 8 10 0.032402363 
622 633 16 21 0.031700984 
354 647 14 18 0.030813834 
136 327 215 262 0.030291641 
5 604 11 15 0.0302295 
605 636 9 11 0.029719697 
934 652 49 54 0.02898394 
564 626 12 16 0.028535275 
69 568 9 11 0.02820326 
678 537 11 16 0.026573539 
31 550 9 10 0.026200935 
359 609 38 38 0.026084976 
573 652 10 13 0.025632117 
362 545 30 34 0.025490489 
573 313 32 34 0.025156884 
795 533 23 31 0.025120728 
176 610 13 19 0.024951257 
23 573 11 13 0.024913026 
994 544 8 11 0.02475797 
64 638 10 14 0.02430754 
166 663 12 14 0.024090512 
577 612 9 13 0.02398693 
21 630 24 29 0.023913326 
871 625 82 73 0.023874572 
266 658 44 47 0.023779696 
382 626 29 38 0.02345545 
478 202 44 49 0.02341825 
466 578 31 36 0.02329671 
396 613 26 33 0.023209741 
408 493 12 15 0.022551037 
547 660 36 37 0.022522854 
579 607 21 25 0.021993276 
597 629 11 14 0.021409772 
686 531 14 18 0.020996612 
157 647 15 19 0.020885883 
393 624 16 20 0.020795643 
32 557 10 13 0.020704372 
765 530 15 18 0.020669557 
406 610 9 13 0.020663785 
8 634 10 14 0.020614427 
427 558 11 15 0.020483973 
330 641 13 19 0.020371761 
581 621 16 21 0.020242373 
14 589 10 13 0.02018323 
218 681 15 19 0.020156378 
