45_Balloonist_Balloonist_45_277
19
459 585 92 123 0.9991509 
380 781 74 73 0.31458506 
612 879 23 34 0.1625041 
503 -41 491 539 0.090214066 
82 1218 30 50 0.08346131 
324 1135 19 29 0.072449625 
342 756 38 47 0.07147592 
90 1086 21 31 0.04029165 
300 -161 551 591 0.03180682 
329 1800 25 26 0.029494602 
480 1141 31 36 0.028298775 
355 768 61 66 0.0268246 
541 964 24 33 0.026810577 
97 1081 29 37 0.025685493 
754 1795 32 31 0.025209602 
275 1254 56 59 0.024130428 
550 743 21 36 0.02286517 
881 1767 31 43 0.022637796 
428 1098 35 50 0.02004587 
