45_Balloonist_Balloonist_45_107
22
558 331 11 14 0.8430922 
575 371 15 20 0.5108616 
562 347 14 16 0.46184602 
658 358 9 12 0.14415367 
558 339 14 18 0.052457195 
585 351 10 13 0.041859712 
570 349 11 13 0.028229749 
600 359 9 11 0.026579546 
614 348 10 13 0.026393812 
589 355 10 12 0.0260722 
643 395 13 17 0.025146237 
219 406 21 27 0.02467721 
624 367 9 12 0.024282716 
490 373 14 16 0.023402805 
605 365 10 13 0.023224082 
658 360 14 17 0.021726593 
535 361 11 15 0.020996401 
609 348 9 13 0.020639995 
249 421 9 11 0.02062726 
228 416 15 18 0.020426417 
486 378 11 13 0.02039667 
535 354 13 16 0.02018923 
