45_Balloonist_Balloonist_45_857
25
495 355 21 27 0.629164 
611 353 24 26 0.47793454 
543 419 47 71 0.12900943 
448 82 541 587 0.12110285 
340 112 405 433 0.054492537 
485 359 15 20 0.039298605 
507 591 18 20 0.03540328 
312 84 12 15 0.033330627 
547 400 75 104 0.03266659 
612 -70 377 440 0.02983147 
276 10 15 21 0.029209739 
608 359 16 20 0.027667893 
414 21 9 11 0.024597846 
373 165 18 23 0.023654219 
405 51 14 17 0.022832576 
301 257 91 116 0.022769798 
539 451 14 18 0.021731509 
969 679 43 51 0.021632148 
319 29 8 11 0.021439571 
350 20 8 11 0.020945413 
413 29 9 12 0.020650966 
367 112 86 111 0.0205927 
478 359 13 18 0.020481322 
410 22 9 11 0.020405555 
149 27 10 11 0.020200022 
