2.603821485790406598e+01
1.966784778052235083e+01
1.700834843516349792e+01
1.539871290437183049e+01
1.426510465441283237e+01
1.355402476150796964e+01
1.289483145952965160e+01
1.242030812161309328e+01
1.195081344283885905e+01
1.153348043412895763e+01
1.116962226077636622e+01
1.101200715669934027e+01
1.062287271318968784e+01
1.044768870950485606e+01
1.028343142467255866e+01
1.011346453594865302e+01
9.881601966963792449e+00
9.760068090250772599e+00
9.347504499906339248e+00
9.183755781247008088e+00
9.130212818706258560e+00
9.042376411442431206e+00
9.043852656524373756e+00
9.041914000644446503e+00
9.015353411621187973e+00
