5.276978518716369138e+00
1.409421669962977397e+01
2.122268394486824405e+01
2.799254728945650683e+01
3.312709607832740488e+01
3.614858387425339714e+01
4.128517062101094837e+01
4.300438652767836345e+01
4.572131209701097276e+01
4.694720469244521865e+01
4.889642584067154729e+01
4.887061371682634814e+01
4.928443545461067998e+01
5.195737325766741321e+01
5.232156519084719548e+01
5.328918576710386645e+01
5.331719488829652676e+01
5.395186977441105824e+01
5.496350763311228604e+01
5.533648183256531894e+01
5.664343985841348683e+01
5.661020431765820149e+01
5.600518809304163881e+01
5.688778502863383579e+01
5.658670940009565697e+01
