3.118213996545683653e+00
2.286520188732176884e+00
1.975051190021523073e+00
1.786474868192435839e+00
1.667703592212673946e+00
1.587165806349945418e+00
1.510961954533961205e+00
1.464251891513187243e+00
1.414745264842828698e+00
1.372879344842726335e+00
1.334771046033186970e+00
1.323820252567298184e+00
1.284979094126441179e+00
1.269853511460773410e+00
1.242192352797998112e+00
1.235164928643368354e+00
1.205537865470562631e+00
1.195245047516380499e+00
1.138044200988012067e+00
1.116791016543688952e+00
1.109459347756845515e+00
1.096039652228586903e+00
1.093781303689578044e+00
1.102769419805418538e+00
1.095227365804292363e+00
