1.027710702075906468e+01
6.514147122130260925e+00
5.576179827337864658e+00
5.114367249219314182e+00
4.812370794136887397e+00
4.549043206833534470e+00
4.401837064589587456e+00
4.190820983154062596e+00
4.029988173256564998e+00
3.962291262465419184e+00
3.812990702573001656e+00
3.665912354075760771e+00
3.669908062225172962e+00
3.545602147033588558e+00
3.531290777004468584e+00
3.461175626837966757e+00
3.487050910636504852e+00
3.425143620785996657e+00
2.953069636818044685e+00
2.806635841137226528e+00
2.739833117422202147e+00
2.694395841342275499e+00
2.652132792820610430e+00
2.647521609371030760e+00
2.668468463159403559e+00
