2.332345690823489903e+01
1.719009351582260692e+01
1.529547205807999788e+01
1.419651573155977786e+01
1.338318273406591530e+01
1.266370082956663623e+01
1.219037037476989838e+01
1.162636685056716068e+01
1.119968839387716031e+01
1.093243097796203145e+01
1.060256764533356844e+01
1.026043695192899818e+01
1.016054792026555376e+01
9.887852110847923370e+00
9.788969861239380066e+00
9.600987755919094369e+00
9.604827825697311638e+00
9.461247731162155006e+00
8.556478377177107575e+00
8.282281859043221672e+00
8.159839237143534874e+00
8.066365360380700622e+00
7.976080852543344868e+00
7.962330115692956234e+00
7.974985824978870319e+00
