30_Surgeons_Surgeons_30_525
25
614 99 69 84 0.9975968 
439 77 86 111 0.9949869 
194 153 119 181 0.984513 
325 194 33 41 0.5908573 
65 235 164 126 0.3538401 
91 142 210 236 0.2472037 
765 416 55 70 0.15962403 
689 341 20 23 0.06719345 
131 0 67 75 0.05976103 
209 0 35 24 0.054320976 
99 271 102 76 0.042994443 
206 13 61 58 0.042023756 
291 283 56 69 0.03703434 
243 203 92 143 0.03681708 
20 123 345 392 0.035362616 
4 11 111 157 0.0351822 
1 229 39 44 0.02971469 
266 291 36 54 0.028937815 
788 427 54 65 0.025054215 
117 39 10 12 0.025045773 
676 340 35 35 0.02204711 
444 412 50 48 0.021250663 
435 413 34 41 0.020880917 
772 337 28 33 0.02068033 
513 531 130 98 0.020376682 
