30_Surgeons_Surgeons_30_554
35
852 222 50 69 0.9514985 
768 217 42 50 0.87232345 
948 355 50 52 0.7210661 
43 274 60 68 0.3616229 
43 20 231 232 0.28857082 
509 233 35 41 0.18183315 
54 287 37 39 0.11280843 
485 215 65 64 0.10039995 
279 363 12 15 0.094142824 
669 354 62 63 0.09211135 
12 -73 344 396 0.085114144 
143 18 235 261 0.067551255 
205 225 59 89 0.06283468 
42 294 37 43 0.046825968 
810 198 72 104 0.042765506 
408 456 44 49 0.037719704 
299 463 54 56 0.037389647 
498 693 16 16 0.03543202 
175 226 55 67 0.035045736 
664 356 34 46 0.03147591 
267 476 13 17 0.029640693 
927 339 77 87 0.029570214 
775 200 60 78 0.027358662 
402 428 43 59 0.026957223 
32 311 36 37 0.025272138 
630 342 101 119 0.024613718 
54 249 102 113 0.023687031 
763 166 174 201 0.022980174 
645 341 59 73 0.022604072 
379 260 10 12 0.022267189 
476 225 42 42 0.022069514 
248 427 118 113 0.021733869 
142 -69 417 460 0.021672575 
59 296 18 21 0.021059621 
200 231 37 52 0.020005932 
