30_Surgeons_Surgeons_30_95
24
761 218 57 99 0.96559674 
593 197 63 65 0.9577379 
563 156 42 59 0.90748006 
353 190 63 75 0.3301965 
729 186 48 65 0.11249971 
478 431 23 28 0.07286789 
577 160 47 66 0.051850025 
704 118 8 11 0.038799178 
213 189 9 12 0.035638038 
363 109 16 19 0.034573387 
208 188 10 13 0.03258376 
416 0 16 18 0.031017074 
712 194 46 59 0.025025224 
825 258 63 71 0.024212286 
199 166 10 13 0.023680748 
371 110 15 18 0.023251962 
596 151 10 13 0.022079818 
593 186 38 52 0.022019042 
309 142 57 65 0.021612065 
678 211 49 60 0.020805353 
580 152 29 45 0.020547606 
578 111 15 18 0.020521114 
35 447 12 15 0.020159388 
618 508 44 48 0.020142049 
