1.506433952743222271e+01
1.057443254297564472e+01
8.257940288100924064e+00
6.802583573860411015e+00
6.119634678922825088e+00
5.541785384742369480e+00
5.134108259672333752e+00
4.800064506645528084e+00
4.639620313548153518e+00
4.306338069879489971e+00
4.249940615540706013e+00
4.045050453602897278e+00
3.869713256679336411e+00
3.767259558119018692e+00
3.601353348319574987e+00
3.519041260438306118e+00
3.379654493344866673e+00
3.361908217487127981e+00
3.138380810201908400e+00
3.080480597172834845e+00
3.105918755858951386e+00
3.038391503302947161e+00
3.035210841977448393e+00
2.976426435877447485e+00
3.003912379328878668e+00
2.936052992939949036e+00
2.975271584107453737e+00
2.968793749346496202e+00
2.850999946966304321e+00
2.907124173705992298e+00
2.910945405848092804e+00
2.864658985356366205e+00
2.864523242811979120e+00
2.813828199847329348e+00
2.794504302999247791e+00
2.824368252100781795e+00
2.777186826773867079e+00
2.807798913778355221e+00
2.843381221666469116e+00
2.833972193439554754e+00
2.798493053139366804e+00
2.842521998452844034e+00
2.806808813758518539e+00
2.771001510553478653e+00
2.817352888423093393e+00
2.789696090039074150e+00
2.802715683668296709e+00
2.770604470386083040e+00
2.816867580972843399e+00
2.848660228369028768e+00
2.774585100665966308e+00
2.811227433152080124e+00
2.802760798669194475e+00
2.771963924632309340e+00
2.800783834032575470e+00
2.790455454925757639e+00
2.816087622750805153e+00
2.788390357163011757e+00
2.823195052096007185e+00
2.775741018632554180e+00
2.809995014058507046e+00
2.769637215234663330e+00
2.749627463056804277e+00
2.802459041478100765e+00
2.808542260703462912e+00
2.840215278754693262e+00
