3.506215001855577551e+00
3.059962428689743330e+00
2.824017248723817985e+00
2.607325942619987291e+00
2.482397427655155031e+00
2.360250639341632706e+00
2.262624165563849932e+00
2.187659090998010036e+00
2.139753819807716173e+00
2.061210884255652243e+00
2.034683513715400238e+00
2.000192307907602274e+00
1.951330930596182789e+00
1.929797798487710603e+00
1.884715575470317317e+00
1.871225038531774354e+00
1.836157568308137256e+00
1.818281807745835810e+00
1.765143941833365870e+00
1.755454829529575767e+00
1.740491500737504138e+00
1.740225988700523141e+00
1.734349128853830413e+00
1.720621068932995268e+00
1.721927857408242168e+00
1.712223231607342466e+00
1.709029200052992969e+00
1.708502510504692928e+00
1.708749489893454099e+00
1.696326614351746365e+00
1.694361302052965756e+00
1.689478569473168879e+00
1.671280530483826299e+00
1.672567903949236934e+00
1.669761278336832966e+00
1.680444575614810754e+00
1.672422520770049159e+00
1.668457334502513323e+00
1.666953402970518416e+00
1.665883783598123946e+00
1.669312421070492825e+00
1.674697090935262755e+00
1.666600873612839262e+00
1.662223884685439357e+00
1.663371556062505752e+00
1.662771168471493421e+00
1.669816992529060462e+00
1.666215702012088684e+00
1.664759759577164822e+00
1.669675798843736292e+00
1.661653168268085290e+00
1.660949828554384444e+00
1.667713842591884044e+00
1.658078272983154244e+00
1.670283222790830635e+00
1.669948294666242949e+00
1.665236979537869200e+00
1.662562964588218506e+00
1.663754809670936918e+00
1.662572761222442574e+00
1.664455856225505404e+00
1.652943803795746458e+00
1.664633617221568773e+00
1.664905241742637543e+00
1.664788688145439011e+00
1.661480169627607140e+00
