55_Sports_Coach_Trainer_sportcoaching_55_643
55
7 296 27 31 0.99897003 
507 216 17 23 0.9915296 
785 213 17 22 0.9755224 
666 257 14 20 0.94689816 
295 259 20 26 0.9437099 
471 234 16 21 0.93819124 
422 265 14 21 0.8985979 
861 248 14 20 0.84554297 
595 255 15 22 0.776925 
429 243 14 16 0.7286119 
652 252 14 22 0.69597703 
691 261 13 17 0.618649 
916 219 15 23 0.5210366 
278 245 15 18 0.4113229 
551 272 14 17 0.31689245 
365 217 13 17 0.258865 
526 257 13 19 0.21981844 
622 256 14 20 0.14021966 
661 253 13 20 0.12381489 
566 260 12 16 0.106898665 
371 216 12 19 0.10086309 
782 285 12 18 0.09546634 
571 257 14 21 0.07309518 
689 268 17 22 0.07189014 
946 226 17 24 0.065888606 
520 260 12 17 0.06239228 
601 252 16 22 0.05730005 
615 257 15 22 0.04945319 
638 252 15 19 0.049124468 
532 261 17 20 0.04516856 
582 263 15 20 0.044570755 
638 307 23 26 0.038660496 
435 246 14 18 0.038247656 
701 374 9 11 0.037949495 
451 391 9 10 0.03713883 
541 268 16 18 0.03654976 
763 243 16 17 0.034752168 
358 214 14 17 0.03423268 
352 218 12 17 0.031686775 
863 296 42 70 0.030155389 
356 221 19 21 0.028206544 
-54 261 427 603 0.027696256 
559 259 15 19 0.025285272 
651 262 15 19 0.023990223 
917 225 21 24 0.022891171 
618 275 16 20 0.022612533 
695 264 16 19 0.022067297 
433 239 15 17 0.021428842 
759 249 14 19 0.02135985 
857 245 12 19 0.021297975 
0 400 43 79 0.021127105 
272 248 14 20 0.020846812 
675 262 15 20 0.020705793 
276 251 17 23 0.020467475 
876 358 17 21 0.020217244 
