55_Sports_Coach_Trainer_sportcoaching_55_721
90
283 279 487 638 0.9999521 
707 71 12 15 0.13693398 
969 232 10 12 0.11455303 
147 253 14 18 0.10980297 
73 359 61 78 0.091254 
252 79 12 14 0.08802712 
930 54 19 23 0.08749852 
370 105 17 22 0.08590362 
93 194 15 17 0.08174221 
13 247 10 12 0.08090646 
237 66 13 16 0.07268284 
126 272 17 19 0.061285764 
115 182 14 18 0.058683373 
948 500 13 17 0.054784212 
430 -1 13 13 0.051939916 
52 0 60 64 0.047722887 
157 476 13 17 0.04698778 
743 60 13 15 0.046246365 
154 804 20 25 0.042251762 
815 25 13 16 0.041387424 
183 62 11 13 0.03868653 
115 470 12 17 0.037350968 
638 51 10 13 0.03641563 
348 110 13 18 0.035674874 
236 24 10 12 0.033549007 
448 17 14 18 0.032648608 
1014 210 9 15 0.031790823 
875 531 16 20 0.031571582 
103 257 15 19 0.030634401 
2 953 13 17 0.030595565 
315 12 12 15 0.030584695 
379 114 14 17 0.03026374 
149 272 15 19 0.029741911 
698 119 13 16 0.029726407 
408 86 12 15 0.02962077 
958 214 13 15 0.029585307 
384 60 16 20 0.029213732 
816 4 13 14 0.02910918 
939 66 17 22 0.029034408 
475 78 12 16 0.028942505 
726 88 11 13 0.028909959 
213 155 15 19 0.028316135 
371 114 22 28 0.027881285 
255 243 12 17 0.027756454 
602 1167 452 544 0.02751054 
1010 146 14 22 0.027159566 
195 179 16 18 0.026770858 
340 149 12 15 0.026478827 
103 248 16 20 0.02607078 
396 85 14 16 0.026002554 
374 132 12 16 0.025992543 
771 27 16 19 0.025882276 
84 360 26 30 0.025717584 
647 32 14 16 0.025377546 
986 200 14 18 0.025175931 
294 69 15 16 0.025089672 
152 199 16 20 0.024955189 
723 57 14 17 0.024171354 
197 46 13 16 0.023971906 
268 165 12 16 0.023786342 
965 923 26 30 0.023332676 
896 124 12 15 0.023313774 
925 3 14 16 0.023111355 
720 91 11 13 0.023046732 
366 100 15 20 0.023022663 
459 60 10 13 0.022468101 
626 4 17 17 0.022059746 
559 75 14 17 0.02203543 
991 238 11 13 0.02174851 
254 70 14 17 0.02173022 
146 261 22 26 0.021696579 
991 82 12 14 0.021693198 
934 47 14 17 0.021466915 
306 134 10 14 0.021374414 
341 93 11 14 0.021371784 
299 77 12 14 0.021257855 
726 68 12 15 0.021206668 
397 28 11 14 0.021132046 
359 90 13 17 0.020943815 
210 244 24 29 0.020760821 
940 143 13 18 0.020680787 
47 203 25 24 0.0205677 
85 298 13 15 0.020523088 
9 250 13 18 0.02048333 
852 118 15 20 0.020470178 
827 21 12 16 0.020446895 
823 93 12 14 0.020426264 
991 282 12 15 0.020226387 
951 237 12 15 0.020116106 
955 257 13 15 0.02008442 
