55_Sports_Coach_Trainer_sportcoaching_55_218
58
731 77 43 44 0.9474677 
188 308 18 22 0.5862603 
767 58 37 47 0.1934629 
743 164 22 26 0.19121152 
749 218 24 28 0.17224611 
753 169 16 18 0.08524826 
745 172 25 31 0.082039095 
457 3 12 16 0.08065754 
891 202 68 84 0.078773364 
646 210 36 46 0.06828821 
644 195 11 15 0.059878044 
144 228 11 13 0.058205966 
750 67 39 48 0.05244515 
596 212 41 69 0.050569385 
87 8 10 11 0.050531577 
385 76 9 12 0.04610253 
659 216 15 20 0.04527779 
137 211 10 13 0.04104003 
149 303 27 42 0.040536072 
733 250 62 80 0.038260885 
755 182 17 22 0.03713354 
778 62 45 54 0.03650093 
128 231 11 14 0.034099698 
643 201 25 35 0.03242217 
146 147 9 12 0.03134153 
118 92 8 10 0.03092156 
127 190 9 10 0.028642062 
160 223 8 9 0.028376468 
785 166 34 42 0.027659822 
658 229 18 24 0.027470104 
167 230 8 12 0.026870403 
423 53 9 11 0.026084855 
150 224 10 12 0.02578886 
14 66 7 9 0.025166078 
159 228 10 14 0.024842178 
109 142 21 24 0.02459856 
219 220 9 11 0.024267154 
743 227 29 36 0.02420319 
905 86 10 13 0.023638872 
124 204 9 11 0.023465194 
134 220 10 13 0.023023408 
778 62 21 25 0.023001682 
118 214 9 12 0.022927463 
192 263 9 11 0.022618065 
561 336 42 44 0.022580901 
715 50 88 101 0.022549849 
590 337 67 70 0.022002779 
688 260 27 28 0.021707771 
633 235 47 54 0.021704799 
786 145 35 45 0.021669915 
205 220 9 12 0.021489834 
949 61 8 11 0.020980846 
144 199 8 10 0.020787543 
746 183 30 38 0.020687 
76 55 10 12 0.020590156 
47 197 13 16 0.020582575 
741 173 15 20 0.02055969 
184 224 8 10 0.020277252 
