55_Sports_Coach_Trainer_sportcoaching_55_1013
57
368 103 128 168 0.9994653 
504 722 150 227 0.28754184 
12 13 10 14 0.19183359 
700 283 29 36 0.12023358 
1003 831 12 15 0.08731075 
0 6 9 17 0.085426964 
117 222 10 12 0.08004469 
672 549 126 188 0.07548627 
279 41 7 10 0.074063905 
117 246 11 15 0.06409174 
913 244 16 21 0.060598902 
388 586 107 173 0.055506192 
729 173 22 26 0.05308931 
877 647 11 13 0.046377603 
637 181 12 16 0.04558586 
175 818 14 18 0.04533712 
7 651 12 16 0.041206345 
990 238 16 21 0.04045697 
287 158 9 12 0.040142313 
3 117 8 13 0.038944725 
70 109 9 11 0.03809146 
67 218 14 17 0.03527466 
26 112 8 11 0.034878753 
721 890 53 56 0.034119762 
815 250 11 16 0.033646233 
295 914 13 16 0.033576395 
253 91 11 14 0.033371903 
79 633 15 19 0.029309247 
779 228 12 15 0.029017527 
0 485 9 15 0.02795221 
840 788 11 16 0.027573248 
382 398 202 241 0.026976913 
29 115 9 12 0.026033057 
36 566 16 19 0.025462827 
300 831 12 15 0.025330381 
25 151 9 11 0.025273794 
87 46 501 517 0.024869228 
626 114 9 12 0.024099542 
102 256 9 11 0.023691567 
17 407 8 11 0.023678612 
345 492 191 218 0.023559365 
83 328 15 19 0.022530498 
24 15 10 12 0.022326848 
184 117 13 15 0.022092232 
320 852 10 13 0.021775952 
112 238 12 15 0.021742364 
936 820 25 35 0.02156906 
5 6 12 17 0.021458227 
264 54 9 11 0.021419777 
533 605 186 294 0.021106338 
175 357 8 12 0.021021198 
6 9 17 25 0.020881865 
53 565 12 16 0.020843167 
629 177 21 26 0.020604726 
120 52 8 9 0.020121144 
411 615 199 272 0.02009846 
65 654 10 13 0.020071704 
