55_Sports_Coach_Trainer_sportcoaching_55_196
57
506 163 31 40 0.9866563 
795 45 40 58 0.93409306 
281 171 36 43 0.9043195 
650 194 21 27 0.3422222 
228 150 15 19 0.31302238 
314 226 37 40 0.20068644 
461 179 28 48 0.18083303 
168 169 32 31 0.1678571 
541 194 26 32 0.14477932 
141 265 15 19 0.1426848 
101 163 28 34 0.10158117 
476 185 15 22 0.07749834 
455 188 44 64 0.069373414 
524 125 9 13 0.05760371 
428 175 45 53 0.053493332 
133 401 48 51 0.051031586 
544 110 12 15 0.04934544 
343 171 23 29 0.045148984 
552 149 11 14 0.04479636 
177 233 16 22 0.041301377 
85 269 15 23 0.03695216 
730 30 10 14 0.034864396 
728 100 9 12 0.034612793 
848 56 47 69 0.033761777 
703 194 10 14 0.029696878 
309 7 10 12 0.028779374 
566 144 14 19 0.028754286 
788 37 29 45 0.028107388 
794 39 18 25 0.027918078 
235 245 40 61 0.027858354 
574 156 13 18 0.027190514 
178 153 42 48 0.0269258 
822 48 55 64 0.026885133 
639 196 23 28 0.026520614 
468 188 18 25 0.025869722 
662 85 13 17 0.025683602 
331 240 17 20 0.02544959 
684 195 10 13 0.025421647 
525 101 9 12 0.025181793 
678 95 11 14 0.024142165 
104 160 19 23 0.023982754 
672 37 10 13 0.023318896 
222 143 42 46 0.023106031 
549 190 16 20 0.023026932 
743 58 11 14 0.02299277 
788 20 73 94 0.02276097 
161 128 51 48 0.022635275 
653 191 13 18 0.022622537 
667 198 12 16 0.022509431 
418 174 30 36 0.022049636 
116 170 34 36 0.021928446 
325 149 16 22 0.021785846 
565 177 15 19 0.021150095 
104 154 14 17 0.02099795 
836 6 53 65 0.020553803 
648 189 12 15 0.02043668 
165 177 17 19 0.020089043 
