55_Sports_Coach_Trainer_sportcoaching_55_859
18
589 261 52 66 0.99913186 
805 259 65 93 0.99866354 
72 202 62 84 0.9982167 
267 290 45 57 0.9978217 
152 295 47 60 0.9972595 
414 291 43 57 0.99634355 
896 193 69 95 0.1872988 
114 655 58 73 0.18698995 
195 638 34 43 0.1032684 
433 623 31 42 0.09872451 
29 708 66 67 0.08858727 
877 972 48 46 0.027633814 
325 751 17 20 0.02629589 
22 663 86 101 0.024699528 
237 741 31 38 0.022625769 
979 990 40 32 0.020929478 
250 754 18 24 0.020197032 
67 657 80 97 0.020157173 
