55_Sports_Coach_Trainer_sportcoaching_55_380
18
570 290 22 25 0.9272272 
859 3 37 48 0.71079224 
463 181 49 49 0.68826324 
27 189 30 35 0.42301458 
467 171 32 38 0.1379891 
835 0 44 48 0.13448562 
455 474 11 15 0.04995514 
467 172 18 25 0.040948514 
617 459 48 53 0.0320605 
448 175 42 59 0.03186508 
308 176 41 53 0.029803991 
635 53 97 129 0.025967522 
669 83 105 136 0.025264228 
386 170 41 50 0.025000101 
644 98 14 16 0.02343752 
819 -1 35 51 0.023301195 
424 172 26 34 0.022810172 
486 185 38 38 0.020557329 
