55_Sports_Coach_Trainer_sportcoaching_55_894
47
427 29 184 236 0.9994092 
28 333 11 17 0.5337778 
644 248 52 70 0.16821854 
270 360 12 14 0.09662706 
643 243 31 55 0.085589 
92 142 11 13 0.07743471 
86 146 16 21 0.070729315 
882 372 8 9 0.05106551 
944 440 8 10 0.044723712 
869 368 9 10 0.03926054 
705 239 48 71 0.03920913 
901 417 8 9 0.03879567 
897 415 8 10 0.03873529 
25 340 18 21 0.03499293 
957 404 8 11 0.03474202 
913 412 10 12 0.03418993 
905 366 8 11 0.032281775 
953 404 9 10 0.0322668 
893 444 12 15 0.03111832 
9 324 8 11 0.030910203 
901 420 9 11 0.02914028 
885 368 9 11 0.028493807 
994 412 9 12 0.028344683 
888 384 7 9 0.027160954 
275 337 13 15 0.026986815 
1008 381 8 10 0.026080167 
1011 302 12 17 0.026040673 
944 388 8 11 0.025634922 
861 309 8 9 0.025055531 
880 389 7 10 0.024894966 
882 262 8 10 0.024236811 
906 430 9 12 0.023992913 
949 415 9 13 0.023689901 
893 406 10 12 0.022751426 
944 419 9 13 0.022250451 
880 384 8 10 0.022222294 
998 439 10 12 0.022188034 
944 399 9 12 0.022120383 
214 347 11 14 0.021857904 
919 382 8 11 0.021711098 
1014 422 9 13 0.021601224 
945 353 7 8 0.02157472 
1013 358 9 13 0.021280685 
839 265 8 10 0.020702524 
951 388 8 10 0.020649442 
877 349 9 11 0.02053618 
929 338 7 9 0.020425186 
