55_Sports_Coach_Trainer_sportcoaching_55_773
42
383 82 51 70 0.99876654 
327 93 55 69 0.9985424 
630 84 56 70 0.99440235 
469 116 46 64 0.98773104 
0 139 37 73 0.98513156 
325 202 42 71 0.9778928 
640 148 45 74 0.9744873 
814 126 48 68 0.910114 
986 91 36 76 0.89141357 
711 72 30 57 0.56415355 
634 109 58 76 0.42917523 
717 85 42 49 0.236684 
801 94 56 80 0.21710308 
730 93 46 47 0.113201626 
264 160 45 62 0.053517345 
159 157 41 66 0.049548876 
241 164 56 72 0.04383878 
659 85 56 68 0.037609026 
853 666 14 14 0.036576867 
520 212 46 79 0.03625638 
207 133 42 55 0.032339968 
336 282 60 101 0.030997379 
624 163 45 67 0.030705854 
204 165 85 108 0.02707017 
426 90 48 65 0.02701681 
178 134 176 263 0.026052767 
600 445 33 38 0.025745258 
595 198 47 61 0.025535189 
723 118 56 81 0.025444258 
539 219 49 80 0.024983833 
192 177 62 74 0.023569833 
625 94 36 50 0.022907749 
809 148 33 47 0.022894133 
806 94 38 47 0.022820026 
218 150 61 73 0.022686422 
852 671 16 17 0.02253945 
615 200 28 37 0.02203007 
309 672 15 15 0.021666499 
927 458 13 16 0.021344649 
438 107 53 63 0.020817354 
691 87 53 68 0.02053057 
762 95 80 115 0.020462178 
