55_Sports_Coach_Trainer_sportcoaching_55_569
33
338 43 48 66 0.9987198 
734 194 56 72 0.9986076 
890 33 51 65 0.99774677 
182 82 56 78 0.99768746 
252 256 40 52 0.9844416 
378 244 20 31 0.94914734 
911 201 40 50 0.94364643 
592 21 21 26 0.9258995 
60 245 22 27 0.90797025 
101 237 24 33 0.7592229 
42 298 14 16 0.43997222 
37 254 10 13 0.38832948 
699 18 15 21 0.2370189 
933 -7 57 63 0.23139158 
442 8 99 97 0.08588263 
632 71 11 15 0.05240723 
705 20 18 22 0.045742355 
40 251 13 17 0.045138005 
13 320 26 35 0.03400308 
45 124 35 44 0.031622548 
590 13 14 17 0.031550337 
458 3 65 63 0.028698435 
807 92 66 56 0.027076423 
906 15 52 63 0.027029773 
5 270 9 10 0.026800105 
927 -11 91 106 0.02475149 
17 253 7 9 0.023493214 
922 1 40 40 0.022357078 
131 269 12 14 0.022322562 
106 252 17 22 0.021863976 
715 86 14 18 0.020880975 
403 8 237 263 0.020329218 
595 14 16 19 0.020067783 
