55_Sports_Coach_Trainer_sportcoaching_55_726
21
480 108 140 202 0.9980268 
997 573 8 11 0.053235374 
207 590 9 12 0.05101859 
797 136 8 10 0.032357123 
948 143 10 12 0.03225391 
963 143 9 12 0.030622981 
851 134 10 13 0.028761048 
975 119 9 12 0.02745948 
797 116 8 11 0.027289273 
182 635 9 10 0.026438309 
951 190 8 10 0.026048852 
995 189 9 12 0.024997236 
974 93 9 13 0.024622938 
980 2 10 9 0.024341535 
5 333 12 15 0.022850053 
1014 571 9 13 0.022745922 
974 171 8 11 0.02198413 
997 39 8 11 0.021308074 
168 635 9 12 0.020931939 
824 163 9 11 0.020341938 
733 188 9 11 0.020064445 
