34_Baseball_Baseball_34_600
19
390 88 107 145 0.9993426 
527 22 112 130 0.47638306 
77 1243 37 30 0.089040674 
952 365 38 51 0.06243204 
752 1238 50 40 0.04226172 
886 21 73 79 0.034183383 
82 1230 55 51 0.03372688 
93 256 80 90 0.03022771 
742 85 121 136 0.029872812 
853 339 94 114 0.025070619 
602 168 53 78 0.024864817 
115 110 38 50 0.024812024 
429 633 411 426 0.023489783 
252 1235 13 16 0.023348177 
703 20 228 235 0.022551132 
756 23 130 156 0.02127342 
104 1221 61 58 0.020969938 
1005 1255 16 18 0.020629875 
781 133 57 63 0.020210177 
