34_Baseball_Baseball_34_356
22
574 237 137 174 0.9976555 
542 0 40 46 0.6455284 
600 12 32 46 0.31683517 
604 39 53 68 0.13785303 
554 4 45 59 0.06655947 
459 560 165 168 0.056553733 
917 430 37 44 0.056310378 
631 46 35 49 0.049747385 
736 273 38 51 0.04013322 
567 18 94 106 0.035621352 
517 7 49 57 0.035147205 
461 622 245 318 0.032889623 
330 55 54 74 0.029712541 
233 528 224 375 0.026932435 
880 54 87 107 0.02651771 
479 13 221 202 0.023331659 
493 9 48 57 0.023144126 
492 749 416 494 0.023096094 
409 8 37 43 0.021946583 
402 26 35 37 0.02162785 
563 884 36 53 0.020295229 
752 680 40 36 0.020073429 
