36_Football_americanfootball_ball_36_257
48
627 135 55 69 0.9995419 
431 196 61 74 0.9994449 
72 227 70 91 0.9986817 
866 153 80 114 0.998468 
100 171 55 69 0.99739623 
503 214 34 45 0.9896187 
286 172 58 66 0.9685099 
387 194 31 46 0.9057847 
59 183 29 38 0.87839305 
754 229 27 36 0.69053406 
433 175 31 35 0.44931996 
778 208 37 49 0.3515892 
194 177 36 43 0.18132581 
185 120 29 34 0.087441474 
774 188 60 78 0.07675706 
451 99 15 19 0.07164155 
749 357 37 43 0.06361628 
431 185 16 20 0.054243527 
182 135 15 19 0.048429918 
490 190 28 36 0.0463812 
995 260 26 44 0.043927945 
263 125 87 106 0.04318035 
441 123 11 14 0.041074198 
417 12 18 21 0.03464299 
494 201 31 45 0.031764627 
323 76 43 58 0.03057128 
173 517 23 29 0.030561252 
396 194 42 58 0.030306596 
707 5 16 19 0.030175984 
563 23 15 17 0.029278861 
392 42 13 19 0.029216206 
281 274 35 44 0.028258502 
59 45 13 15 0.02495596 
201 160 46 58 0.02386114 
288 329 15 21 0.023720171 
423 44 22 26 0.023508312 
187 140 43 55 0.023347573 
24 102 9 11 0.023147276 
661 610 33 40 0.022812795 
994 165 25 33 0.022141699 
448 174 20 24 0.022130279 
193 185 19 22 0.021629557 
566 85 50 70 0.021530382 
531 20 103 149 0.021510322 
220 133 24 33 0.021290416 
392 212 20 25 0.021122018 
420 114 14 18 0.020555168 
8 94 11 14 0.020482326 
