36_Football_Football_36_202
25
631 183 52 55 0.99547887 
770 147 45 59 0.97260994 
712 198 38 42 0.6569912 
473 192 52 63 0.6451482 
327 191 56 64 0.39022258 
572 321 44 52 0.38760117 
490 199 44 41 0.1273832 
488 270 9 12 0.06798894 
686 399 398 497 0.05167889 
453 172 54 65 0.04426237 
610 413 45 73 0.032831293 
301 277 45 60 0.030013522 
338 209 60 74 0.029944176 
395 339 40 49 0.025755899 
287 258 48 61 0.02479359 
771 227 77 75 0.024691174 
729 200 21 25 0.024536746 
322 285 31 49 0.024345664 
440 160 45 60 0.024341075 
391 292 50 62 0.023904363 
714 205 19 24 0.023885308 
358 238 47 54 0.0237139 
316 170 90 104 0.021674167 
522 283 10 13 0.020267306 
532 412 50 71 0.020201959 
