36_Football_americanfootball_ball_36_132
46
795 78 35 42 0.9979825 
795 188 43 48 0.3769895 
110 202 51 56 0.2712122 
70 130 55 76 0.15742148 
697 130 11 16 0.11112392 
276 223 45 47 0.10340409 
611 100 22 32 0.096226215 
382 106 51 71 0.08445886 
53 201 48 61 0.05913934 
44 155 68 98 0.05374253 
584 81 50 54 0.052514493 
376 243 53 43 0.048884753 
127 79 45 65 0.0461742 
84 133 36 43 0.04102365 
716 287 33 43 0.03922888 
543 10 38 43 0.037895437 
264 222 37 42 0.037628606 
577 303 109 128 0.037162013 
958 143 16 22 0.036131226 
257 82 18 20 0.035223633 
564 31 16 20 0.033961322 
5 95 14 21 0.033040963 
802 208 17 20 0.03120021 
256 230 53 58 0.030077334 
807 362 16 19 0.029847108 
733 -2 73 70 0.02913189 
101 167 48 76 0.028028157 
550 57 98 110 0.027219627 
460 0 29 29 0.02661162 
697 158 25 34 0.02649084 
903 53 35 48 0.024668416 
102 424 20 26 0.024659036 
525 53 12 14 0.024435125 
831 51 39 49 0.02432937 
595 196 97 98 0.023308208 
35 347 404 482 0.022874596 
467 0 16 15 0.022654979 
458 295 428 554 0.022650223 
73 177 54 78 0.02250725 
686 45 46 59 0.021008102 
873 56 38 49 0.02055756 
879 124 40 52 0.020554468 
546 32 16 20 0.020498212 
232 232 63 74 0.020132141 
926 39 28 38 0.020072713 
797 217 39 45 0.020063054 
