36_Football_americanfootball_ball_36_38
28
372 23 60 70 0.9942638 
718 75 60 73 0.99059373 
524 60 50 56 0.98694617 
926 110 23 31 0.84534794 
960 99 23 30 0.5918798 
741 88 54 66 0.57779753 
436 7 21 27 0.4440029 
154 112 26 30 0.44184107 
770 103 43 57 0.4194057 
531 297 42 71 0.26215002 
913 114 25 35 0.060414597 
509 315 58 79 0.040511597 
516 192 47 62 0.039539177 
149 90 37 48 0.038956262 
419 1 32 40 0.035759117 
866 142 43 53 0.03566685 
949 100 25 32 0.035547804 
439 446 25 32 0.03340591 
900 111 28 37 0.03282654 
445 68 45 52 0.029835293 
548 296 41 64 0.029467853 
644 288 426 539 0.02706595 
577 242 32 48 0.026185865 
936 107 24 31 0.024933582 
372 67 42 43 0.024798585 
216 192 18 23 0.021919 
267 390 166 228 0.021733887 
531 178 47 66 0.021668298 
