36_Football_Football_36_80
27
190 230 29 32 0.99893516 
751 295 29 36 0.9986557 
599 177 20 28 0.97905743 
845 196 24 43 0.9709037 
652 372 365 410 0.100381866 
91 223 22 34 0.056835007 
59 249 16 21 0.053083614 
791 326 33 40 0.04416937 
95 231 32 35 0.041867 
430 255 11 14 0.038034517 
127 131 8 11 0.03172899 
754 275 41 53 0.02849684 
102 215 35 43 0.02413994 
593 58 11 16 0.024019761 
115 167 40 48 0.023920363 
676 213 45 56 0.023222417 
733 351 14 20 0.02303939 
393 261 11 13 0.022538409 
106 242 31 31 0.0213567 
126 158 26 31 0.02112687 
38 182 9 12 0.021081233 
770 262 17 22 0.0209736 
424 260 12 14 0.020664219 
370 323 400 512 0.020463474 
144 235 22 30 0.020209437 
594 246 49 55 0.020198107 
389 278 9 12 0.020146338 
