36_Football_Football_36_108
36
530 67 17 20 0.97563237 
134 124 14 17 0.9754391 
274 120 13 16 0.72686 
11 39 27 30 0.12296554 
961 34 50 72 0.09173572 
223 104 9 12 0.087386176 
202 109 13 16 0.08346306 
377 200 25 28 0.073563665 
1 215 17 23 0.056874566 
525 221 11 14 0.05596448 
306 145 13 16 0.045990232 
166 83 10 11 0.043046687 
254 106 11 15 0.039533503 
1005 3 16 18 0.03869526 
199 114 11 14 0.038459472 
175 116 12 15 0.032926623 
293 127 10 13 0.03187664 
201 133 12 14 0.030565754 
537 207 10 13 0.030560004 
227 142 12 16 0.030104987 
981 17 25 33 0.029922377 
19 52 18 22 0.028604494 
350 128 16 20 0.02616779 
142 28 11 13 0.025528798 
617 487 104 144 0.024718314 
302 91 11 13 0.02428378 
194 117 9 12 0.023777861 
226 182 11 13 0.0235434 
302 119 11 13 0.023519602 
296 117 11 13 0.023464832 
136 100 13 15 0.022480551 
148 83 11 13 0.022367848 
245 117 10 14 0.022095583 
327 94 10 13 0.021851478 
220 114 12 15 0.021191971 
267 5 14 16 0.021061957 
