36_Football_americanfootball_ball_36_373
18
401 116 66 63 0.9767809 
634 59 79 92 0.97000736 
613 25 55 64 0.2348307 
368 220 30 40 0.12510397 
382 230 22 30 0.09731391 
558 34 49 65 0.09517061 
622 25 73 93 0.06902157 
565 30 31 40 0.038661227 
283 123 45 57 0.032778144 
389 81 64 80 0.028891971 
309 157 57 58 0.028721252 
411 252 14 19 0.027179115 
573 17 77 103 0.026174 
352 204 51 62 0.026084054 
314 188 47 49 0.025772704 
544 29 79 104 0.0253116 
638 481 134 155 0.023459982 
378 68 51 61 0.023161912 
