36_Football_americanfootball_ball_36_16
17
559 104 113 142 0.9986022 
286 289 113 126 0.8131914 
219 5 127 139 0.48371497 
411 393 89 111 0.058156457 
670 203 99 117 0.047359556 
723 339 102 156 0.036019895 
792 7 152 163 0.03154059 
612 224 369 397 0.031025635 
826 282 194 214 0.029119976 
242 -7 170 194 0.025532555 
303 345 24 30 0.024266176 
476 432 17 20 0.024168147 
445 405 54 72 0.023399472 
490 403 31 35 0.023318114 
468 416 30 37 0.022037705 
292 265 70 83 0.021042094 
743 295 218 252 0.020507168 
