36_Football_americanfootball_ball_36_27
62
660 47 62 75 0.99555933 
15 12 51 65 0.63579077 
153 201 45 66 0.33083394 
248 113 47 63 0.26618096 
191 210 58 71 0.22887248 
98 -8 117 92 0.18924911 
742 270 195 252 0.18615063 
245 35 224 226 0.15094006 
324 103 195 252 0.14626358 
361 205 117 146 0.08742059 
141 174 57 67 0.07581196 
510 3 63 45 0.07019232 
716 11 56 64 0.055825178 
230 46 94 122 0.055705182 
174 192 54 75 0.046845905 
801 60 36 44 0.04148297 
195 3 30 31 0.04104728 
980 81 31 39 0.037081227 
384 267 64 85 0.037003193 
734 68 26 40 0.036178272 
314 311 41 55 0.033655025 
753 292 113 174 0.032350242 
352 95 50 63 0.031809036 
294 31 126 153 0.03178028 
370 121 27 34 0.031533077 
617 21 48 65 0.030992778 
922 73 33 43 0.030975627 
591 26 191 223 0.030620825 
773 21 28 37 0.030022202 
189 390 122 103 0.029455312 
959 113 24 30 0.029340938 
986 132 38 58 0.029176762 
789 182 229 318 0.028807828 
401 53 223 242 0.027963057 
881 216 35 39 0.027942086 
683 11 66 78 0.02772867 
94 365 37 60 0.02740221 
403 160 42 52 0.02718107 
948 125 32 42 0.027176034 
754 20 50 59 0.026039865 
243 -3 334 391 0.025566198 
386 209 51 61 0.02555 
49 73 63 83 0.024669876 
978 237 25 32 0.024160376 
529 5 177 191 0.02388453 
382 141 115 165 0.023761213 
836 217 32 45 0.0236893 
10 168 43 57 0.02359011 
523 443 36 46 0.022950288 
835 194 47 60 0.02273296 
894 12 60 75 0.022204466 
103 21 197 170 0.022147518 
942 114 74 127 0.022009622 
351 60 56 67 0.0218516 
952 0 50 38 0.021804744 
261 42 54 61 0.021244908 
716 174 65 75 0.021239113 
317 198 46 67 0.021011524 
467 0 30 23 0.02079524 
714 53 50 70 0.02056214 
839 19 28 30 0.020458117 
685 212 31 57 0.020114195 
