36_Football_Football_36_23
48
736 56 57 70 0.99953663 
226 56 56 75 0.9992162 
381 97 57 65 0.9990144 
603 47 55 75 0.99688077 
546 116 32 39 0.64568275 
74 1 21 21 0.43447253 
140 3 19 23 0.41287342 
180 24 21 26 0.2294298 
492 34 20 24 0.20501179 
225 1 64 63 0.16178334 
464 236 37 38 0.14566533 
348 16 47 56 0.14140566 
618 17 55 75 0.12409849 
83 33 21 26 0.11894193 
711 392 47 73 0.094236456 
560 23 23 29 0.09250239 
27 56 22 29 0.090496056 
229 26 58 73 0.08033508 
488 3 19 21 0.061139397 
632 4 39 45 0.060009487 
445 34 25 32 0.053697214 
820 -2 64 68 0.049688824 
823 81 19 24 0.048204448 
361 12 30 38 0.04721525 
438 42 47 67 0.04449511 
542 83 48 67 0.042680845 
428 439 30 45 0.03929971 
699 483 50 58 0.03648146 
831 38 53 60 0.034153733 
368 10 20 22 0.03371983 
355 31 52 62 0.029929388 
556 53 11 13 0.029798154 
545 8 31 36 0.028807843 
543 16 41 52 0.02859787 
836 67 47 51 0.024641644 
540 57 47 65 0.024048401 
519 3 30 33 0.023669254 
543 0 28 27 0.023383027 
325 102 38 47 0.023286099 
795 5 27 31 0.02295565 
538 38 42 55 0.022912828 
949 99 38 46 0.02222891 
904 39 29 33 0.022228206 
173 0 16 15 0.021955011 
233 401 61 68 0.021202417 
327 415 61 78 0.020802833 
549 52 13 15 0.020449385 
627 535 45 62 0.020136943 
