36_Football_americanfootball_ball_36_510
41
571 144 67 77 0.9989724 
392 106 43 56 0.5026737 
857 116 46 53 0.48284954 
570 37 43 54 0.41770455 
491 32 46 55 0.3110453 
100 2 38 45 0.30462012 
234 359 40 48 0.29591736 
978 11 42 70 0.1338053 
691 146 68 81 0.09516338 
277 313 16 19 0.08895189 
545 104 47 64 0.07758752 
464 226 74 96 0.07724844 
387 74 53 71 0.06738658 
713 143 28 31 0.06034752 
339 88 31 39 0.05961986 
781 116 30 36 0.059602838 
281 83 42 53 0.059389323 
245 363 48 56 0.058562957 
949 9 66 119 0.05717582 
493 45 57 76 0.054973338 
870 26 44 54 0.052922513 
260 387 44 52 0.049131855 
804 59 33 37 0.048306867 
756 79 40 50 0.044584695 
217 16 24 33 0.032172345 
270 309 17 23 0.029899655 
704 16 45 51 0.028851634 
441 231 65 80 0.02796133 
973 78 33 45 0.026339673 
245 159 43 58 0.025725303 
758 0 54 49 0.025515815 
507 235 48 76 0.025270198 
894 43 27 39 0.024949394 
820 117 17 24 0.023104541 
206 -9 411 428 0.02303439 
836 177 99 141 0.022587758 
209 0 14 14 0.022429915 
291 53 239 277 0.022029368 
885 179 48 54 0.02139358 
197 38 227 249 0.020445678 
900 61 17 21 0.020027105 
