36_Football_Football_36_138
104
879 84 29 38 0.9962941 
406 214 23 30 0.99178994 
132 54 26 36 0.9913511 
644 216 21 27 0.99088573 
748 131 21 27 0.96148217 
291 81 23 37 0.95405304 
540 231 16 26 0.94928557 
555 200 15 17 0.7610274 
923 88 16 20 0.52206767 
519 203 13 16 0.5156135 
710 182 14 17 0.48370582 
270 81 37 45 0.3932049 
670 103 23 26 0.27676794 
861 76 11 14 0.23654497 
757 221 23 30 0.16118355 
679 197 12 16 0.15752293 
468 206 16 19 0.15028119 
445 185 15 19 0.13930736 
452 189 13 16 0.13705607 
509 193 17 19 0.10237743 
563 196 14 18 0.09989284 
388 189 11 13 0.09724408 
283 74 24 34 0.09028073 
171 88 15 25 0.086783394 
734 155 14 18 0.083838075 
529 222 10 14 0.072135784 
505 313 16 19 0.06651789 
446 189 22 26 0.0651157 
589 206 12 14 0.063124865 
531 295 22 29 0.061266128 
927 78 12 14 0.059007775 
40 23 12 14 0.054347463 
458 198 22 27 0.051082853 
472 243 11 15 0.05014749 
676 89 17 20 0.047050737 
582 209 16 17 0.04394453 
953 118 35 50 0.04386588 
488 187 10 12 0.043680064 
979 75 12 16 0.043140564 
542 201 14 16 0.042727485 
681 100 17 20 0.0403529 
492 306 23 27 0.040202416 
336 123 40 49 0.039758544 
836 149 15 19 0.038596634 
534 225 15 24 0.037970193 
436 191 27 35 0.037126616 
964 142 19 23 0.036940802 
929 93 19 23 0.036836267 
457 194 14 18 0.035780407 
526 303 15 22 0.034841962 
430 194 13 16 0.03436683 
571 203 13 18 0.033909384 
527 258 12 15 0.0338185 
427 208 13 19 0.03259123 
677 195 20 26 0.03227529 
509 303 22 28 0.032018688 
469 260 10 12 0.031881116 
672 200 15 20 0.031570215 
929 83 14 20 0.030765634 
480 268 9 13 0.029151458 
439 219 12 15 0.029006928 
841 142 20 28 0.028664682 
442 182 11 15 0.028051587 
739 66 13 20 0.028043082 
505 187 13 17 0.027330754 
691 177 30 38 0.027278937 
665 111 23 28 0.02701918 
730 203 24 29 0.026276506 
626 310 13 17 0.02587138 
945 130 13 17 0.02561378 
901 136 36 52 0.02558532 
428 196 23 29 0.02550072 
89 24 10 12 0.02545389 
970 152 15 21 0.025385275 
567 191 11 15 0.025217753 
117 28 10 13 0.024984084 
284 71 17 22 0.024825998 
581 214 20 26 0.024595203 
470 253 11 13 0.024024902 
84 39 12 16 0.023839056 
851 148 17 22 0.02335865 
351 185 11 16 0.023275126 
446 201 13 17 0.02303542 
579 223 16 23 0.022999894 
280 142 40 49 0.02277783 
492 183 11 14 0.022766013 
453 282 29 39 0.02260285 
829 138 11 14 0.022529166 
670 91 16 21 0.022484211 
826 132 36 48 0.02247427 
321 201 13 20 0.021738922 
149 46 13 18 0.021671422 
556 191 14 18 0.021486025 
598 243 24 28 0.021402508 
387 279 11 14 0.021386607 
570 195 12 16 0.021343993 
148 24 14 17 0.021142418 
355 228 12 14 0.020835252 
266 71 32 38 0.020546468 
58 20 10 13 0.02054134 
476 198 12 17 0.020521948 
702 164 12 15 0.020322619 
483 297 41 48 0.020201845 
703 184 16 19 0.020093463 
