52_Photographers_photographertakingphoto_52_780
35
752 277 70 108 0.97943956 
359 258 57 83 0.17306241 
820 303 64 82 0.11065288 
60 411 13 15 0.07016193 
734 747 12 14 0.03725306 
784 281 86 111 0.03697026 
450 718 17 22 0.036748417 
422 723 10 12 0.035158176 
102 439 11 15 0.03496486 
377 669 9 13 0.034423884 
548 677 12 15 0.030851262 
452 685 12 14 0.030711621 
366 685 11 14 0.029164547 
497 717 14 16 0.028618796 
534 718 13 16 0.027641075 
54 406 15 17 0.026713857 
0 9 10 17 0.026581187 
420 196 15 19 0.026389698 
87 423 15 19 0.025688915 
223 738 11 13 0.025124712 
770 92 9 12 0.02464003 
888 194 60 75 0.024133995 
190 55 10 12 0.02343512 
353 168 28 35 0.02337192 
270 191 8 11 0.022424508 
5 412 12 15 0.0222227 
248 730 14 16 0.021726804 
72 433 11 15 0.021554748 
620 340 24 27 0.021471063 
95 436 12 16 0.02109439 
97 444 11 13 0.021084554 
588 210 11 15 0.020806452 
18 6 10 11 0.02055934 
392 643 12 14 0.020502167 
391 685 10 12 0.020393545 
