52_Photographers_photographertakingphoto_52_506
188
435 301 49 59 0.98093903 
237 406 10 13 0.1890303 
966 320 9 12 0.17365627 
720 315 9 11 0.10489887 
152 587 9 11 0.10451689 
173 544 8 10 0.09793377 
831 572 7 10 0.092398934 
814 543 11 14 0.08929426 
57 496 8 10 0.08286233 
629 378 9 10 0.0819116 
182 609 8 9 0.07858615 
176 653 12 14 0.074873 
974 545 9 11 0.07400457 
73 637 9 11 0.068599954 
538 317 8 11 0.06535358 
95 348 8 10 0.06338933 
981 309 8 12 0.06289109 
794 549 9 12 0.06179787 
195 535 11 14 0.061394032 
95 421 10 12 0.06120165 
816 648 9 13 0.058135826 
442 580 10 14 0.053006973 
556 306 11 15 0.051482953 
956 429 9 12 0.05112477 
556 427 9 13 0.05068969 
916 629 8 10 0.050260577 
265 637 10 13 0.047056146 
142 447 8 10 0.044924654 
243 485 9 12 0.044021443 
525 312 9 10 0.04380464 
682 448 7 11 0.042544506 
144 574 9 10 0.040252414 
663 371 9 12 0.03915717 
925 438 9 12 0.03913644 
195 356 11 14 0.03842352 
156 589 9 11 0.037759315 
485 656 8 11 0.037533365 
480 557 9 12 0.037139714 
567 293 9 13 0.03693397 
918 348 9 13 0.03652066 
216 510 8 10 0.036489267 
803 502 13 16 0.035838198 
336 548 10 13 0.035554122 
582 343 10 12 0.035551794 
192 372 10 12 0.035457585 
910 310 8 10 0.03479093 
760 388 8 10 0.03458659 
189 381 11 14 0.03439954 
207 412 9 11 0.034233034 
186 406 9 11 0.033076826 
774 345 8 10 0.032947686 
909 387 9 12 0.032904163 
862 555 11 13 0.0327083 
617 347 9 11 0.032582063 
613 317 8 11 0.032484762 
772 533 9 12 0.032459933 
910 333 9 10 0.032439355 
718 595 9 11 0.032189913 
808 382 9 12 0.032164786 
686 357 9 12 0.031832203 
124 422 11 14 0.031616382 
529 357 8 10 0.031582173 
67 304 8 10 0.031344548 
784 564 9 12 0.031198308 
193 366 11 13 0.031178517 
714 349 7 10 0.031016767 
534 597 12 16 0.03059264 
941 432 9 11 0.030573059 
139 304 7 9 0.030543191 
1006 616 9 11 0.030524159 
520 620 9 12 0.03046709 
810 548 10 12 0.03006885 
766 469 7 9 0.03006673 
645 384 11 13 0.029957404 
541 421 8 10 0.029855361 
621 408 8 10 0.029622115 
172 404 9 11 0.029605849 
673 339 9 12 0.029515706 
34 510 9 11 0.029448863 
938 631 7 9 0.029088657 
604 584 10 12 0.02904271 
282 544 8 9 0.02902849 
966 642 12 15 0.028318668 
549 359 10 13 0.028154213 
60 452 9 11 0.028101075 
751 350 8 10 0.027766671 
179 608 8 10 0.027451321 
682 356 9 11 0.027417311 
912 663 10 11 0.027408345 
679 451 8 11 0.026812624 
847 400 8 10 0.026684899 
120 446 8 10 0.026620965 
685 447 9 12 0.026369803 
533 356 8 11 0.026353763 
367 549 7 9 0.02616761 
541 535 9 12 0.026125759 
281 622 10 12 0.026024515 
191 302 10 12 0.025938617 
252 636 10 12 0.02588375 
677 558 9 11 0.025732607 
838 601 9 10 0.025619294 
78 349 8 11 0.02550354 
894 369 7 10 0.025488246 
879 353 8 10 0.02544549 
839 341 9 11 0.025382087 
818 367 8 11 0.025304286 
478 652 12 14 0.025230912 
546 365 9 11 0.025174584 
910 564 9 11 0.0250952 
95 417 8 10 0.024816398 
158 627 10 12 0.024802843 
593 540 9 11 0.024663176 
470 469 8 10 0.024543988 
8 296 8 11 0.024524828 
541 597 12 15 0.02451161 
600 511 8 11 0.024474166 
207 445 8 10 0.024462724 
221 464 8 11 0.024428407 
671 525 7 11 0.024366625 
658 371 9 12 0.02415568 
959 558 8 10 0.024114607 
829 411 10 13 0.024046559 
701 377 8 10 0.023970367 
265 628 10 13 0.023927907 
827 569 8 10 0.02375476 
613 359 9 11 0.023742331 
509 568 9 11 0.023648903 
416 304 45 54 0.023624582 
566 288 9 12 0.023611715 
813 328 8 9 0.023556054 
797 484 8 11 0.023484126 
995 321 7 8 0.023474326 
495 545 9 11 0.023447685 
32 307 9 13 0.023435622 
102 551 9 11 0.023373963 
736 399 8 11 0.023242049 
42 372 7 10 0.022975603 
572 517 10 12 0.022912173 
849 669 12 13 0.022785801 
318 536 7 11 0.022756092 
533 292 8 11 0.022618745 
728 399 9 11 0.022425942 
140 372 11 13 0.022110095 
897 576 9 12 0.022104537 
831 479 10 11 0.021873288 
141 367 9 11 0.021857012 
883 509 8 10 0.021848766 
91 302 8 11 0.02176446 
597 541 9 11 0.021668207 
239 616 7 10 0.021659723 
766 260 9 11 0.021584155 
621 412 9 12 0.021556238 
853 439 10 12 0.021488456 
936 625 8 9 0.021445025 
606 558 10 14 0.021341577 
455 499 8 11 0.0213005 
1001 617 8 10 0.021259086 
1013 341 9 13 0.021231195 
702 381 8 11 0.021143371 
685 319 8 11 0.021139385 
169 399 10 13 0.021093566 
971 547 8 11 0.021068279 
22 368 7 10 0.02105056 
801 461 9 12 0.020997757 
559 286 9 11 0.020985343 
810 605 9 12 0.020982973 
574 388 9 11 0.020917857 
152 462 9 11 0.020864831 
530 524 9 12 0.020859437 
889 372 8 10 0.020780064 
349 564 9 11 0.020702371 
954 293 9 12 0.020671299 
1015 336 8 12 0.020553814 
327 604 7 9 0.020544223 
314 599 9 11 0.020521177 
1015 318 7 10 0.020488746 
609 358 9 11 0.02044973 
536 590 11 13 0.020372426 
698 376 8 10 0.020353843 
376 550 10 12 0.020315733 
1 478 7 13 0.020281801 
10 636 9 12 0.020252505 
380 591 9 12 0.020240208 
900 351 8 10 0.020192172 
162 429 8 11 0.020154689 
526 374 9 12 0.020037351 
965 611 9 12 0.020034308 
796 345 6 9 0.020026518 
