52_Photographers_taketouristphotos_52_281
40
411 657 38 44 0.99666107 
628 584 36 62 0.71336466 
291 598 14 17 0.10794126 
738 766 80 123 0.08106005 
373 610 34 44 0.07349476 
367 558 11 13 0.05928394 
342 587 12 14 0.053334415 
805 809 34 59 0.05282344 
797 603 13 15 0.047624797 
841 629 12 15 0.044188395 
389 560 12 13 0.043613236 
397 612 14 19 0.04220815 
410 746 13 16 0.040726025 
416 643 30 36 0.039379805 
784 634 18 21 0.037570063 
358 574 11 14 0.03579288 
782 793 49 78 0.03470599 
262 144 13 17 0.033154387 
784 569 9 11 0.03121177 
819 621 16 19 0.030994164 
389 773 16 22 0.02974776 
154 624 31 40 0.028073879 
260 648 35 54 0.027503196 
687 633 34 41 0.026367677 
288 605 23 27 0.025995024 
238 713 11 15 0.025749099 
700 582 14 18 0.025608191 
606 595 48 56 0.023544287 
727 556 10 13 0.02349293 
777 581 10 13 0.023382168 
774 567 9 11 0.023112778 
781 603 13 18 0.0230036 
433 467 33 40 0.02282258 
772 595 13 16 0.022313809 
113 603 30 42 0.022209428 
350 555 11 12 0.022109073 
385 654 17 21 0.02067436 
105 612 28 43 0.020535143 
745 607 16 20 0.02016942 
715 580 11 14 0.020013243 
