52_Photographers_taketouristphotos_52_51
24
448 934 35 45 0.9926254 
857 829 16 19 0.30349538 
914 857 8 10 0.07182073 
723 724 12 14 0.071017124 
886 720 7 9 0.046677575 
908 733 11 13 0.040265977 
819 838 14 16 0.0365893 
171 -15 380 447 0.032657057 
-58 1034 434 550 0.03178146 
189 891 10 12 0.031609286 
909 713 8 10 0.029033298 
250 1051 13 17 0.0280632 
390 1030 427 549 0.027788715 
417 1274 12 17 0.027103217 
208 849 10 11 0.02692779 
721 721 10 12 0.02621095 
506 948 11 15 0.025938738 
921 727 8 9 0.025059821 
448 1260 9 12 0.02409345 
895 726 9 11 0.023129234 
433 1215 8 11 0.022897422 
754 710 16 19 0.021893222 
445 22 10 12 0.021774566 
711 734 10 12 0.021072282 
