52_Photographers_photographertakingphoto_52_578
35
750 176 59 73 0.999022 
354 140 52 66 0.9980605 
282 184 65 78 0.99794084 
944 166 68 77 0.99784386 
804 154 51 62 0.9974497 
107 116 69 92 0.9886857 
63 146 84 107 0.9867328 
498 252 55 67 0.9786693 
571 155 46 61 0.9017242 
784 163 50 65 0.14795916 
206 213 25 28 0.07361457 
575 180 31 42 0.05725168 
230 203 11 14 0.054766953 
629 657 25 29 0.047875777 
587 285 14 20 0.041191984 
520 239 48 60 0.03810557 
461 210 11 15 0.03710532 
531 207 15 22 0.036073048 
550 327 24 28 0.03297727 
613 213 27 39 0.031596255 
172 249 49 56 0.030627007 
586 147 35 44 0.030418018 
421 601 12 16 0.029778246 
933 95 23 27 0.027115326 
524 210 25 31 0.024863588 
456 205 22 28 0.0237305 
876 660 35 30 0.023318838 
584 290 25 35 0.022821188 
626 211 15 18 0.022625057 
217 213 16 20 0.022446714 
467 213 13 17 0.022182109 
523 173 39 60 0.021910341 
618 200 26 34 0.021062963 
875 213 41 52 0.020220848 
251 123 28 43 0.020059744 
