52_Photographers_photographertakingphoto_52_130
27
353 462 16 20 0.25490206 
650 373 12 18 0.13376535 
920 387 11 14 0.11969077 
654 344 8 10 0.063485585 
669 373 14 17 0.06133645 
320 349 10 12 0.05362783 
358 320 13 18 0.04352238 
645 364 11 13 0.043479756 
634 329 13 19 0.042174805 
587 326 16 20 0.04151438 
266 424 18 21 0.03590451 
457 451 15 18 0.032160494 
422 442 14 18 0.027487945 
160 267 12 15 0.026453692 
805 381 12 15 0.026325056 
832 327 11 14 0.024646752 
466 376 14 17 0.023572749 
557 435 10 12 0.021694029 
831 385 11 14 0.021486381 
926 398 10 14 0.021416744 
567 327 13 16 0.02139926 
392 320 9 11 0.021031946 
370 310 9 11 0.020595273 
651 397 12 14 0.020502828 
340 460 12 17 0.020274641 
547 318 30 37 0.020197522 
33 338 230 351 0.020060087 
