52_Photographers_taketouristphotos_52_123
26
739 259 114 139 0.9995221 
223 129 119 147 0.99725693 
643 214 49 89 0.994134 
959 427 30 34 0.52618986 
941 305 13 17 0.14413728 
900 557 11 13 0.06306947 
872 297 32 57 0.06115544 
900 418 32 37 0.04414187 
903 864 28 29 0.043773543 
932 435 12 15 0.03289067 
924 215 13 18 0.032293264 
262 -4 41 44 0.029034186 
940 884 18 20 0.028244115 
535 486 10 12 0.025733085 
907 460 15 21 0.025568834 
924 908 15 19 0.025513794 
943 335 13 17 0.024932208 
943 98 11 14 0.024568006 
596 288 10 12 0.023388404 
933 997 22 25 0.023327123 
943 358 11 13 0.022180278 
838 288 53 75 0.021516347 
984 288 9 12 0.021275 
483 618 57 76 0.021195326 
943 298 19 26 0.0210198 
641 573 9 12 0.020729655 
