52_Photographers_taketouristphotos_52_266
65
605 454 54 81 0.9961893 
322 389 24 31 0.9921624 
678 642 112 152 0.82456404 
458 374 28 38 0.6403105 
242 412 25 40 0.49756044 
308 328 16 21 0.22549064 
376 341 11 16 0.21298043 
406 556 60 91 0.17714742 
391 276 15 18 0.17227167 
92 417 24 43 0.11368843 
102 416 39 49 0.084584884 
123 213 14 17 0.08397014 
402 385 18 23 0.07980172 
421 387 11 15 0.070651285 
414 386 12 18 0.06785232 
587 319 15 20 0.06610264 
287 376 29 44 0.06261857 
113 406 42 50 0.061237406 
347 378 14 18 0.060782094 
813 570 30 37 0.060109098 
278 338 14 19 0.056889903 
494 308 23 25 0.05337063 
315 333 13 21 0.05188355 
446 312 22 23 0.04847357 
450 377 16 21 0.043962594 
336 380 22 28 0.042550206 
176 225 17 21 0.040943276 
412 340 9 11 0.038134385 
453 306 17 21 0.037643377 
262 282 11 14 0.03493149 
402 443 38 53 0.03481927 
742 331 11 14 0.034706388 
459 301 15 22 0.033422958 
470 368 29 36 0.032493025 
425 550 73 109 0.031602107 
412 430 28 41 0.03145724 
334 367 26 29 0.030709082 
408 336 9 12 0.030420028 
181 232 14 20 0.02876104 
444 321 17 18 0.028744053 
619 375 16 22 0.02871128 
602 378 42 54 0.02850003 
589 308 23 27 0.028310992 
543 310 24 25 0.027852988 
335 521 48 72 0.027419565 
663 673 89 87 0.026532171 
390 357 11 14 0.02537701 
557 336 16 19 0.0249063 
302 382 24 35 0.024744969 
412 299 11 13 0.024701942 
409 368 15 18 0.023987409 
446 380 14 22 0.023808716 
590 390 42 55 0.02372756 
111 716 55 50 0.023559462 
409 295 11 13 0.022986246 
159 247 10 13 0.022900337 
399 381 14 19 0.022544805 
389 282 22 27 0.02198435 
459 371 18 23 0.021932213 
145 190 11 14 0.021591311 
462 322 11 14 0.021357173 
151 249 11 14 0.020578863 
303 309 24 29 0.02032956 
438 334 10 12 0.020225879 
578 320 22 28 0.020026399 
