52_Photographers_taketouristphotos_52_328
53
243 142 144 197 0.9979297 
964 638 12 15 0.118805856 
921 607 15 19 0.08359037 
659 514 13 17 0.06893918 
669 508 11 15 0.056649607 
941 599 12 14 0.04900757 
826 746 27 25 0.045531712 
944 719 24 26 0.044273164 
886 619 11 14 0.042491995 
614 732 28 29 0.04215265 
816 515 13 17 0.041503623 
935 555 16 19 0.041005623 
687 493 11 12 0.04062898 
63 667 15 17 0.03879293 
576 611 11 14 0.03534699 
714 616 12 14 0.03495934 
271 538 29 37 0.033821553 
33 670 15 17 0.033059243 
814 721 12 16 0.03238303 
965 663 10 14 0.03155232 
958 444 11 15 0.030529505 
605 626 15 20 0.029996665 
896 651 11 15 0.02937576 
959 631 11 15 0.029128581 
926 727 14 18 0.028905956 
28 650 13 16 0.02889161 
697 657 18 21 0.028608274 
815 609 12 15 0.028524993 
748 651 12 17 0.02828056 
624 685 12 15 0.027460305 
970 526 9 11 0.02734671 
743 499 10 12 0.027286049 
805 719 49 51 0.026959745 
1010 748 13 17 0.025741765 
758 572 9 11 0.025394155 
853 621 13 16 0.024784017 
92 589 16 20 0.024285644 
798 718 10 13 0.024062654 
949 582 10 13 0.02389538 
30 532 12 15 0.023632323 
76 586 12 15 0.02306728 
69 654 24 29 0.022895606 
885 574 9 12 0.022784455 
822 707 10 12 0.02197718 
670 621 13 15 0.02181839 
582 619 13 16 0.021729928 
883 641 13 16 0.021057695 
942 622 9 11 0.020999983 
994 656 9 12 0.020918282 
86 657 15 19 0.020475049 
718 509 13 16 0.02045913 
725 670 10 13 0.020327304 
936 623 9 11 0.020305013 
