52_Photographers_photographertakingphoto_52_263
35
627 262 25 35 0.99755484 
352 299 22 30 0.9965377 
136 293 20 33 0.99134374 
403 293 23 31 0.9869279 
802 286 22 38 0.9818825 
39 278 21 29 0.96907884 
756 285 19 36 0.9641413 
686 248 21 33 0.9636812 
470 305 15 19 0.74228865 
81 318 17 22 0.36595914 
64 394 14 17 0.30659294 
672 371 41 50 0.27797294 
316 307 12 17 0.27682614 
269 301 12 16 0.14612418 
639 308 21 27 0.14524554 
20 364 39 51 0.08440608 
43 430 13 18 0.05124385 
463 305 14 19 0.043260977 
101 275 112 108 0.040748402 
70 386 20 28 0.04019318 
455 442 15 19 0.03846639 
131 304 70 66 0.03741297 
82 327 18 22 0.035247356 
71 314 17 22 0.03003409 
323 307 13 20 0.027031098 
75 391 23 31 0.024724623 
664 388 45 54 0.0235217 
787 360 41 50 0.023390839 
480 305 14 19 0.022923052 
40 430 21 31 0.02171575 
114 382 41 51 0.0207831 
343 293 12 16 0.02068123 
424 304 18 21 0.020383636 
571 137 459 548 0.02033737 
71 309 13 18 0.020003906 
