52_Photographers_taketouristphotos_52_159
26
289 789 36 45 0.9946138 
439 792 38 45 0.9939393 
746 771 36 47 0.9938061 
586 792 34 47 0.99249023 
459 898 32 43 0.07409718 
612 707 37 56 0.062857665 
276 889 51 53 0.060465835 
169 378 18 24 0.06023969 
506 733 61 72 0.05726665 
318 702 8 11 0.055033598 
558 860 40 50 0.034510758 
414 1262 15 21 0.03078595 
249 835 39 49 0.0277456 
318 891 13 16 0.027648551 
683 907 28 46 0.026471084 
453 1026 13 17 0.026166648 
443 709 11 14 0.025504855 
694 917 42 53 0.025396379 
498 759 39 41 0.023278825 
513 1019 43 60 0.022175614 
728 837 30 46 0.021731164 
202 936 13 16 0.021539347 
400 762 12 15 0.02078104 
292 925 32 36 0.020495523 
671 883 41 54 0.020467017 
220 119 124 168 0.020259261 
