12_Group_Team_Organized_Group_12_Group_Team_Organized_Group_12_28
38
926 241 27 34 0.9973635 
601 269 26 32 0.9970483 
431 262 30 37 0.9963632 
215 0 54 48 0.99592966 
986 286 30 40 0.99159837 
681 47 44 62 0.99156076 
520 257 40 49 0.98622614 
826 275 21 33 0.97582144 
467 260 23 27 0.9636117 
9 219 26 31 0.9346567 
965 255 24 29 0.9210955 
139 266 26 34 0.9002489 
876 277 23 28 0.8853756 
997 244 19 29 0.4204587 
333 252 25 31 0.188503 
676 260 15 25 0.1586245 
779 265 21 30 0.12354584 
795 343 31 37 0.11006013 
103 7 50 67 0.10970457 
62 230 14 18 0.08226169 
987 247 22 32 0.059389323 
23 219 19 24 0.05908344 
2 223 24 37 0.053308964 
771 276 30 39 0.05205848 
155 244 13 16 0.050911665 
149 -3 56 53 0.040888645 
429 305 48 65 0.036568936 
1001 238 11 16 0.03013144 
886 276 23 31 0.029391536 
84 230 29 30 0.026002612 
865 276 21 30 0.025954604 
765 265 29 39 0.023069687 
105 210 20 32 0.023025364 
325 270 30 38 0.022832694 
3 213 17 24 0.021125138 
1002 364 15 20 0.020696156 
1009 244 15 22 0.020686662 
368 309 23 30 0.02032772 
