12_Group_Group_12_Group_Group_12_28
32
550 111 39 47 0.99719185 
169 37 33 43 0.9969817 
232 78 35 45 0.9958169 
514 59 34 43 0.99499905 
127 124 45 59 0.9948784 
209 104 36 48 0.9945741 
462 233 32 45 0.9934661 
385 197 42 55 0.99317414 
520 255 38 47 0.9922693 
303 134 35 45 0.99217814 
72 22 40 48 0.9916819 
107 69 39 47 0.99018455 
663 56 38 51 0.99002004 
178 200 36 44 0.98803663 
246 255 42 52 0.9869878 
612 97 42 54 0.98694265 
704 84 41 53 0.9853022 
905 108 43 55 0.98336995 
260 150 41 51 0.9764365 
790 76 37 51 0.9744329 
615 50 36 43 0.91555613 
801 135 40 54 0.88623 
921 71 38 44 0.7082696 
285 131 37 52 0.039244886 
396 481 12 15 0.0388004 
91 184 43 56 0.028562725 
221 58 26 31 0.027165303 
432 485 11 14 0.026062537 
412 352 31 32 0.02524333 
196 243 29 40 0.025070483 
50 180 23 32 0.024129614 
93 188 27 32 0.020463929 
