12_Group_Large_Group_12_Group_Large_Group_12_43
41
815 251 30 34 0.99930704 
224 231 39 50 0.9983683 
341 215 29 38 0.9976585 
896 281 40 43 0.99725807 
545 247 26 34 0.99714667 
451 224 27 34 0.9971192 
617 234 26 33 0.99711823 
778 293 30 36 0.99697304 
385 280 32 41 0.9969081 
705 268 31 40 0.99577564 
564 271 37 45 0.9954105 
476 269 30 38 0.9949144 
742 251 31 35 0.99485683 
101 237 42 52 0.993566 
647 272 33 43 0.99262357 
684 215 23 29 0.9890353 
186 209 34 41 0.9854337 
546 208 20 24 0.98152244 
487 206 21 27 0.974083 
405 204 18 23 0.8423695 
643 221 16 20 0.78013206 
314 213 15 18 0.090970546 
328 191 21 26 0.07251663 
300 195 13 16 0.067400426 
722 344 52 63 0.051870838 
552 253 30 37 0.041247305 
564 186 31 38 0.035207927 
310 502 14 19 0.032887317 
550 190 35 47 0.030338563 
631 218 24 28 0.029513385 
320 278 36 46 0.02912075 
306 484 11 15 0.025100932 
301 198 24 27 0.024179816 
343 156 10 13 0.023909973 
463 574 18 20 0.023116896 
388 189 27 33 0.022558937 
581 285 370 531 0.02165182 
673 261 26 37 0.021525335 
571 195 17 21 0.02136407 
418 213 22 27 0.02076732 
296 200 15 18 0.020083496 
