12_Group_Large_Group_12_Group_Large_Group_12_213
103
471 298 16 20 0.9784936 
245 302 16 23 0.97234017 
293 284 13 18 0.94205344 
164 412 36 31 0.92617667 
850 263 18 24 0.91300327 
486 350 23 29 0.89542323 
343 357 36 37 0.89306617 
669 278 11 16 0.87684023 
739 274 12 15 0.8217536 
698 311 14 18 0.8209666 
582 283 15 17 0.78572524 
279 317 21 25 0.77775437 
406 290 13 16 0.76301134 
836 350 28 27 0.6944447 
581 316 16 19 0.6807768 
763 305 13 17 0.5385298 
382 348 19 27 0.4954902 
723 378 23 26 0.49504775 
254 423 18 20 0.4939784 
885 280 15 18 0.49082145 
0 380 22 43 0.44761285 
552 304 9 11 0.17647876 
424 319 13 15 0.1627812 
582 309 14 15 0.16068082 
449 289 14 18 0.13966297 
232 322 18 22 0.10335613 
415 301 12 15 0.09760991 
525 319 9 12 0.08405802 
708 376 15 23 0.06196637 
503 332 14 17 0.058508158 
292 353 19 22 0.058073297 
659 305 15 20 0.056283336 
271 320 16 18 0.052841473 
941 315 15 17 0.049870428 
271 300 12 17 0.04740957 
702 268 8 12 0.045390878 
468 340 12 15 0.043600738 
38 711 51 56 0.04232028 
419 307 12 15 0.042277653 
575 342 13 17 0.04177155 
774 301 10 13 0.03973696 
506 334 18 21 0.03939625 
578 284 11 15 0.038420945 
866 416 25 34 0.038293935 
837 325 30 32 0.034789905 
671 271 11 14 0.03412511 
436 302 11 15 0.032504793 
732 337 9 13 0.032281633 
432 345 15 19 0.03216195 
515 338 15 18 0.032077223 
76 512 10 13 0.03206554 
716 376 19 23 0.03205691 
890 427 28 41 0.030878771 
783 301 8 10 0.0307063 
281 278 9 11 0.028931497 
664 281 12 16 0.028722906 
499 336 21 27 0.028444866 
193 434 34 45 0.028094301 
401 286 13 16 0.028086249 
545 304 8 11 0.028030906 
574 259 12 15 0.027910698 
784 401 46 56 0.02672653 
946 309 17 19 0.026572255 
685 389 13 16 0.026238788 
544 309 8 10 0.025912981 
8 707 49 59 0.025540518 
178 403 30 34 0.025330978 
644 290 13 15 0.024961531 
565 357 12 16 0.024825135 
766 293 10 12 0.024818808 
705 378 25 34 0.024663858 
436 323 12 14 0.02455395 
652 300 15 19 0.024506018 
655 276 10 12 0.02439375 
452 334 10 13 0.02415085 
772 306 11 15 0.02384557 
812 347 25 29 0.023829907 
753 338 11 15 0.02351807 
550 326 13 17 0.023380281 
725 388 16 20 0.023159828 
63 521 23 31 0.02315394 
279 284 9 12 0.02303618 
676 269 10 13 0.022790419 
536 309 9 10 0.022732133 
283 346 23 27 0.022497859 
577 292 9 12 0.022377575 
981 336 38 55 0.022206625 
360 367 19 22 0.021897256 
576 320 14 19 0.0218495 
837 321 18 21 0.021347107 
761 286 10 13 0.021246728 
675 282 12 15 0.02123283 
873 418 30 41 0.021186188 
740 298 13 15 0.021128869 
534 364 12 15 0.021019826 
836 365 17 23 0.020579029 
257 239 466 499 0.020518577 
785 296 8 11 0.020395258 
430 309 12 15 0.020253183 
595 398 13 19 0.020216633 
719 347 12 14 0.020145413 
558 346 13 18 0.02004952 
300 321 15 20 0.02003559 
