12_Group_Group_12_Group_Group_12_519
74
902 207 30 37 0.9985038 
822 203 31 41 0.9980855 
712 222 35 46 0.9957936 
569 199 36 46 0.98880553 
448 206 40 52 0.98762053 
1001 62 10 14 0.5167871 
523 186 26 36 0.43452728 
484 77 14 16 0.26205686 
627 121 34 46 0.21332143 
824 95 11 14 0.19864054 
760 71 11 14 0.192724 
682 0 20 19 0.12531427 
166 365 9 12 0.12367999 
247 93 13 17 0.107855506 
709 47 13 16 0.103714876 
801 175 27 34 0.09230509 
659 147 23 34 0.088291705 
965 57 12 16 0.08144499 
721 79 11 13 0.06218368 
685 191 17 22 0.06104505 
1003 363 10 14 0.060427517 
428 193 24 30 0.054869175 
798 63 12 15 0.053446315 
-19 324 382 484 0.048754342 
609 87 48 58 0.048568267 
823 39 11 14 0.048406262 
796 71 25 35 0.043264303 
717 129 29 39 0.040119298 
512 46 12 15 0.03967517 
926 37 12 14 0.03937964 
944 109 10 14 0.039229464 
980 37 10 15 0.034089223 
676 191 37 45 0.033773478 
736 0 18 18 0.033348285 
302 44 12 14 0.03318824 
1012 82 10 16 0.03315532 
745 46 17 18 0.032608274 
788 110 16 20 0.032117613 
625 90 395 449 0.03143671 
586 91 22 32 0.030729916 
302 79 27 35 0.030062754 
469 25 12 15 0.030011423 
438 203 31 42 0.029580832 
361 82 16 20 0.029542282 
554 181 32 43 0.029101953 
521 191 39 54 0.027270727 
285 99 12 14 0.02683054 
744 99 12 16 0.026484974 
277 70 12 17 0.026300946 
683 28 23 35 0.025736755 
470 90 12 18 0.025554448 
892 18 10 12 0.025290933 
928 18 11 14 0.025224635 
811 0 14 13 0.023921864 
809 152 26 36 0.023882471 
388 269 47 70 0.023383062 
441 39 11 15 0.023274282 
791 221 31 41 0.02315242 
803 172 18 24 0.022613086 
820 0 13 12 0.02236534 
760 114 23 33 0.022321625 
162 357 11 14 0.022308234 
396 209 41 41 0.02223253 
600 82 41 45 0.022211941 
245 68 10 13 0.021476572 
848 101 11 15 0.021476338 
771 28 13 17 0.021470284 
698 38 21 27 0.021281445 
499 24 14 18 0.021117946 
499 5 12 14 0.021060701 
477 90 13 19 0.0210175 
415 179 40 48 0.020887863 
483 69 22 27 0.02055406 
755 69 20 23 0.020408224 
