12_Group_Team_Organized_Group_12_Group_Team_Organized_Group_12_503
34
491 74 33 39 0.9988066 
227 44 28 32 0.9987852 
410 74 32 41 0.9983925 
298 55 28 35 0.9982199 
157 49 28 36 0.9981881 
747 65 28 34 0.99791104 
268 105 31 38 0.99754757 
797 91 35 42 0.997009 
628 51 28 37 0.99686205 
657 80 32 39 0.9967276 
366 45 30 35 0.9967259 
329 88 35 41 0.9961622 
490 27 26 30 0.995946 
722 99 36 42 0.9956489 
433 40 26 34 0.9956173 
644 205 35 43 0.9951886 
575 78 34 42 0.99506277 
951 203 39 46 0.99398345 
136 173 38 44 0.9934043 
885 69 29 34 0.99241537 
866 199 38 46 0.9916687 
241 194 36 45 0.99110466 
756 201 38 45 0.98906225 
559 39 28 35 0.9882826 
27 179 41 51 0.98716706 
95 102 37 43 0.9859789 
542 180 40 52 0.98407006 
191 93 33 43 0.9819755 
689 64 26 34 0.9808905 
829 66 27 31 0.98066586 
428 185 38 50 0.97892326 
337 204 35 43 0.9742192 
881 111 35 43 0.95966166 
675 65 35 48 0.033443253 
