12_Group_Team_Organized_Group_12_Group_Team_Organized_Group_12_442
38
809 165 23 37 0.9956656 
455 210 21 29 0.99108654 
521 182 23 33 0.9907481 
759 182 22 28 0.9827723 
198 186 21 28 0.9525064 
26 215 24 32 0.93947923 
663 208 24 30 0.82347095 
245 203 21 30 0.7763253 
380 205 17 31 0.6792677 
969 220 25 24 0.6788019 
604 135 30 36 0.39018482 
549 165 14 17 0.34581757 
166 241 14 23 0.27731562 
126 188 20 29 0.25930807 
124 199 23 33 0.18019542 
259 171 12 16 0.07697771 
878 265 20 25 0.061757557 
985 215 17 23 0.046171054 
152 181 29 32 0.035063606 
805 147 29 42 0.032878 
548 172 16 24 0.02846291 
655 197 45 50 0.027400872 
141 188 25 29 0.027143376 
967 204 38 46 0.026834473 
255 206 16 24 0.02627376 
163 183 30 34 0.025618576 
631 162 14 23 0.025561173 
808 157 12 18 0.024859356 
452 277 9 12 0.024440002 
33 192 9 12 0.024228377 
1001 172 21 34 0.02401978 
7 218 42 70 0.023609208 
228 442 120 114 0.023514697 
159 245 16 20 0.023007626 
680 206 26 30 0.022376651 
779 144 27 33 0.021817794 
148 234 31 33 0.021513406 
865 235 21 30 0.02048001 
