12_Group_Large_Group_12_Group_Large_Group_12_495
21
347 207 65 86 0.9972658 
626 168 53 66 0.9883575 
20 231 81 101 0.9876666 
129 236 53 62 0.7250757 
148 250 56 61 0.32088038 
183 262 28 39 0.25976875 
122 237 89 105 0.056978587 
519 400 38 50 0.037867334 
725 345 16 19 0.037511125 
956 27 9 13 0.031892106 
466 192 47 61 0.031606264 
316 271 38 45 0.026512729 
831 102 13 16 0.026297025 
176 263 47 59 0.026019886 
876 362 131 150 0.025856497 
955 429 28 34 0.025123192 
901 248 8 12 0.02377649 
779 70 8 10 0.02340503 
193 261 18 24 0.023227466 
24 76 10 12 0.023208696 
962 13 7 10 0.020816848 
