12_Group_Group_12_Group_Group_12_29
18
79 201 90 127 0.9991961 
508 196 65 86 0.99912745 
263 213 69 96 0.9979513 
800 203 83 102 0.9964567 
933 213 45 67 0.98893934 
317 189 47 56 0.46240807 
341 188 33 51 0.20329253 
477 195 37 46 0.095062904 
200 98 12 15 0.04594031 
903 218 38 48 0.03723312 
289 193 58 77 0.035637163 
521 166 45 54 0.028479597 
218 70 9 11 0.026937034 
202 116 14 18 0.025485672 
329 202 50 63 0.025093015 
221 127 9 12 0.0230745 
231 245 11 15 0.022948503 
404 241 51 70 0.020615805 
