12_Group_Group_12_Group_Group_12_218
21
77 37 59 76 0.99852294 
221 61 52 63 0.99755055 
462 91 46 52 0.98783225 
851 51 49 76 0.95898145 
709 60 43 56 0.8727589 
848 132 55 98 0.84426224 
951 0 55 64 0.12612267 
678 167 57 107 0.08481024 
819 140 72 117 0.08405089 
806 193 46 96 0.0759451 
755 152 85 131 0.049791265 
846 76 56 115 0.040997002 
801 144 57 99 0.03408179 
738 41 34 44 0.03256259 
825 193 51 87 0.031918906 
706 154 99 119 0.030624116 
842 43 93 120 0.030415805 
335 209 16 21 0.02513201 
726 49 36 49 0.02316979 
842 184 61 91 0.022322737 
982 78 39 62 0.022008598 
