12_Group_Group_12_Group_Group_12_732
19
819 199 30 37 0.9991001 
588 231 28 36 0.9977053 
466 255 30 38 0.995904 
223 144 33 39 0.88643 
698 219 29 36 0.8270297 
566 234 21 30 0.124199055 
762 196 27 38 0.10744679 
697 158 11 13 0.05656836 
222 308 444 506 0.055227194 
343 166 32 37 0.041209027 
646 159 9 12 0.024021225 
157 145 31 40 0.02294155 
771 211 16 22 0.022896603 
196 174 14 17 0.021689706 
450 256 15 19 0.02099611 
690 217 18 24 0.020968122 
221 159 18 22 0.020967372 
806 217 16 18 0.020880537 
798 209 27 35 0.02025446 
