12_Group_Large_Group_12_Group_Large_Group_12_354
32
353 336 51 71 0.9986119 
214 361 69 87 0.99800843 
22 308 81 130 0.99518085 
833 201 250 473 0.98533833 
443 367 40 53 0.9285239 
655 363 48 94 0.8998486 
288 343 47 74 0.43661812 
629 389 17 25 0.3587999 
266 455 52 59 0.068445615 
178 569 25 30 0.06509103 
265 632 42 37 0.06467155 
75 715 53 48 0.05074377 
550 474 12 16 0.038112696 
596 376 33 47 0.03165318 
37 41 24 29 0.030309793 
644 508 59 70 0.028835801 
206 570 11 15 0.028315648 
667 485 54 71 0.027373226 
527 429 27 34 0.026869984 
317 342 46 67 0.026475722 
186 563 27 32 0.026245195 
197 608 24 27 0.026088215 
174 574 18 22 0.024818972 
627 347 59 100 0.024622569 
204 478 10 14 0.023906661 
9 710 61 55 0.022627223 
245 638 47 57 0.022529177 
624 475 105 120 0.021712527 
625 492 36 43 0.02164858 
615 368 47 71 0.021360228 
668 352 60 85 0.02043409 
245 341 69 96 0.020147076 
