12_Group_Large_Group_12_Group_Large_Group_12_228
69
780 410 18 22 0.9892641 
155 414 15 20 0.9859342 
293 405 16 21 0.9843369 
202 408 17 21 0.9821056 
483 397 17 22 0.98147523 
906 413 17 21 0.98094696 
827 405 17 23 0.97890204 
430 414 15 20 0.9774239 
654 418 17 23 0.9748548 
698 414 18 22 0.9726466 
525 408 16 20 0.96957535 
564 405 16 21 0.9623211 
742 407 17 22 0.9517661 
337 410 16 22 0.9440216 
248 411 16 19 0.9314607 
111 409 16 21 0.8222992 
869 421 16 19 0.8134437 
393 412 15 18 0.7775114 
606 410 17 22 0.7137608 
305 475 17 19 0.509799 
468 477 10 13 0.41326913 
240 465 25 27 0.37121403 
776 94 14 17 0.18236752 
464 499 14 17 0.1360007 
382 453 25 31 0.12544718 
717 99 10 12 0.075114295 
673 380 14 16 0.07333479 
467 491 15 20 0.0692722 
546 408 15 21 0.06661606 
916 512 10 12 0.060334425 
345 473 15 19 0.05919035 
470 480 12 16 0.05672858 
401 411 14 20 0.05435099 
404 429 14 18 0.046830676 
195 465 24 25 0.04315069 
156 465 18 22 0.041071497 
860 376 16 20 0.039428085 
102 397 12 16 0.036913898 
395 460 17 25 0.033215966 
839 18 12 15 0.032670565 
230 205 9 12 0.03180189 
762 409 15 21 0.031765684 
94 399 37 52 0.031665318 
515 497 12 15 0.031266615 
629 136 9 12 0.030864954 
127 394 10 14 0.029403664 
990 244 16 20 0.028998395 
454 503 11 13 0.028204083 
726 513 10 11 0.02556563 
255 395 11 14 0.025564441 
411 413 13 17 0.024008725 
540 402 16 21 0.022920968 
386 481 15 18 0.022917472 
464 476 20 26 0.022916246 
309 414 16 22 0.02270805 
133 413 11 15 0.022634981 
333 229 11 15 0.02246022 
460 333 9 12 0.022116598 
261 394 12 16 0.02201611 
333 461 14 18 0.022016088 
405 503 12 14 0.021616198 
443 459 12 15 0.02158498 
852 410 15 20 0.02142989 
475 485 10 15 0.021373525 
292 464 15 17 0.02114244 
617 452 12 15 0.021129984 
399 435 11 15 0.021071253 
584 530 12 16 0.02091052 
675 409 14 19 0.020022094 
