12_Group_Team_Organized_Group_12_Group_Team_Organized_Group_12_778
102
930 149 31 37 0.9987489 
107 282 25 32 0.99814 
60 282 24 31 0.99740183 
226 279 25 31 0.9970138 
849 190 26 30 0.9964915 
171 284 23 31 0.99643034 
818 140 24 29 0.9963378 
344 289 24 30 0.9961092 
782 302 25 30 0.9956838 
848 129 23 31 0.9952839 
645 299 24 31 0.9952107 
767 117 21 27 0.99493706 
586 299 24 32 0.99490225 
877 131 22 29 0.99454665 
891 166 24 29 0.99451256 
903 138 23 30 0.9933484 
466 294 23 30 0.9932024 
709 304 25 30 0.9930294 
404 308 24 31 0.99256 
287 292 23 28 0.99190897 
517 293 24 31 0.99178493 
498 88 22 27 0.98982924 
719 120 22 27 0.9895275 
177 211 22 29 0.9890954 
435 83 22 27 0.9862698 
582 98 20 29 0.98471916 
612 229 20 26 0.98298323 
494 224 21 27 0.98219275 
555 228 21 26 0.9805329 
234 220 21 29 0.98046356 
580 58 19 24 0.9799544 
413 56 20 25 0.97964776 
369 80 22 30 0.97959715 
716 87 21 27 0.97893196 
707 52 20 26 0.97866017 
294 101 21 27 0.9783992 
663 89 22 28 0.97762394 
250 76 19 25 0.97719634 
747 92 21 26 0.9760576 
164 92 20 26 0.9758336 
653 228 21 28 0.97443515 
689 75 19 25 0.9738342 
539 67 21 25 0.97312963 
330 228 19 25 0.9727496 
383 226 21 28 0.9714882 
276 228 21 26 0.968939 
806 76 20 25 0.968661 
346 54 19 25 0.9677343 
831 98 21 27 0.96753526 
693 120 22 28 0.96569234 
466 65 19 24 0.9583789 
511 59 21 27 0.94500315 
209 49 21 27 0.9446769 
283 61 19 25 0.9435511 
440 227 20 27 0.93913054 
643 78 17 24 0.9371003 
229 96 20 25 0.9358134 
742 67 21 26 0.93210435 
789 93 18 22 0.9265519 
623 91 20 23 0.922974 
318 73 19 25 0.91728157 
389 68 19 24 0.8830821 
804 115 20 25 0.74886423 
470 212 12 16 0.6121166 
600 77 14 19 0.51085645 
380 69 21 29 0.29902893 
731 206 18 23 0.2200023 
40 234 26 29 0.19738352 
662 70 12 15 0.18443155 
913 303 46 34 0.13850689 
533 215 12 15 0.123812646 
399 206 11 14 0.106799036 
859 111 20 22 0.068156816 
650 83 20 27 0.067277856 
629 214 14 20 0.0532037 
468 220 22 29 0.044483006 
340 92 16 20 0.040285554 
748 129 15 19 0.038418423 
529 216 19 24 0.037516322 
315 301 15 19 0.036103874 
20 258 14 17 0.035765227 
84 241 12 16 0.034057852 
415 81 13 17 0.033532728 
467 243 14 18 0.031842828 
39 236 15 19 0.03119757 
657 70 19 24 0.029329278 
473 215 15 20 0.027776418 
464 233 22 29 0.026562715 
102 379 14 15 0.024581466 
522 377 18 19 0.024272755 
258 225 15 21 0.023605283 
37 191 10 13 0.023550352 
799 119 15 19 0.022443388 
791 138 14 18 0.0219138 
794 145 15 17 0.021198539 
69 240 14 18 0.020881604 
204 217 14 21 0.02087904 
463 218 14 19 0.020876702 
321 297 16 21 0.020805199 
198 200 17 21 0.020777749 
86 265 14 18 0.020360291 
490 73 17 20 0.020252425 
