12_Group_Team_Organized_Group_12_Group_Team_Organized_Group_12_270
38
448 13 65 80 0.99797434 
307 148 34 42 0.67465633 
817 195 23 28 0.09225727 
542 22 40 56 0.07564192 
1000 159 25 49 0.06094349 
531 354 15 19 0.06089368 
964 118 24 31 0.055424873 
103 54 175 244 0.054877877 
164 229 41 48 0.05370569 
179 225 27 31 0.044434916 
409 424 39 59 0.04096074 
944 184 19 23 0.040035836 
869 149 31 43 0.0391545 
307 350 113 118 0.038707606 
100 207 21 26 0.037662935 
658 452 30 37 0.03700187 
953 9 19 23 0.036754996 
939 183 37 48 0.035087083 
-1 229 22 42 0.03231649 
114 236 23 28 0.032049317 
884 211 25 29 0.030975463 
881 92 31 39 0.030106567 
320 388 59 62 0.030010179 
140 27 111 130 0.029992333 
886 70 25 28 0.029438991 
955 431 57 68 0.028320476 
136 87 110 151 0.025444012 
875 445 31 39 0.024076076 
693 95 92 118 0.02385093 
170 131 54 65 0.023615547 
870 55 91 132 0.02299294 
668 6 52 64 0.022710826 
986 9 20 24 0.022411618 
907 213 28 30 0.022358505 
878 70 49 70 0.022156194 
690 0 26 31 0.022069301 
866 281 47 63 0.02106922 
98 232 40 47 0.020062467 
