12_Group_Group_12_Group_Group_12_249
40
492 564 72 78 0.99862874 
138 11 77 75 0.9938998 
338 278 60 69 0.9938613 
938 553 36 38 0.9938007 
405 389 47 62 0.99139977 
883 479 35 34 0.9821032 
458 197 42 43 0.98202056 
467 137 35 39 0.97674996 
883 532 32 34 0.96540946 
825 420 33 35 0.9335234 
765 411 26 30 0.90389913 
979 608 39 39 0.9025133 
589 309 42 39 0.90148246 
556 252 41 40 0.89159733 
519 203 40 41 0.8520616 
741 362 29 32 0.8111775 
618 370 47 57 0.789097 
720 334 25 29 0.14915676 
367 630 36 46 0.065419845 
702 455 12 18 0.042020064 
713 324 43 50 0.03940815 
405 622 60 68 0.03011589 
700 448 22 31 0.027766922 
726 338 39 48 0.027237285 
311 586 55 70 0.026496654 
134 496 59 73 0.02602949 
555 634 51 59 0.025730312 
639 580 28 38 0.02490084 
960 602 46 56 0.02412757 
337 595 38 49 0.024076406 
612 539 29 46 0.023961835 
827 434 19 24 0.023840116 
151 203 42 56 0.023218231 
570 419 61 77 0.022595387 
383 172 11 12 0.022423659 
435 293 42 49 0.022312881 
352 214 9 12 0.022071004 
567 279 78 98 0.021764608 
329 220 10 12 0.020234082 
283 615 60 67 0.02005272 
