12_Group_Large_Group_12_Group_Large_Group_12_107
46
302 203 31 37 0.99918824 
700 194 30 40 0.9985875 
550 193 27 37 0.99831367 
636 313 33 42 0.9982674 
644 215 31 37 0.99810284 
468 378 36 42 0.9978453 
510 205 33 39 0.9977138 
299 324 34 42 0.9974675 
465 202 30 35 0.99736243 
433 240 32 40 0.9972716 
546 297 34 42 0.9970661 
758 199 34 42 0.99686736 
385 314 37 47 0.99568295 
410 205 30 35 0.995407 
159 202 38 46 0.9951102 
717 372 38 48 0.99460715 
589 206 33 43 0.9944652 
231 175 35 45 0.99378985 
80 213 43 53 0.9931758 
617 180 26 32 0.9920115 
838 192 36 47 0.987783 
187 378 43 54 0.9867727 
346 214 29 39 0.98607975 
690 170 15 19 0.16072163 
640 162 21 25 0.09360803 
733 180 16 19 0.048699822 
589 190 23 30 0.04302656 
590 186 16 21 0.04213493 
782 147 23 27 0.041429237 
628 173 24 30 0.03566167 
918 206 11 15 0.032004494 
641 68 15 18 0.026884701 
147 393 15 20 0.026552774 
647 145 15 20 0.026487445 
644 152 23 28 0.026135797 
756 174 12 14 0.024309212 
901 412 16 23 0.0224201 
473 173 9 13 0.022353863 
804 137 15 18 0.022226168 
214 9 34 48 0.022208234 
951 465 8 10 0.021557637 
52 366 81 72 0.021534424 
794 136 22 26 0.021218972 
755 179 29 35 0.020552054 
656 157 25 29 0.02033953 
925 453 9 11 0.02024133 
