12_Group_Team_Organized_Group_12_Group_Team_Organized_Group_12_583
20
812 294 61 76 0.9965352 
571 221 24 31 0.96237755 
921 245 39 48 0.9540625 
525 280 39 50 0.9310093 
830 173 24 30 0.9248945 
257 229 51 59 0.85036874 
435 216 23 30 0.76762336 
702 145 21 26 0.764123 
145 44 32 36 0.7077452 
992 153 25 33 0.6322412 
829 223 29 36 0.45718578 
665 192 26 32 0.45239538 
533 135 24 29 0.35883906 
361 73 22 26 0.13219297 
554 212 43 54 0.07466401 
472 20 50 69 0.059528917 
391 175 22 27 0.03742043 
544 223 25 31 0.027970944 
611 149 33 38 0.023022832 
456 234 30 37 0.020038744 
