12_Group_Team_Organized_Group_12_Group_Team_Organized_Group_12_283
135
235 346 25 31 0.9967339 
558 238 23 29 0.9911641 
134 331 26 32 0.99039966 
432 244 22 30 0.98985755 
233 256 23 28 0.98923254 
360 340 23 27 0.98489606 
442 328 21 29 0.9845488 
573 356 23 29 0.98445094 
330 258 18 24 0.9815886 
64 321 22 28 0.9796012 
587 235 20 27 0.9795491 
735 229 18 23 0.9765172 
460 251 19 24 0.97645944 
768 242 20 26 0.97487974 
800 241 19 24 0.97438157 
386 228 19 24 0.97084975 
668 234 17 22 0.97023106 
888 265 21 27 0.9683756 
671 270 20 25 0.96635437 
653 259 18 23 0.966208 
481 214 18 22 0.96441776 
297 348 21 28 0.96423864 
305 265 19 25 0.95450807 
283 232 17 20 0.9518655 
518 346 21 27 0.95099455 
265 249 20 25 0.9492999 
671 356 22 26 0.94579875 
355 264 18 23 0.94497114 
478 268 20 26 0.9412582 
69 233 22 28 0.939264 
733 284 21 26 0.9355245 
845 247 20 26 0.93320864 
625 260 18 24 0.93236977 
613 232 19 26 0.92622596 
134 235 16 20 0.9019165 
825 246 20 26 0.90050745 
522 260 15 21 0.8861853 
391 258 18 22 0.8736175 
701 230 15 18 0.868197 
646 234 13 17 0.8675755 
96 260 18 22 0.86227316 
217 228 17 23 0.85549206 
176 227 14 17 0.84787285 
521 221 16 20 0.8434661 
470 234 16 19 0.8278542 
318 220 12 16 0.8242469 
336 240 17 20 0.8128767 
360 243 18 22 0.7894618 
710 246 16 20 0.7752727 
148 251 15 20 0.748993 
176 263 20 22 0.73995477 
410 243 20 25 0.6972691 
205 240 15 19 0.6843635 
249 234 14 18 0.65147376 
954 265 16 20 0.6242207 
110 239 17 20 0.6184245 
303 250 15 18 0.48871908 
309 233 13 16 0.41701394 
541 251 14 18 0.27135488 
678 300 13 16 0.22333634 
788 360 12 13 0.11178485 
599 439 9 11 0.10432926 
710 382 13 15 0.09882239 
432 314 36 45 0.089400865 
639 235 15 18 0.08899412 
756 534 12 14 0.08619503 
345 238 20 27 0.08215645 
363 238 13 17 0.080134444 
307 246 13 15 0.05961991 
397 355 13 16 0.059426356 
527 377 13 18 0.059161805 
636 242 14 17 0.053653147 
362 293 14 17 0.052730355 
304 230 13 17 0.051743127 
655 283 12 16 0.049109735 
150 334 21 27 0.04894749 
651 580 12 15 0.04763774 
528 244 13 16 0.047461323 
535 249 14 19 0.04667959 
594 439 9 11 0.045587253 
636 250 14 19 0.041410673 
47 259 10 12 0.040662378 
150 314 11 15 0.040477585 
869 227 12 15 0.03958712 
322 225 12 16 0.038755476 
237 408 13 17 0.03863446 
832 250 20 25 0.037700556 
292 258 13 19 0.037213508 
628 358 13 15 0.03700334 
209 255 16 20 0.0366161 
162 337 15 19 0.036267277 
940 301 9 11 0.036105476 
363 231 15 17 0.03604608 
466 240 19 23 0.03313734 
110 231 15 18 0.032713734 
296 284 10 15 0.032654494 
105 238 12 17 0.03242573 
693 91 362 445 0.032052215 
273 241 20 25 0.031441454 
575 456 11 13 0.030801428 
703 239 19 23 0.029881218 
338 212 10 13 0.02976476 
412 343 10 13 0.029511089 
494 252 13 15 0.02832234 
734 374 10 13 0.028224027 
301 257 16 21 0.02732427 
464 258 22 28 0.02725482 
475 222 20 24 0.026797283 
308 349 21 27 0.026632763 
34 303 23 33 0.025578074 
122 236 18 24 0.025086228 
24 284 9 12 0.024904879 
93 243 14 17 0.024648184 
150 263 13 17 0.024624515 
351 226 13 17 0.024476685 
95 324 27 31 0.024078675 
462 327 15 21 0.023717146 
260 272 440 603 0.02370905 
714 239 15 20 0.023576705 
335 230 12 14 0.023554068 
317 436 9 12 0.023509827 
358 228 13 16 0.023387114 
284 371 12 15 0.022837598 
484 234 14 17 0.022463324 
712 266 11 14 0.022452611 
741 392 8 11 0.022254294 
327 349 12 17 0.021968482 
323 317 21 26 0.02178957 
854 230 10 12 0.021548957 
757 375 9 12 0.02151848 
524 230 16 19 0.021402298 
684 227 15 19 0.0211813 
451 325 22 28 0.021021184 
276 445 12 15 0.020937031 
348 236 12 18 0.020695562 
