12_Group_Team_Organized_Group_12_Group_Team_Organized_Group_12_653
27
844 191 36 46 0.9989625 
799 196 34 41 0.99858236 
314 229 38 47 0.9971239 
593 372 44 58 0.9962775 
526 322 33 42 0.9962136 
654 330 37 47 0.99490887 
948 375 45 57 0.9948891 
242 359 43 55 0.99351573 
385 289 38 48 0.99280095 
200 180 39 53 0.99198747 
427 387 42 55 0.99140817 
326 305 42 53 0.98946756 
75 169 43 53 0.98769754 
769 362 44 52 0.98687255 
947 563 24 28 0.193835 
912 385 28 39 0.16082296 
821 191 35 49 0.09579027 
738 267 40 46 0.07729413 
258 311 37 49 0.049585428 
531 485 46 55 0.03775109 
662 463 44 59 0.026566554 
896 277 33 40 0.025150867 
715 382 24 29 0.024644691 
757 365 16 23 0.024349045 
679 575 46 65 0.022866575 
738 285 18 24 0.022186246 
674 245 15 18 0.020596866 
