12_Group_Group_12_Group_Group_12_112
59
862 152 32 40 0.9993376 
319 458 36 41 0.9989837 
187 483 34 38 0.9989379 
786 122 33 41 0.9987908 
86 301 33 40 0.9986609 
258 117 36 41 0.9981673 
641 485 34 38 0.997985 
786 455 35 40 0.99788326 
721 454 34 37 0.9978015 
364 153 34 37 0.99756336 
456 478 37 41 0.99723697 
924 318 34 41 0.99622935 
265 239 33 36 0.99612844 
487 262 37 42 0.9960186 
370 319 32 35 0.9960031 
792 198 35 38 0.9959455 
673 277 30 34 0.9955693 
258 316 34 39 0.9953383 
543 480 35 40 0.9953296 
149 231 33 40 0.9948245 
581 144 31 38 0.9944484 
526 213 34 40 0.9942683 
181 306 38 43 0.9942661 
468 149 33 39 0.99398005 
701 205 32 41 0.99250597 
580 255 35 42 0.99203277 
742 317 34 41 0.9918166 
852 245 34 41 0.99180555 
364 264 29 36 0.99076086 
145 174 33 37 0.9894951 
728 248 33 38 0.9893963 
448 238 33 37 0.98702973 
233 273 35 40 0.9852881 
611 239 31 35 0.94945943 
400 255 28 33 0.90555 
701 161 36 41 0.88942695 
581 213 24 29 0.6249249 
381 258 27 35 0.10810865 
229 603 13 17 0.10355349 
596 209 25 31 0.07410109 
974 484 13 18 0.0506803 
509 194 12 17 0.050472837 
361 291 42 51 0.045446776 
398 511 36 46 0.043799333 
699 177 36 48 0.042319845 
718 155 15 18 0.03899888 
392 248 26 31 0.03756342 
471 243 38 51 0.035099346 
580 231 36 42 0.03499074 
354 308 46 58 0.028987003 
787 423 18 21 0.025247395 
151 743 28 27 0.02304419 
596 226 35 40 0.022340877 
241 728 9 12 0.022249185 
972 492 14 21 0.022022968 
415 436 27 47 0.021867616 
953 719 47 46 0.021591611 
292 340 33 37 0.021286143 
788 410 15 17 0.020566272 
