12_Group_Large_Group_12_Group_Large_Group_12_315
169
495 380 30 37 0.9977235 
754 268 29 37 0.99717724 
648 304 28 36 0.9964637 
368 359 26 30 0.9963967 
600 302 26 32 0.9963397 
794 259 27 34 0.99602 
258 408 23 33 0.9954348 
693 412 34 40 0.9948763 
579 406 32 43 0.9943634 
181 408 24 31 0.99200785 
899 350 15 20 0.9913873 
683 275 25 32 0.9906651 
479 330 22 30 0.989431 
535 330 22 30 0.9891459 
808 385 38 50 0.9877017 
118 345 22 27 0.9828188 
116 424 26 32 0.9809538 
354 279 15 19 0.97626036 
950 448 22 29 0.9761427 
498 270 18 22 0.97400993 
157 340 20 27 0.9697777 
186 340 21 28 0.9658621 
335 380 20 27 0.9655794 
227 333 21 27 0.95716596 
294 359 19 24 0.9555203 
406 297 15 19 0.95542186 
504 314 21 27 0.95473975 
490 304 16 21 0.9531374 
880 391 23 28 0.9513729 
927 409 19 25 0.9513342 
453 283 13 17 0.9501546 
429 349 19 23 0.94994766 
954 384 17 22 0.9493606 
322 351 17 21 0.94266975 
310 278 18 22 0.9368028 
387 289 15 20 0.9346902 
447 329 18 23 0.930975 
390 314 14 19 0.9261991 
370 320 18 23 0.90615 
286 315 17 22 0.90421724 
862 411 20 26 0.8940975 
192 317 19 22 0.8865703 
268 338 16 23 0.87609345 
476 262 14 19 0.87545955 
382 269 12 17 0.8508107 
481 220 12 15 0.8457376 
884 420 21 25 0.8263759 
554 236 14 19 0.8204357 
397 259 13 16 0.789172 
431 316 14 18 0.7890881 
456 234 13 16 0.7661285 
455 214 11 15 0.75379884 
495 242 14 18 0.7485064 
537 254 14 19 0.69404155 
435 225 14 16 0.69122 
508 230 11 13 0.62145984 
134 329 16 20 0.6203305 
210 340 16 21 0.57706434 
581 219 11 15 0.56318825 
519 211 10 13 0.5320854 
570 238 14 18 0.50734663 
349 308 16 20 0.46557015 
527 235 11 14 0.4354558 
566 200 8 10 0.39488694 
611 164 11 15 0.3716091 
499 214 9 12 0.35773128 
752 132 7 10 0.3185397 
871 414 21 27 0.31191853 
420 241 12 15 0.2724708 
594 188 9 12 0.27233782 
723 136 8 10 0.25795957 
798 136 9 12 0.24172683 
703 143 11 13 0.23730008 
729 149 10 13 0.18386018 
446 261 11 15 0.18142436 
838 60 10 13 0.16622087 
182 501 11 15 0.16180938 
608 203 10 13 0.16024381 
596 214 10 13 0.14061803 
414 268 13 17 0.12086307 
318 326 14 19 0.115438454 
670 167 9 12 0.11427883 
812 128 8 10 0.108931676 
536 212 10 13 0.10536066 
657 182 11 15 0.10457212 
773 138 8 10 0.0941755 
495 304 21 25 0.0919905 
612 216 13 16 0.08627456 
476 243 11 13 0.08532003 
693 171 9 11 0.08028353 
293 417 17 20 0.07025123 
377 314 19 25 0.06940723 
779 155 13 15 0.06584529 
680 164 9 12 0.06423989 
173 329 14 19 0.06418912 
975 434 16 18 0.06382144 
664 144 10 12 0.062020116 
542 291 21 27 0.060576536 
609 181 11 14 0.060019437 
252 343 17 21 0.05986309 
725 139 12 15 0.059379797 
697 142 10 12 0.05858549 
613 254 15 19 0.05801976 
558 310 19 27 0.05590652 
573 283 11 14 0.054010022 
502 237 11 15 0.04851284 
522 238 9 12 0.04787377 
686 166 9 12 0.046663225 
218 339 18 25 0.0429517 
679 148 8 10 0.042607114 
749 140 10 14 0.04060305 
907 398 17 20 0.040316112 
655 160 10 13 0.04005225 
562 309 13 17 0.039617617 
316 378 14 17 0.038150214 
313 322 14 19 0.035955966 
341 343 15 20 0.035122145 
556 213 10 12 0.033901587 
345 312 13 17 0.03293128 
384 265 19 23 0.03225439 
523 212 11 14 0.031235287 
462 254 10 12 0.030892659 
473 240 10 13 0.030776335 
267 376 14 19 0.030484993 
809 131 10 13 0.030205784 
214 552 14 16 0.030001407 
670 159 10 14 0.029622829 
891 390 24 29 0.029488826 
420 247 13 16 0.029234104 
604 256 24 29 0.029138861 
742 156 10 14 0.02720681 
830 78 13 17 0.027041262 
566 277 13 17 0.02665361 
589 219 11 14 0.02657653 
584 205 8 10 0.026508378 
440 268 9 13 0.026330233 
554 269 14 16 0.02586054 
792 155 9 13 0.025730833 
575 200 8 10 0.025549486 
408 268 12 15 0.025375828 
376 271 14 19 0.025073746 
665 165 10 13 0.025043646 
608 210 13 17 0.02498854 
905 408 17 21 0.024932938 
557 300 14 19 0.024464287 
732 143 11 15 0.024052177 
539 217 12 16 0.023940297 
117 326 11 14 0.023547072 
669 147 11 13 0.023281356 
293 388 16 19 0.02317221 
439 276 9 14 0.022577211 
793 139 10 14 0.022389192 
329 348 14 19 0.022152407 
518 244 10 13 0.022129891 
246 334 11 17 0.022038216 
743 150 10 12 0.02191562 
733 154 11 14 0.021708379 
212 492 16 23 0.02161119 
733 115 10 13 0.021586169 
421 297 13 17 0.021448534 
592 207 8 10 0.021344839 
693 195 12 14 0.02101337 
759 151 11 13 0.021005372 
564 301 12 17 0.020791313 
487 243 12 16 0.020722246 
463 260 11 15 0.020345159 
390 326 14 19 0.020307312 
463 307 12 15 0.020082202 
472 219 12 16 0.020051287 
