12_Group_Large_Group_12_Group_Large_Group_12_94
59
647 194 64 84 0.9988563 
656 113 53 65 0.9981785 
405 136 71 86 0.9978223 
824 106 58 74 0.99770075 
204 109 72 94 0.996012 
168 77 45 63 0.9955831 
375 64 59 74 0.9943816 
698 55 44 55 0.9911213 
360 6 48 58 0.9900831 
870 53 50 64 0.9870482 
709 0 43 44 0.9826689 
328 0 28 32 0.9123504 
471 7 29 32 0.13358271 
133 1 32 49 0.12951899 
346 0 41 54 0.12035592 
79 19 20 27 0.10687022 
175 1 54 36 0.09665623 
0 18 54 63 0.088050686 
919 31 12 16 0.08147524 
604 106 24 31 0.06265352 
330 111 41 51 0.05214842 
82 51 48 59 0.046866637 
530 13 29 41 0.046068735 
406 -5 34 36 0.043852694 
838 10 45 55 0.04241213 
845 0 25 28 0.03919402 
465 16 29 37 0.037735857 
516 -1 13 12 0.037321545 
291 0 28 26 0.036205538 
948 4 33 36 0.03359551 
74 4 74 66 0.03227772 
916 20 50 61 0.029292095 
697 2 15 16 0.029033821 
30 4 18 18 0.027482502 
755 55 40 52 0.027208658 
209 40 24 32 0.026689075 
535 55 26 30 0.024606157 
286 91 26 33 0.02453185 
936 6 49 60 0.024501026 
44 2 29 27 0.023613852 
779 140 44 65 0.02357486 
863 -1 29 33 0.023523012 
0 90 23 46 0.023318369 
779 1 20 18 0.023313295 
522 12 58 58 0.02257918 
338 4 27 35 0.022412099 
674 2 36 40 0.022376547 
305 5 46 50 0.022238685 
300 38 39 47 0.0222232 
951 2 15 17 0.022126442 
892 1 24 26 0.021458283 
0 114 11 19 0.021324448 
416 0 21 22 0.021144252 
692 4 35 41 0.021067467 
796 209 29 37 0.020745594 
513 102 43 52 0.020661155 
313 0 32 30 0.020455822 
514 2 15 18 0.02036784 
419 -1 38 36 0.020354696 
