12_Group_Team_Organized_Group_12_Group_Team_Organized_Group_12_850
33
468 154 133 181 0.9995498 
287 227 123 154 0.99864155 
671 264 33 47 0.99721766 
966 293 12 16 0.43496072 
925 274 16 18 0.3501981 
34 379 14 17 0.1537407 
1009 244 14 22 0.10664402 
679 124 12 16 0.07376348 
119 257 13 16 0.06537605 
380 55 15 21 0.06434485 
1 52 32 49 0.058557913 
969 296 16 19 0.056157526 
91 250 15 17 0.037637584 
3 84 67 146 0.03709854 
1013 268 9 15 0.029896872 
569 85 32 36 0.029380599 
116 267 14 18 0.028658694 
1004 292 22 36 0.028076207 
830 253 30 34 0.027546672 
367 62 23 27 0.026984258 
972 304 16 19 0.02576786 
959 294 15 20 0.024698976 
262 -2 76 71 0.02444365 
365 70 15 18 0.024349758 
217 248 43 66 0.023158308 
142 244 23 28 0.023106446 
144 246 12 16 0.022710623 
23 376 23 28 0.022599995 
958 271 15 19 0.021248978 
979 283 16 21 0.021107502 
59 258 14 18 0.021027744 
993 286 26 34 0.0209766 
1005 292 15 18 0.020974869 
