12_Group_Large_Group_12_Group_Large_Group_12_286
67
88 157 44 64 0.999114 
802 229 67 97 0.99828404 
0 194 29 38 0.99772435 
492 240 29 38 0.99630153 
287 155 41 55 0.99178493 
417 256 47 85 0.9517937 
1002 264 20 26 0.9466477 
596 247 21 29 0.8302611 
970 254 17 22 0.67603934 
267 220 33 62 0.64502877 
918 261 13 18 0.6005824 
722 247 19 24 0.55969036 
489 217 19 24 0.5349765 
566 260 12 15 0.3185764 
643 219 15 18 0.28752455 
398 215 27 30 0.2583517 
158 210 15 18 0.18704091 
353 157 17 20 0.12803484 
407 733 38 33 0.099028364 
571 256 14 16 0.07460662 
953 231 10 14 0.06462896 
411 213 15 21 0.059878804 
603 266 36 53 0.05916027 
748 234 52 70 0.058594722 
590 118 9 12 0.05040106 
147 203 25 32 0.04901746 
476 287 44 59 0.043361764 
144 189 14 16 0.04070289 
412 156 11 14 0.038269065 
511 217 13 19 0.036686845 
437 254 46 69 0.034342766 
279 228 49 65 0.03388444 
477 218 16 21 0.03380671 
540 266 10 13 0.03360742 
501 204 9 11 0.030666567 
977 254 15 19 0.030072557 
541 139 12 16 0.029327402 
803 195 12 17 0.029183371 
136 194 26 31 0.028993802 
909 259 12 16 0.02802941 
517 216 15 21 0.027950421 
324 196 11 15 0.027492391 
410 208 25 34 0.02657452 
568 262 19 21 0.02594598 
957 209 12 15 0.025506468 
657 108 10 13 0.025170352 
627 272 47 55 0.024997845 
836 653 12 15 0.024492627 
472 256 24 36 0.024017893 
902 257 13 18 0.023920998 
566 119 8 11 0.023865169 
972 219 14 18 0.02385514 
168 212 13 16 0.023644863 
481 219 23 32 0.022872895 
941 253 9 12 0.022865143 
9 29 369 472 0.022428732 
425 211 24 32 0.022203604 
485 132 10 13 0.021602843 
447 205 14 16 0.021445565 
395 213 19 23 0.02112321 
971 246 14 17 0.021097364 
989 253 11 16 0.020945605 
973 236 12 15 0.020460183 
500 214 13 18 0.020238265 
729 235 41 56 0.020102123 
576 258 15 18 0.02008286 
461 264 26 34 0.020068 
