12_Group_Group_12_Group_Group_12_912
21
408 140 35 44 0.9963152 
532 143 39 43 0.99436104 
696 178 38 47 0.99287367 
647 103 33 44 0.99116766 
305 118 36 46 0.99104357 
218 86 41 50 0.9900311 
286 194 39 51 0.9866894 
828 69 40 52 0.9830921 
380 245 41 51 0.98089874 
614 241 41 48 0.97412044 
489 244 39 50 0.9623882 
639 364 23 30 0.07293757 
420 220 27 41 0.04806125 
427 218 39 50 0.03465004 
623 367 22 27 0.03133551 
4 316 351 371 0.029023709 
428 146 25 32 0.028176643 
697 304 32 39 0.025595998 
619 176 40 51 0.025546037 
560 247 28 39 0.024784839 
652 80 16 19 0.022589307 
