12_Group_Large_Group_12_Group_Large_Group_12_662
54
808 301 43 40 0.9864 
228 231 15 19 0.8415543 
794 289 41 51 0.7367578 
393 209 23 30 0.6273731 
789 297 25 39 0.5340878 
440 272 21 27 0.34174827 
565 295 16 20 0.24011597 
357 245 14 19 0.21345532 
51 225 25 30 0.108023115 
558 323 30 47 0.09906071 
243 232 13 18 0.0858875 
143 265 420 555 0.06538479 
399 212 30 35 0.064335056 
257 249 13 17 0.053435784 
883 325 38 48 0.039521154 
319 227 13 16 0.036423963 
389 222 18 22 0.033827193 
63 222 12 17 0.03250475 
481 308 10 14 0.03228959 
411 229 17 23 0.030852558 
475 440 16 19 0.029414356 
-58 254 432 609 0.028239006 
1005 203 18 30 0.027611198 
46 234 18 20 0.027450938 
556 293 19 23 0.026658723 
235 235 17 22 0.026599862 
3 254 25 31 0.026411999 
351 246 24 29 0.02640134 
427 259 25 35 0.02636695 
36 229 31 34 0.02589591 
940 146 19 23 0.025855215 
82 184 8 10 0.025184916 
537 328 45 55 0.024827912 
326 181 9 12 0.02432193 
351 338 11 14 0.024146039 
1 227 10 16 0.024079554 
942 165 12 14 0.023995088 
251 234 13 19 0.023485515 
321 218 16 18 0.023453288 
258 219 24 28 0.023323063 
821 546 45 74 0.023205917 
825 573 68 87 0.022427773 
217 229 24 28 0.022381898 
324 233 13 17 0.022039719 
254 240 23 29 0.022006672 
349 272 15 16 0.021116083 
321 309 26 35 0.021006415 
332 260 14 20 0.020968836 
834 617 65 66 0.02046343 
53 220 15 19 0.02044827 
323 227 24 30 0.020289892 
257 262 25 33 0.020221187 
101 254 23 27 0.020021187 
548 298 19 21 0.020019446 
