12_Group_Team_Organized_Group_12_Group_Team_Organized_Group_12_186
78
224 201 28 38 0.9991373 
823 197 30 38 0.9991002 
469 308 28 36 0.9990115 
192 175 28 37 0.9989912 
112 171 27 36 0.99888355 
656 368 28 35 0.998836 
308 382 29 33 0.9988086 
68 156 32 39 0.99868804 
367 192 26 34 0.9980804 
14 181 29 35 0.9980211 
296 270 27 33 0.9979609 
900 194 28 33 0.99795485 
716 353 29 35 0.9978186 
327 155 24 32 0.9978059 
339 312 26 33 0.9977391 
448 392 30 38 0.9975948 
401 145 25 35 0.9974481 
560 195 25 33 0.99724066 
696 218 27 34 0.99714905 
971 342 29 39 0.9970872 
530 344 28 35 0.9970125 
598 361 27 34 0.996949 
395 368 28 36 0.9966067 
600 186 24 31 0.99575776 
673 195 26 32 0.99572796 
763 155 23 30 0.9956577 
460 191 25 30 0.9956359 
516 194 23 30 0.9950493 
200 358 33 41 0.9948992 
754 224 27 35 0.9945234 
162 146 28 33 0.99420506 
860 327 29 38 0.99413526 
269 196 25 32 0.99408495 
146 192 30 35 0.9936091 
583 155 23 31 0.9932822 
494 165 24 28 0.99115026 
363 158 24 30 0.9897106 
626 206 25 30 0.9886479 
719 175 23 30 0.9867865 
252 148 23 27 0.98383594 
282 168 24 27 0.9801773 
675 155 21 27 0.97571903 
576 111 20 29 0.97514105 
723 144 22 25 0.9737968 
449 163 19 25 0.9591475 
512 101 22 26 0.9226064 
775 442 31 38 0.4951415 
418 340 17 22 0.15827747 
387 461 17 21 0.15314719 
547 187 14 18 0.10932002 
678 419 31 32 0.09123303 
350 147 14 17 0.09099044 
857 200 19 27 0.076445214 
481 381 31 38 0.07494729 
307 162 16 22 0.0493874 
314 211 26 31 0.043545984 
219 159 26 32 0.04220944 
400 343 18 22 0.041297015 
614 148 24 28 0.037675146 
356 153 22 28 0.034235604 
340 273 14 21 0.028733697 
437 159 21 27 0.028573243 
981 292 10 12 0.028551975 
284 392 24 28 0.02832191 
387 82 40 55 0.027370458 
897 158 24 33 0.026610633 
980 309 13 16 0.026339268 
747 124 17 22 0.026204273 
363 265 40 52 0.02451791 
500 493 17 23 0.024271637 
583 69 9 13 0.023378635 
440 574 25 31 0.023302367 
427 158 18 24 0.022334164 
340 157 20 27 0.021721127 
234 164 15 19 0.02165331 
611 156 19 24 0.021250675 
625 149 15 19 0.020372408 
267 338 37 53 0.020151611 
