12_Group_Team_Organized_Group_12_Group_Team_Organized_Group_12_617
82
195 190 49 63 0.9982816 
563 156 40 50 0.9929028 
654 157 16 21 0.9888642 
907 193 46 52 0.9885563 
847 131 21 27 0.9743361 
756 167 18 23 0.96435523 
804 160 19 26 0.9381722 
357 228 21 27 0.9110538 
68 203 22 26 0.90699106 
277 178 13 18 0.891947 
980 159 16 21 0.8758279 
635 165 12 15 0.7945944 
384 158 12 16 0.75015295 
692 173 11 15 0.6378493 
297 165 17 21 0.43350795 
714 154 13 19 0.40570846 
250 200 24 30 0.34144706 
278 229 16 22 0.27534026 
400 196 10 13 0.27258173 
735 156 14 22 0.2510516 
351 172 12 14 0.21123463 
970 166 21 26 0.17255224 
349 179 12 14 0.1679221 
345 192 16 19 0.16461742 
60 189 38 47 0.1329441 
269 224 17 26 0.11939471 
962 172 22 30 0.10580046 
715 164 16 23 0.08677884 
396 174 11 14 0.08502657 
24 301 48 77 0.07049274 
283 169 19 24 0.063840754 
721 160 18 23 0.06260088 
259 221 20 27 0.062548056 
438 197 12 17 0.05853066 
427 202 14 18 0.057445955 
49 290 10 13 0.05464951 
309 156 10 14 0.048085343 
731 590 40 57 0.04692651 
309 226 11 15 0.044999525 
344 172 12 17 0.04396329 
791 589 47 76 0.0433217 
291 156 17 20 0.037743557 
138 196 27 47 0.037343644 
747 155 13 17 0.034198046 
4 259 28 38 0.033865303 
6 265 60 99 0.031065455 
621 179 15 21 0.030647796 
797 228 17 21 0.030639254 
697 170 15 18 0.029536255 
287 133 13 17 0.029380592 
374 190 9 11 0.029313615 
302 157 14 20 0.029206172 
586 396 11 14 0.028153067 
734 151 12 16 0.028059557 
333 54 10 13 0.02565872 
786 202 11 15 0.025354255 
734 614 50 52 0.0251588 
711 539 39 54 0.025044192 
717 143 12 16 0.024932032 
739 163 15 22 0.024723811 
5 275 17 21 0.02425721 
290 137 14 19 0.024214165 
438 190 11 14 0.024016945 
209 102 8 11 0.023778722 
293 196 10 14 0.023592748 
631 160 13 17 0.023495106 
966 158 34 49 0.023043169 
355 180 10 12 0.022824585 
360 22 8 10 0.022478092 
353 192 15 18 0.022012973 
761 151 8 12 0.021909637 
345 178 20 22 0.021544136 
241 185 30 41 0.021433732 
346 216 22 28 0.021388656 
409 215 9 10 0.021307241 
765 156 12 15 0.020869343 
369 189 10 13 0.02086774 
288 164 16 18 0.020808464 
290 146 17 19 0.020561123 
360 264 23 30 0.020250617 
688 165 19 24 0.020139521 
721 600 31 48 0.020032749 
