12_Group_Team_Organized_Group_12_Group_Team_Organized_Group_12_500
19
589 152 103 141 0.99951935 
224 162 99 122 0.99783164 
875 157 116 168 0.9977894 
398 113 134 186 0.99444723 
935 72 88 122 0.98451406 
93 242 24 31 0.21229838 
915 108 102 139 0.15865827 
726 224 39 49 0.119059995 
505 225 47 77 0.048282586 
455 94 128 199 0.04497525 
418 0 23 21 0.04322997 
102 162 25 30 0.042410046 
78 252 26 33 0.041265458 
70 250 23 30 0.028594373 
95 217 32 42 0.027285336 
796 514 49 49 0.02636222 
372 1 20 20 0.024706766 
354 29 23 28 0.022536885 
67 155 23 31 0.021155342 
