12_Group_Group_12_Group_Group_12_478
20
164 242 63 76 0.9943752 
330 283 73 98 0.97897094 
559 229 62 76 0.97290456 
430 269 69 90 0.95697016 
788 251 72 78 0.22310981 
648 337 86 112 0.047591254 
474 52 183 210 0.041889817 
791 125 99 116 0.03700764 
810 119 53 60 0.033291943 
71 475 42 46 0.031683356 
952 745 62 52 0.02665649 
66 501 15 19 0.024569888 
506 449 14 18 0.024568213 
773 211 119 119 0.023723839 
792 87 55 61 0.022353759 
60 485 30 38 0.02181533 
449 313 39 46 0.020850813 
515 143 100 131 0.02015932 
2 427 34 60 0.020020243 
465 277 51 71 0.020000326 
