12_Group_Team_Organized_Group_12_Group_Team_Organized_Group_12_60
33
822 71 56 69 0.99928147 
520 231 57 79 0.99909186 
416 259 51 68 0.9987631 
300 156 34 41 0.99867094 
197 185 49 60 0.99849486 
660 113 57 69 0.99789655 
446 170 35 45 0.99731064 
368 166 45 57 0.9971609 
654 180 56 77 0.9969704 
16 177 54 64 0.9963922 
522 154 43 57 0.9947978 
112 155 45 52 0.99414563 
594 151 40 46 0.9913967 
760 122 42 44 0.98757267 
185 149 37 41 0.9867078 
921 -2 85 62 0.9851518 
511 517 31 40 0.15473989 
171 571 14 19 0.06470731 
887 238 42 53 0.056880757 
389 267 44 57 0.055163834 
941 19 67 71 0.0520198 
659 141 59 78 0.045766935 
73 209 41 55 0.042430654 
106 588 14 18 0.04211719 
401 556 44 30 0.036796097 
984 156 28 35 0.036099643 
523 524 15 19 0.031476345 
403 532 67 64 0.031476058 
-63 276 440 590 0.030920416 
47 195 49 60 0.022079017 
954 2 48 41 0.021121303 
465 397 12 17 0.020950807 
964 200 54 85 0.020080553 
