12_Group_Group_12_Group_Group_12_247
23
530 138 33 43 0.99876416 
404 117 33 39 0.99592626 
119 173 49 69 0.9957585 
805 202 47 68 0.9943505 
789 331 48 93 0.98176813 
127 140 41 50 0.96749026 
439 375 60 85 0.20389137 
483 40 31 36 0.18703075 
462 180 47 62 0.15497158 
432 202 66 59 0.12391608 
746 319 53 70 0.0526453 
156 186 51 68 0.047943342 
34 306 424 459 0.031496108 
208 320 42 42 0.03129956 
764 318 59 91 0.029272668 
509 52 28 35 0.0289973 
552 196 53 72 0.026994087 
608 716 57 56 0.025381632 
790 227 27 43 0.02532489 
497 44 30 38 0.023752982 
177 196 52 67 0.02287587 
268 187 14 19 0.021448668 
283 193 17 21 0.021044014 
