12_Group_Team_Organized_Group_12_Group_Team_Organized_Group_12_21
41
263 322 39 42 0.9988913 
560 301 26 30 0.9960781 
355 298 26 31 0.9887707 
469 274 23 27 0.96076584 
518 320 23 26 0.72391826 
429 295 12 15 0.5261726 
382 289 15 21 0.117445886 
508 442 11 15 0.09358088 
435 341 22 30 0.089494735 
370 290 23 29 0.086910866 
465 22 430 511 0.07590887 
62 464 364 450 0.07564228 
434 298 12 16 0.07343976 
614 350 12 14 0.07197506 
364 459 13 19 0.058807995 
396 302 12 17 0.045996625 
253 340 558 494 0.042443287 
548 312 15 22 0.0413213 
384 294 19 24 0.03507908 
500 292 16 18 0.03377818 
437 305 11 17 0.030725216 
-90 393 386 592 0.029243058 
413 307 27 29 0.029130682 
413 310 11 13 0.026921408 
494 296 14 20 0.026469149 
-127 561 822 314 0.026437726 
359 450 21 33 0.02619784 
413 315 14 17 0.025685702 
101 260 157 273 0.025137257 
462 321 14 19 0.024525346 
586 315 13 17 0.023692507 
416 244 24 31 0.023649395 
530 317 22 28 0.022730641 
435 405 45 48 0.022634573 
208 487 13 16 0.022517124 
460 309 20 27 0.022511972 
349 281 29 38 0.021297665 
512 324 12 17 0.021039909 
495 299 22 28 0.020994622 
513 328 23 30 0.020603528 
407 327 25 30 0.020065447 
