12_Group_Large_Group_12_Group_Large_Group_12_86
114
965 407 9 12 0.58005667 
620 393 10 12 0.562249 
902 406 10 13 0.56152064 
918 406 11 15 0.44026387 
599 392 8 11 0.40719664 
876 378 11 14 0.34550333 
717 399 8 11 0.31626838 
463 355 12 18 0.29470196 
462 399 15 19 0.29314035 
510 404 12 15 0.23463035 
702 394 9 13 0.21428579 
338 368 16 21 0.18321303 
748 398 12 15 0.17128687 
930 414 9 12 0.14578459 
873 398 9 10 0.13730362 
504 407 10 14 0.1219058 
855 397 8 10 0.09206156 
345 370 15 20 0.09058654 
915 396 8 10 0.08670318 
574 459 8 11 0.08502572 
823 396 10 12 0.084642366 
264 382 9 10 0.07857318 
799 400 8 10 0.07713188 
850 398 7 9 0.074920915 
271 385 9 10 0.06739092 
638 393 9 10 0.066858806 
917 399 8 10 0.06648107 
732 397 10 12 0.062000375 
926 406 10 13 0.059537556 
45 360 9 12 0.05811395 
335 367 12 18 0.057973724 
685 437 9 12 0.049066175 
577 391 8 10 0.04862451 
975 407 9 11 0.04846479 
673 396 10 13 0.047734868 
42 363 8 11 0.047470428 
767 397 9 12 0.044791706 
932 418 10 13 0.04431446 
604 390 9 13 0.043773457 
594 390 9 13 0.043542884 
958 391 9 12 0.043037765 
959 395 9 14 0.042727504 
982 405 11 13 0.04155009 
877 416 16 21 0.041538123 
863 398 7 10 0.040399134 
274 388 8 11 0.03938484 
466 349 14 19 0.038738806 
581 390 9 12 0.038399346 
725 382 10 12 0.03803026 
920 380 10 12 0.036689226 
941 390 9 11 0.036183678 
359 373 10 13 0.035759814 
453 351 16 23 0.034110628 
816 416 8 10 0.03409875 
406 361 9 10 0.034017902 
656 444 12 17 0.033637222 
360 408 12 17 0.033084437 
975 413 9 10 0.03285278 
431 292 493 473 0.032260373 
455 382 10 12 0.031821117 
871 403 12 13 0.031668495 
336 375 13 18 0.030266734 
701 431 10 13 0.030098267 
591 408 7 10 0.030039681 
460 388 24 32 0.029473107 
417 428 11 14 0.028869463 
686 397 9 11 0.028816042 
210 376 9 12 0.028786346 
634 393 8 10 0.028381491 
943 397 9 11 0.027896319 
255 384 8 10 0.027809627 
263 373 10 14 0.027601853 
814 436 7 11 0.027147558 
965 400 11 15 0.025698984 
657 420 9 12 0.025460074 
913 406 10 14 0.025279917 
652 396 11 14 0.025123378 
476 364 10 14 0.02494647 
734 406 10 12 0.02490835 
248 384 9 11 0.024485879 
931 407 11 13 0.024232341 
662 416 8 12 0.02412366 
453 454 9 11 0.02411712 
168 372 8 11 0.02363004 
401 377 7 9 0.023607638 
985 399 10 13 0.023558522 
516 359 11 14 0.023463191 
277 366 10 12 0.02332998 
697 436 9 12 0.02329802 
270 373 9 12 0.023177637 
648 430 10 13 0.023172567 
260 366 12 14 0.023089888 
916 390 10 14 0.022980057 
955 391 7 11 0.022888504 
520 389 10 11 0.022853762 
406 375 8 11 0.022788579 
699 392 8 11 0.02264714 
830 419 9 12 0.022611648 
455 387 12 16 0.022321288 
758 397 10 12 0.02223225 
302 390 8 10 0.022200527 
798 422 10 11 0.021805052 
727 389 10 13 0.02163981 
146 390 8 10 0.021583183 
514 398 12 15 0.02147831 
709 477 8 10 0.021242706 
552 406 8 11 0.020879613 
937 383 9 12 0.020642841 
55 349 11 13 0.020531354 
719 392 9 11 0.020524587 
375 400 7 10 0.020416114 
736 414 9 10 0.020373313 
400 396 13 15 0.020073138 
776 399 8 10 0.020000905 
