12_Group_Large_Group_12_Group_Large_Group_12_15
33
636 330 30 38 0.99916923 
244 356 33 41 0.997695 
77 415 31 40 0.9969727 
519 392 31 38 0.99640286 
357 281 36 47 0.9961223 
764 267 35 45 0.996114 
516 258 35 46 0.99563724 
636 445 34 42 0.9956173 
860 437 31 39 0.9951225 
174 382 28 36 0.9946682 
139 323 38 50 0.994283 
805 426 33 41 0.9936645 
217 218 38 47 0.9926691 
408 368 44 55 0.99075294 
405 239 38 46 0.99068356 
736 342 30 39 0.98872656 
567 308 27 34 0.9883956 
306 195 40 52 0.98544496 
854 204 40 50 0.984886 
612 196 40 47 0.9826849 
532 298 406 519 0.03770659 
804 532 11 13 0.037251677 
560 441 15 17 0.03362567 
293 433 28 44 0.024704918 
798 478 45 57 0.02418322 
144 477 12 17 0.023367317 
144 430 40 49 0.02217913 
708 370 29 38 0.022150591 
578 345 39 48 0.021496942 
684 343 30 40 0.021465199 
633 285 45 55 0.02120403 
822 186 36 47 0.020783018 
769 438 28 34 0.02064221 
