12_Group_Group_12_Group_Group_12_153
69
393 316 246 314 0.99847084 
753 443 115 157 0.99723935 
186 535 83 124 0.99621373 
580 798 10 14 0.1493646 
301 716 11 14 0.14061426 
318 406 58 72 0.06257364 
637 675 176 282 0.058445133 
584 771 10 13 0.04708074 
526 734 9 11 0.043027535 
595 941 11 13 0.04231864 
716 631 11 13 0.04185259 
580 959 14 16 0.0377724 
560 760 8 10 0.03701838 
699 606 13 16 0.034524255 
607 806 13 16 0.034473136 
574 587 287 440 0.034011304 
496 794 11 13 0.033292215 
495 782 9 11 0.033162348 
490 742 13 17 0.032378428 
692 610 26 37 0.030326363 
500 790 11 15 0.03021275 
377 702 12 13 0.029793225 
515 750 13 17 0.029202199 
319 750 8 10 0.029082505 
502 767 10 13 0.028758045 
471 662 8 10 0.028238866 
502 725 8 9 0.027936384 
649 918 8 10 0.027894368 
725 596 10 13 0.027397014 
508 788 12 15 0.02697518 
581 792 10 13 0.026711429 
545 721 8 10 0.026633292 
527 790 9 12 0.026543496 
488 780 8 11 0.026301373 
564 759 10 11 0.026075538 
414 652 11 13 0.02604377 
487 776 8 10 0.025893578 
624 797 10 14 0.025824407 
569 819 10 13 0.02563587 
799 650 12 16 0.025419118 
539 795 14 18 0.025415719 
340 692 11 13 0.024836376 
464 789 10 12 0.02483467 
566 798 8 11 0.024708949 
527 727 8 11 0.024261566 
885 669 17 20 0.024124043 
599 780 11 13 0.024053518 
286 716 8 11 0.023777759 
359 697 8 9 0.023716828 
341 522 10 12 0.023493474 
553 709 8 11 0.023296686 
492 755 11 13 0.023004256 
559 710 10 12 0.02296477 
574 741 8 9 0.022313163 
613 798 13 16 0.02229082 
502 781 10 13 0.02228094 
593 740 9 13 0.022190686 
544 765 9 10 0.022189887 
510 782 11 13 0.021308433 
560 798 9 11 0.02122306 
597 788 12 14 0.020905795 
83 76 484 480 0.020623965 
701 620 24 31 0.020567399 
788 657 12 15 0.02056599 
337 519 11 13 0.02051812 
724 358 10 13 0.020504734 
625 686 7 8 0.020437554 
561 716 10 13 0.02024437 
610 764 9 10 0.020038763 
