12_Group_Large_Group_12_Group_Large_Group_12_212
22
476 706 97 129 0.99927765 
684 372 82 112 0.99751353 
269 354 88 109 0.9963813 
974 746 13 17 0.5962807 
10 595 23 39 0.5225439 
918 727 25 29 0.12034837 
935 775 15 18 0.11963376 
27 859 40 50 0.066822276 
907 774 16 19 0.06617566 
914 731 18 22 0.06026755 
336 1093 30 47 0.04010125 
918 743 16 19 0.036492497 
930 728 17 23 0.03591588 
870 743 15 18 0.035752706 
832 803 32 36 0.026816972 
591 374 36 35 0.024523064 
423 745 14 19 0.023915725 
607 372 13 15 0.023533378 
412 738 25 31 0.02174571 
155 797 25 30 0.021042438 
111 601 53 59 0.020448633 
944 -4 72 88 0.020218445 
