12_Group_Group_12_Group_Group_12_293
29
371 101 45 62 0.99598986 
904 136 44 57 0.9952336 
521 139 55 66 0.99484044 
648 87 27 36 0.98491204 
108 144 57 51 0.9728914 
6 82 31 39 0.96551716 
575 124 41 55 0.9577658 
755 148 35 48 0.9103362 
824 157 36 47 0.82153046 
660 157 25 29 0.7868065 
767 144 50 61 0.0857178 
652 166 15 19 0.040814802 
516 298 71 66 0.04080103 
602 180 21 29 0.037905004 
210 371 14 16 0.031261813 
-1 183 55 110 0.029556429 
5 314 9 12 0.029072553 
552 115 49 67 0.028604541 
0 219 26 57 0.02856754 
685 106 20 27 0.028296342 
-2 88 24 36 0.026685135 
607 123 30 38 0.0250495 
22 -37 397 453 0.02434342 
744 532 136 119 0.023507202 
672 155 18 26 0.023167592 
97 334 37 31 0.02315016 
610 145 14 19 0.023068435 
917 590 63 51 0.02179593 
341 106 30 38 0.02092741 
