12_Group_Large_Group_12_Group_Large_Group_12_607
23
372 338 21 28 0.9178224 
336 345 21 27 0.89925975 
572 178 17 19 0.8069696 
616 353 22 26 0.76221853 
538 339 22 26 0.581567 
589 352 12 17 0.06831721 
605 418 12 14 0.040617384 
596 197 12 17 0.039430454 
379 334 14 19 0.03831811 
433 448 9 11 0.036988284 
140 373 40 49 0.033623964 
471 214 14 16 0.031525694 
454 331 17 21 0.03081328 
94 298 10 14 0.02794283 
368 343 15 21 0.02672653 
634 585 13 16 0.025749885 
467 417 28 32 0.025134027 
400 456 8 9 0.023357982 
590 203 13 16 0.022288568 
501 373 14 17 0.021880588 
185 579 67 65 0.021083515 
608 595 45 44 0.021034136 
313 391 25 31 0.020120068 
