12_Group_Team_Organized_Group_12_Group_Team_Organized_Group_12_138
18
139 430 66 78 0.9989164 
765 967 63 82 0.99798954 
876 1002 60 73 0.99731183 
103 897 88 109 0.9965348 
513 432 29 39 0.9957689 
216 948 92 106 0.9951066 
423 407 46 56 0.99394506 
236 526 57 81 0.99242604 
573 399 44 61 0.98314226 
386 426 31 42 0.9786097 
762 414 44 57 0.9760258 
834 405 39 48 0.9753643 
398 421 38 51 0.033178966 
61 808 27 33 0.029108608 
166 935 58 85 0.0221492 
289 515 50 65 0.021440603 
832 963 39 53 0.02017787 
236 871 21 28 0.020047897 
