12_Group_Team_Organized_Group_12_Group_Team_Organized_Group_12_171
59
358 291 28 31 0.9980673 
94 183 50 65 0.9976165 
489 246 26 29 0.9904715 
581 234 22 31 0.98634386 
646 224 23 27 0.96034986 
726 233 15 20 0.9586506 
412 256 24 28 0.8193798 
284 245 28 29 0.80615354 
852 236 15 22 0.49184588 
193 254 31 30 0.44441628 
-1 314 23 37 0.22803245 
279 221 41 52 0.1922119 
826 235 27 36 0.17550969 
823 234 51 67 0.1362162 
509 210 27 38 0.06538057 
463 269 12 14 0.059178893 
662 259 34 44 0.056222934 
211 250 17 27 0.046170373 
19 230 17 21 0.046103466 
811 222 46 57 0.042112224 
828 258 57 65 0.041419275 
828 241 16 21 0.040909503 
808 214 89 110 0.039839093 
465 213 35 45 0.035652786 
0 150 8 14 0.03515106 
412 338 37 55 0.034185387 
286 362 22 31 0.03393637 
1 504 45 72 0.03360302 
578 225 38 48 0.033457242 
445 267 37 51 0.033049982 
838 238 25 36 0.03304227 
792 201 17 22 0.031968 
169 209 42 49 0.03127206 
58 244 40 49 0.031252343 
430 211 31 39 0.03063564 
438 310 22 29 0.03059322 
347 294 28 35 0.030404301 
605 245 16 23 0.030137794 
509 212 15 19 0.028817317 
14 301 43 62 0.028043903 
389 263 9 12 0.027962526 
264 269 12 15 0.027845068 
212 404 28 35 0.026287975 
475 226 32 41 0.025109094 
0 303 37 57 0.024707478 
852 246 17 22 0.024676565 
48 229 40 50 0.024632838 
504 223 27 37 0.024419807 
477 250 26 31 0.023840446 
335 279 45 61 0.02231026 
426 265 42 58 0.021911109 
291 351 31 40 0.021640755 
802 224 25 33 0.021529656 
425 301 39 55 0.020943064 
599 221 24 28 0.020930147 
321 136 10 11 0.02091446 
69 105 364 457 0.02069858 
45 246 28 39 0.020402988 
641 232 13 18 0.020302877 
