12_Group_Team_Organized_Group_12_Group_Team_Organized_Group_12_412
42
554 232 36 44 0.9963715 
761 179 33 41 0.9950643 
704 200 39 45 0.9935701 
386 220 40 48 0.9923225 
780 57 32 39 0.9856243 
233 199 38 52 0.97857064 
579 401 43 57 0.9785525 
495 227 37 48 0.97769654 
603 332 37 49 0.9757631 
330 218 38 45 0.97006094 
117 192 32 40 0.96603185 
890 223 38 47 0.9568494 
141 217 35 47 0.93816614 
965 134 39 52 0.93481475 
662 224 34 41 0.93375206 
3 206 41 43 0.8995895 
495 174 32 41 0.89924675 
908 207 34 41 0.2936233 
588 222 29 41 0.24190696 
475 239 16 26 0.17739473 
208 206 16 21 0.14018041 
294 172 13 16 0.101634316 
611 170 14 19 0.06949591 
286 236 32 53 0.06655785 
350 215 39 54 0.042413257 
647 227 28 37 0.036098517 
500 322 47 65 0.03034118 
635 233 22 29 0.029081494 
905 -3 47 45 0.027812006 
686 424 42 55 0.027633393 
815 229 38 49 0.025371382 
125 201 39 51 0.02529751 
915 209 21 24 0.024596946 
291 167 21 27 0.024160186 
467 461 43 38 0.023941413 
571 316 35 42 0.023515115 
405 273 30 36 0.022762386 
708 260 16 22 0.022736466 
630 237 14 17 0.022681104 
493 179 19 22 0.020790866 
709 173 12 15 0.020514177 
265 197 31 46 0.020242369 
