12_Group_Group_12_Group_Group_12_268
40
151 263 29 38 0.99826235 
218 210 34 41 0.9980032 
104 245 35 43 0.99744165 
701 191 33 42 0.9972211 
758 210 32 44 0.99719536 
571 222 33 44 0.9968605 
808 225 28 37 0.9965481 
625 220 35 44 0.996461 
458 326 36 47 0.99598616 
586 363 36 46 0.99522436 
444 216 34 44 0.995181 
707 382 38 47 0.99507385 
914 320 35 45 0.99462694 
305 244 29 34 0.99384403 
726 262 35 42 0.9935588 
367 207 35 42 0.9932641 
853 229 35 43 0.99285054 
895 209 35 45 0.99190193 
485 191 35 45 0.9916558 
245 348 36 45 0.99070686 
809 393 41 49 0.9828636 
343 357 39 51 0.978227 
241 92 23 26 0.9756629 
155 346 41 53 0.94213724 
604 199 30 43 0.79478407 
426 165 26 31 0.59002364 
156 219 15 18 0.29922408 
771 429 21 30 0.13695207 
221 295 24 26 0.09585237 
300 401 16 19 0.075286575 
616 213 32 42 0.04888338 
862 366 15 18 0.048646152 
879 378 12 14 0.04841388 
879 209 34 51 0.03615396 
588 216 29 38 0.027825126 
290 382 15 19 0.0233533 
860 385 16 24 0.022701668 
277 320 37 47 0.021156417 
523 243 39 47 0.020153698 
150 222 25 30 0.020131525 
