12_Group_Team_Organized_Group_12_Group_Team_Organized_Group_12_855
48
806 279 30 34 0.99708194 
746 280 26 31 0.9824979 
887 239 32 39 0.96594906 
674 281 26 32 0.8864538 
724 247 25 30 0.8588153 
827 339 23 32 0.69746786 
734 249 25 31 0.63066703 
915 311 20 27 0.35745335 
800 370 36 41 0.31712946 
351 407 10 13 0.30451053 
922 310 51 74 0.2147955 
905 299 46 63 0.20928599 
808 351 18 22 0.16722178 
804 356 27 32 0.13998608 
743 255 25 30 0.13224702 
818 345 20 29 0.09971672 
537 445 9 12 0.06778238 
317 387 19 21 0.06291686 
626 263 43 51 0.050945476 
724 244 17 21 0.050940588 
936 492 11 14 0.0501195 
45 262 435 586 0.041754987 
902 308 13 16 0.037482172 
752 251 17 23 0.036933996 
278 381 25 28 0.033034597 
738 268 27 34 0.031581588 
898 260 19 23 0.030875513 
910 314 14 18 0.029487295 
345 409 13 16 0.029372068 
359 456 12 13 0.02798989 
819 336 39 50 0.027266901 
748 245 16 19 0.026878681 
796 347 21 29 0.026749736 
76 472 12 14 0.026067257 
715 354 23 29 0.025542533 
169 396 13 16 0.025177788 
895 310 25 31 0.02504351 
221 266 21 26 0.02488647 
890 237 17 20 0.024242416 
648 338 13 18 0.02408564 
662 337 14 17 0.023526667 
948 318 45 77 0.023037245 
730 270 18 22 0.022106403 
725 239 13 15 0.021820309 
656 329 23 30 0.021412537 
279 381 14 17 0.021136569 
666 337 23 29 0.020811727 
706 250 13 17 0.020605871 
