12_Group_Team_Organized_Group_12_Group_Team_Organized_Group_12_418
226
301 368 26 32 0.9958276 
470 375 25 33 0.99324954 
404 259 23 32 0.9892889 
169 354 21 29 0.98798454 
393 401 23 30 0.98548174 
717 212 16 21 0.98095727 
315 282 23 29 0.9793596 
154 171 16 21 0.97580963 
658 304 21 28 0.9754204 
27 209 22 25 0.9667181 
134 192 16 20 0.9557904 
257 224 16 20 0.95257306 
563 220 16 21 0.9513038 
620 217 16 18 0.9484232 
188 186 16 21 0.9447484 
634 362 22 29 0.9355885 
509 209 17 22 0.93189234 
247 185 18 20 0.9307338 
558 368 24 28 0.92545724 
599 194 15 19 0.92157084 
361 228 14 19 0.91794294 
304 202 19 26 0.91733766 
806 181 17 23 0.9168557 
149 215 18 24 0.9111769 
237 350 24 28 0.89713156 
515 289 19 23 0.8933624 
456 218 16 19 0.8933573 
405 162 15 18 0.88035816 
268 135 13 16 0.87896943 
461 138 12 16 0.8744362 
380 145 13 16 0.8510706 
205 206 17 20 0.84163624 
650 106 13 17 0.8352747 
407 220 15 20 0.8164598 
310 182 12 15 0.81488585 
666 210 16 21 0.8090658 
404 190 14 16 0.784641 
102 173 16 20 0.77300054 
621 171 12 16 0.7296858 
207 169 15 17 0.6862048 
93 227 17 21 0.61926407 
121 140 15 18 0.5954148 
326 141 11 15 0.57674396 
552 185 13 17 0.5763889 
410 73 13 17 0.54364306 
649 188 13 17 0.53453505 
360 137 12 17 0.45614558 
319 83 14 18 0.45521545 
541 196 9 13 0.438849 
282 86 12 15 0.43120876 
698 187 12 17 0.4247447 
240 76 11 15 0.34188566 
646 158 10 13 0.325186 
553 162 10 13 0.3037455 
610 143 10 14 0.27566206 
494 169 12 15 0.22107844 
430 475 11 14 0.20197766 
91 186 14 18 0.19525534 
578 172 11 14 0.19170216 
306 141 13 16 0.18642795 
371 475 12 16 0.18262117 
307 158 12 16 0.18208335 
532 141 10 14 0.18047772 
484 155 11 15 0.17910963 
427 142 12 15 0.16706957 
513 156 12 15 0.15604454 
598 162 11 13 0.15408541 
356 189 14 18 0.14621994 
751 201 12 17 0.14439617 
629 173 11 15 0.13216932 
451 188 13 18 0.12778889 
255 164 11 14 0.12522162 
140 148 10 13 0.121794 
637 175 10 13 0.12163541 
374 82 12 14 0.11909693 
521 174 12 15 0.112682365 
577 139 11 14 0.110053964 
523 324 13 18 0.10879973 
581 124 11 13 0.10195293 
295 35 13 16 0.09572925 
266 68 9 12 0.09355269 
222 157 12 14 0.09275041 
677 502 11 14 0.08616343 
358 180 13 17 0.08091468 
342 149 10 14 0.07933196 
358 173 12 15 0.075253345 
270 156 13 16 0.07244205 
190 170 39 49 0.07217709 
362 394 24 34 0.07188249 
597 444 14 16 0.07035615 
216 59 11 15 0.06805304 
499 190 12 16 0.06610402 
451 161 13 16 0.06505251 
61 275 14 16 0.062308107 
292 259 27 33 0.06156103 
89 308 15 20 0.05847858 
304 271 25 30 0.058405418 
96 177 18 24 0.057351768 
535 159 8 12 0.057017915 
251 298 13 16 0.056784548 
670 166 11 15 0.055010915 
612 247 28 39 0.054518104 
174 161 15 20 0.05154304 
176 155 13 15 0.04976251 
579 132 14 19 0.048357837 
366 123 13 15 0.04834037 
277 175 11 15 0.047520358 
222 76 14 19 0.047507778 
342 173 11 14 0.046784103 
345 143 10 13 0.04658413 
837 358 34 49 0.046560545 
629 291 14 18 0.046165712 
349 141 10 14 0.04548774 
423 145 12 16 0.04426892 
439 180 11 15 0.042972267 
584 158 8 11 0.042910807 
334 266 17 21 0.041948296 
87 228 14 19 0.041166555 
373 92 12 15 0.040546007 
411 158 14 17 0.03969833 
325 361 13 17 0.03894414 
358 166 11 13 0.037977587 
389 84 11 16 0.03667224 
436 159 10 13 0.03653493 
632 238 10 13 0.036494303 
205 101 9 13 0.03571725 
503 143 9 12 0.03543591 
162 253 15 18 0.035125434 
388 164 10 13 0.034520555 
298 54 9 12 0.03348754 
594 240 16 20 0.032249097 
134 143 12 16 0.031348877 
468 189 12 16 0.030866709 
557 95 12 14 0.03063331 
445 242 16 20 0.030494312 
16 44 9 12 0.030479774 
615 236 12 16 0.029863918 
435 57 13 18 0.029461538 
21 228 10 15 0.028487206 
493 201 11 15 0.028449884 
223 463 9 12 0.028307805 
446 132 12 15 0.028163401 
604 95 12 16 0.028031286 
399 138 11 15 0.028004523 
136 257 23 28 0.027883023 
384 234 10 14 0.027822321 
617 165 12 15 0.02766929 
302 94 10 12 0.027288562 
577 157 9 11 0.02710169 
385 43 12 16 0.026907008 
457 272 22 23 0.02687412 
199 171 14 17 0.026845165 
484 29 12 15 0.02668492 
248 62 9 12 0.026648864 
694 269 13 17 0.02635503 
211 76 16 19 0.026214782 
722 322 35 49 0.02555193 
312 85 11 14 0.025356801 
529 135 11 15 0.025083963 
241 95 9 12 0.025072247 
622 131 10 14 0.024989048 
499 61 12 15 0.024839405 
590 158 10 13 0.024827134 
281 103 8 11 0.02477126 
371 58 14 17 0.024626302 
285 246 28 36 0.024615126 
3 72 15 20 0.024504252 
235 326 36 50 0.024434036 
357 160 11 13 0.024331413 
93 214 16 18 0.024109133 
635 90 12 17 0.024007289 
294 92 12 14 0.023872534 
654 166 10 14 0.02382589 
511 151 12 14 0.023761213 
543 166 8 11 0.02365444 
432 164 11 12 0.023571163 
221 190 15 21 0.023325108 
271 177 14 17 0.023312159 
530 330 14 17 0.02326947 
447 193 13 16 0.023098238 
268 145 15 18 0.022974053 
179 168 14 18 0.022747006 
656 172 10 13 0.022663914 
637 117 10 14 0.022627477 
251 168 15 18 0.022320176 
228 193 15 21 0.022319803 
335 76 9 13 0.022204766 
326 195 11 15 0.022166237 
248 288 25 28 0.022103429 
410 193 13 17 0.021868821 
603 163 11 14 0.02185786 
350 179 12 15 0.02185158 
576 149 9 12 0.02180863 
228 179 13 16 0.021806058 
22 182 10 12 0.021729456 
747 197 12 15 0.021690538 
269 64 9 12 0.021655973 
319 246 24 27 0.021619858 
580 166 11 14 0.021583851 
83 210 13 17 0.021495389 
695 203 10 14 0.021462023 
368 93 11 14 0.021456955 
324 101 12 14 0.02140985 
356 380 27 38 0.021270186 
223 70 11 14 0.021150459 
305 77 9 12 0.021048546 
487 35 10 14 0.021037662 
323 262 25 30 0.020979455 
369 84 11 14 0.020948028 
734 190 10 12 0.02092683 
378 77 15 19 0.020878533 
603 242 12 17 0.020855563 
618 280 24 28 0.020841887 
207 76 12 16 0.020838793 
677 445 10 12 0.020704623 
353 71 8 12 0.020613967 
559 27 13 16 0.02060562 
632 117 10 13 0.02058744 
310 91 10 14 0.020553874 
305 70 8 11 0.020461185 
381 134 13 16 0.020459646 
429 135 12 16 0.020230455 
139 267 27 32 0.020112786 
904 344 42 55 0.02007142 
616 158 10 13 0.020047745 
805 175 15 18 0.020014666 
