12_Group_Group_12_Group_Group_12_843
46
391 491 95 109 0.998355 
621 202 17 20 0.9492104 
506 227 14 17 0.90658987 
95 446 109 197 0.8636491 
420 239 14 18 0.7795324 
544 221 14 16 0.7693179 
669 263 18 19 0.6806581 
289 486 71 61 0.4764332 
307 458 56 72 0.26302227 
523 376 38 43 0.2368721 
640 217 15 18 0.1427708 
265 221 9 12 0.10084995 
533 295 12 16 0.07269855 
53 321 21 27 0.07171636 
193 735 17 24 0.06458476 
334 449 24 31 0.062508464 
28 263 28 33 0.056226186 
599 319 43 55 0.053590328 
116 417 173 251 0.05008142 
635 283 25 31 0.046689678 
245 215 8 11 0.04327138 
601 206 10 12 0.04259163 
584 194 9 13 0.04188978 
254 224 8 10 0.03576702 
262 226 11 13 0.034615796 
263 443 108 112 0.033648837 
256 229 8 10 0.03204363 
310 197 9 12 0.030465478 
249 221 8 10 0.029171135 
640 294 29 36 0.027150013 
782 596 30 36 0.025289208 
297 510 44 39 0.024992865 
579 217 14 17 0.024642061 
393 175 9 11 0.024457779 
817 612 50 80 0.023861092 
466 382 47 47 0.023077428 
376 172 11 15 0.022033349 
488 278 10 14 0.021851191 
163 252 11 14 0.021294774 
938 651 13 17 0.021202944 
0 319 10 15 0.021125438 
280 230 9 11 0.021092499 
491 250 13 17 0.020851443 
327 459 30 37 0.020594196 
181 735 24 31 0.020499956 
452 310 29 37 0.020226985 
