12_Group_Group_12_Group_Group_12_62
19
651 137 51 65 0.9990675 
804 125 50 62 0.9990669 
189 146 48 63 0.99831426 
342 155 49 62 0.9982481 
257 132 45 58 0.99758387 
745 96 45 55 0.9967914 
468 175 46 61 0.9965848 
557 145 40 48 0.9927757 
399 125 42 50 0.9923321 
535 618 16 18 0.433704 
980 204 10 14 0.18600486 
875 119 42 54 0.045187563 
536 151 22 35 0.034392856 
323 366 82 72 0.03268242 
27 -23 357 487 0.032107573 
231 663 29 23 0.027041614 
475 87 25 33 0.022683868 
454 379 62 69 0.021220494 
616 -23 412 523 0.02064958 
