12_Group_Large_Group_12_Group_Large_Group_12_527
45
711 415 84 122 0.998511 
329 418 84 103 0.99394095 
-5 43 79 165 0.3607926 
9 413 69 87 0.25902897 
827 230 59 83 0.21098244 
487 423 106 126 0.18668395 
764 921 52 79 0.13610056 
872 97 92 144 0.13107501 
737 250 58 87 0.11489606 
471 43 59 74 0.094033614 
488 48 71 85 0.073074624 
157 76 204 241 0.069254026 
179 382 60 79 0.067309424 
611 232 45 63 0.06726881 
382 148 442 478 0.06469508 
577 225 115 153 0.06253935 
406 366 46 63 0.053567573 
659 415 341 454 0.052906256 
443 231 263 289 0.047400698 
41 39 108 174 0.045566157 
782 232 84 120 0.045045726 
631 6 129 165 0.041816335 
813 229 96 142 0.04096825 
532 823 36 41 0.040525243 
256 38 211 220 0.0373931 
487 67 94 132 0.032437462 
300 75 67 85 0.031662438 
830 331 59 88 0.031304177 
927 353 40 47 0.029944897 
256 53 111 131 0.029174404 
129 243 65 94 0.028713323 
347 23 367 396 0.028381478 
190 207 111 133 0.027735371 
272 962 52 61 0.026455523 
723 237 57 73 0.025991328 
150 222 89 116 0.025609175 
597 244 66 91 0.025317485 
557 95 212 233 0.024346929 
349 258 57 73 0.023527317 
25 40 203 286 0.023407493 
116 -3 354 458 0.023246016 
594 468 47 63 0.021953518 
208 20 52 66 0.02112525 
442 34 103 119 0.02059728 
130 420 61 67 0.020047737 
