12_Group_Large_Group_12_Group_Large_Group_12_771
18
149 159 417 505 0.99986875 
565 389 111 126 0.10310946 
787 828 142 236 0.10244172 
295 1 451 440 0.10240114 
243 1168 127 159 0.07458797 
92 11 416 466 0.038077876 
70 987 409 500 0.029573428 
524 418 404 452 0.029334014 
497 832 395 477 0.027140606 
479 821 42 56 0.024225222 
766 594 60 64 0.023089983 
369 1254 92 146 0.022758381 
404 1119 25 31 0.022439808 
546 312 113 169 0.022204936 
439 50 55 79 0.020863973 
396 1267 33 40 0.020231355 
374 1088 13 17 0.020178523 
505 1160 63 69 0.020054717 
