12_Group_Team_Organized_Group_12_Group_Team_Organized_Group_12_340
41
326 113 56 75 0.99895406 
135 1 47 58 0.9979467 
288 2 51 66 0.9972851 
612 35 51 64 0.9968646 
36 2 53 52 0.9951945 
532 32 47 62 0.9933531 
475 0 41 48 0.9879094 
934 46 31 43 0.9757991 
384 5 41 51 0.9508648 
-1 57 38 76 0.927528 
86 -2 40 43 0.88634235 
359 0 34 44 0.88521904 
846 75 39 46 0.79821587 
24 81 32 45 0.26161897 
228 0 38 35 0.14273764 
846 62 30 41 0.103716314 
273 154 45 52 0.07910721 
523 -4 50 39 0.07101468 
663 53 13 17 0.05598622 
432 0 28 24 0.05071963 
729 86 42 49 0.045752432 
-3 7 43 61 0.04248182 
275 24 12 17 0.04073327 
420 78 25 43 0.039277405 
658 -2 37 31 0.038168743 
420 283 13 15 0.033219885 
926 37 27 38 0.032363918 
445 50 12 15 0.030347873 
256 107 25 34 0.028392948 
362 3 22 26 0.028309783 
947 48 43 50 0.02691404 
413 26 27 38 0.02443702 
860 86 45 55 0.022979602 
852 53 13 17 0.02200368 
418 5 45 52 0.021916607 
596 56 13 19 0.021865426 
395 -3 45 47 0.021639446 
679 1 26 32 0.021390397 
349 -1 30 35 0.021140322 
965 58 30 35 0.021114454 
489 49 40 53 0.02078663 
