12_Group_Team_Organized_Group_12_Group_Team_Organized_Group_12_685
132
648 982 64 75 0.99899393 
405 161 62 79 0.9988361 
539 989 45 62 0.996777 
564 767 26 33 0.99312323 
89 631 26 33 0.99294245 
755 866 27 31 0.99285805 
326 760 25 31 0.99210066 
646 776 25 32 0.9901045 
680 720 23 29 0.9891802 
854 858 26 35 0.9878158 
167 763 23 31 0.9856053 
26 640 22 28 0.97989523 
803 771 22 29 0.97935474 
729 759 25 30 0.97755605 
565 652 25 30 0.976939 
423 987 61 65 0.9732742 
277 639 26 33 0.9669096 
643 872 23 27 0.96649396 
538 717 24 29 0.9639763 
305 861 23 28 0.9633457 
946 615 23 29 0.96049976 
604 720 23 29 0.94658554 
592 608 21 28 0.94638765 
753 713 23 28 0.9393146 
77 753 24 32 0.9337851 
704 666 23 27 0.92920744 
623 659 22 27 0.89796054 
659 608 21 27 0.85533786 
493 864 25 31 0.817446 
360 644 23 31 0.80837286 
142 1022 103 70 0.7293318 
962 567 20 26 0.6956398 
520 610 19 23 0.6738517 
115 832 17 23 0.540465 
904 570 20 25 0.522987 
34 722 35 50 0.45081586 
191 597 22 27 0.37790474 
396 763 22 30 0.30396453 
484 654 23 26 0.23462449 
131 529 19 22 0.21631782 
421 795 58 68 0.19050545 
668 664 19 22 0.17345451 
199 685 37 49 0.16006902 
352 713 29 39 0.15736115 
115 859 11 14 0.14849715 
92 808 21 24 0.11515941 
422 610 32 37 0.10785408 
1005 677 18 30 0.0963901 
518 691 15 19 0.095094636 
625 894 15 20 0.08195075 
779 1108 51 54 0.07510565 
796 871 48 59 0.07125882 
826 685 39 49 0.06563057 
69 818 15 17 0.06390327 
515 811 32 38 0.059918158 
779 897 21 27 0.0592947 
488 683 18 22 0.059200823 
101 732 17 21 0.05162683 
138 1051 82 63 0.051504556 
154 496 14 18 0.048052274 
583 835 26 32 0.042377606 
704 747 22 28 0.042341083 
661 702 21 26 0.039578628 
629 745 21 27 0.039363325 
616 771 23 32 0.03880982 
512 691 13 16 0.038220912 
525 819 16 20 0.037997983 
619 623 19 22 0.03781801 
163 1036 53 46 0.03780452 
170 884 15 20 0.03706757 
851 745 30 42 0.036522057 
408 778 54 62 0.035434347 
524 660 15 17 0.034538783 
857 1096 63 72 0.033344526 
176 536 17 22 0.032187402 
200 594 18 25 0.032056585 
148 867 11 15 0.031925872 
13 691 48 57 0.03157634 
474 712 15 18 0.031345468 
700 695 19 21 0.030994778 
473 621 25 29 0.030994602 
769 770 18 21 0.030484123 
84 678 36 38 0.029855795 
966 368 14 18 0.029802656 
430 1044 52 49 0.029712074 
128 747 22 29 0.02941509 
899 613 18 22 0.02902192 
241 754 15 20 0.028424226 
90 524 14 18 0.027278848 
308 602 23 32 0.02694034 
599 884 26 32 0.026833832 
635 710 22 26 0.026703384 
268 623 24 31 0.026666323 
155 485 14 18 0.026410153 
484 667 24 28 0.026153058 
576 1475 444 519 0.026145443 
73 744 40 51 0.025473375 
842 689 47 56 0.025469197 
252 589 14 19 0.025352275 
268 619 16 20 0.025328556 
925 589 13 17 0.025022427 
614 1339 141 206 0.025018904 
514 991 31 43 0.024672812 
805 807 17 21 0.024333078 
169 997 70 74 0.024138823 
61 733 38 56 0.02413865 
887 588 10 13 0.024072122 
260 866 62 66 0.024009924 
784 757 21 28 0.023707323 
756 735 24 31 0.023411795 
805 886 30 35 0.022837503 
552 721 16 21 0.022544477 
280 711 18 22 0.022433126 
108 727 15 19 0.022425752 
757 809 14 18 0.022371115 
633 938 16 20 0.022361707 
608 891 25 33 0.022118168 
219 928 15 21 0.022103764 
929 697 53 72 0.021601103 
406 974 56 70 0.021453582 
423 786 30 37 0.021337941 
891 589 11 14 0.021258157 
502 710 14 19 0.020981854 
286 855 41 47 0.020927249 
474 765 20 25 0.020781025 
445 696 18 24 0.020675557 
341 813 36 49 0.020621665 
91 718 31 35 0.020608258 
725 700 13 16 0.020411756 
47 737 28 38 0.020384306 
823 829 13 18 0.020366164 
211 607 13 19 0.020290757 
