12_Group_Large_Group_12_Group_Large_Group_12_736
113
571 402 31 38 0.9957411 
70 312 11 13 0.9558847 
398 390 16 21 0.94914573 
937 455 23 29 0.9090701 
154 333 18 30 0.85052794 
635 357 15 27 0.7700058 
423 390 18 25 0.7340747 
11 359 23 30 0.68394 
142 390 24 26 0.61382365 
229 367 17 21 0.5279518 
737 380 21 26 0.43816277 
303 383 29 27 0.29505602 
755 389 18 31 0.20901935 
631 347 13 18 0.20428702 
225 395 20 27 0.20182055 
663 439 11 14 0.18321563 
770 357 13 17 0.14946842 
52 316 39 60 0.14797543 
539 460 43 69 0.14035772 
183 360 19 29 0.11576755 
13 313 14 19 0.11229722 
748 390 16 25 0.110250466 
754 443 32 58 0.0929611 
2 309 8 13 0.08318766 
677 365 13 16 0.07926827 
342 697 8 11 0.075862095 
695 372 16 20 0.074158564 
737 306 16 19 0.07401425 
623 643 29 32 0.06673145 
397 740 16 22 0.06279599 
559 379 10 13 0.06254288 
352 683 10 11 0.061204653 
572 369 15 19 0.059552893 
115 338 11 14 0.05789985 
128 345 11 14 0.055475 
182 731 14 17 0.055201933 
110 458 24 30 0.052930325 
554 443 32 52 0.050652016 
298 375 18 21 0.04756614 
891 283 14 17 0.04440138 
716 340 15 19 0.042374764 
587 379 14 18 0.042064272 
137 474 12 16 0.039986663 
167 362 10 13 0.039703693 
575 372 23 30 0.039502542 
316 352 23 30 0.03849115 
0 336 12 19 0.036422055 
708 397 17 21 0.036111403 
453 395 10 14 0.03576475 
320 383 19 24 0.03542007 
306 370 15 19 0.03534016 
974 508 24 32 0.034582883 
244 369 14 20 0.033993065 
737 361 16 18 0.033537477 
408 421 13 15 0.03345397 
448 388 11 15 0.033125624 
515 696 55 67 0.032983523 
300 391 18 18 0.032624777 
598 392 12 18 0.031212462 
415 403 12 16 0.030637696 
373 430 15 22 0.03001289 
716 392 21 29 0.029600166 
-1 356 9 17 0.029461732 
737 371 19 24 0.029134128 
357 703 8 11 0.028886272 
916 442 12 17 0.028814502 
356 680 9 12 0.028775228 
129 494 12 16 0.028716149 
17 305 10 11 0.02818015 
19 308 10 14 0.027543474 
683 369 13 16 0.027445523 
6 352 20 31 0.027239436 
46 714 61 55 0.02707889 
4 308 24 32 0.026767137 
341 710 10 12 0.026468156 
358 389 13 16 0.025692781 
722 347 15 17 0.02568111 
12 357 40 47 0.025518803 
337 680 8 11 0.025145894 
635 342 14 19 0.025135094 
26 632 8 11 0.025092294 
87 736 33 29 0.024974149 
968 420 12 16 0.024619356 
735 357 13 15 0.024470894 
555 408 42 51 0.024367742 
99 373 16 18 0.024112722 
223 622 10 13 0.023958921 
645 322 14 17 0.023856878 
623 363 15 20 0.023570789 
757 745 13 15 0.023540255 
508 689 16 22 0.023095189 
399 446 13 15 0.023081845 
75 606 13 15 0.022814285 
104 387 11 15 0.022490127 
563 377 13 17 0.022421189 
732 349 11 13 0.022388903 
741 292 13 16 0.022228356 
237 371 23 33 0.022178467 
194 363 12 18 0.021965822 
656 436 14 16 0.021788454 
259 428 11 16 0.021615766 
642 356 14 23 0.021560157 
228 389 16 21 0.021539822 
659 452 12 15 0.021463642 
391 700 8 10 0.02141525 
824 559 28 34 0.021391654 
717 366 12 16 0.021285234 
400 735 30 32 0.021135658 
344 669 9 11 0.02054154 
580 383 25 34 0.02052721 
189 368 24 34 0.02036304 
38 357 28 34 0.020316664 
833 293 12 14 0.020050876 
