20_Family_Group_Family_Group_20_72
30
580 268 48 62 0.9937556 
475 166 53 66 0.9905951 
424 258 49 61 0.98721826 
283 206 26 37 0.98612195 
207 227 48 61 0.9807475 
708 217 40 50 0.9625357 
326 202 44 53 0.940607 
735 150 45 50 0.75698066 
522 220 51 61 0.27414122 
386 585 24 30 0.13526484 
274 211 43 52 0.07583485 
3 118 11 14 0.047302384 
778 141 14 19 0.045916554 
387 323 44 50 0.04157689 
-70 353 403 569 0.041162882 
268 205 25 32 0.036030006 
48 246 10 13 0.035472233 
643 367 417 469 0.03445936 
531 668 30 32 0.033067565 
538 263 32 34 0.029805038 
720 125 74 84 0.02964134 
961 108 10 13 0.029116346 
234 229 51 62 0.024287192 
753 357 234 345 0.023710998 
53 246 8 12 0.023344278 
912 470 12 14 0.021636602 
910 307 10 12 0.021493595 
515 630 55 72 0.020874962 
1 247 16 33 0.020416325 
266 315 52 64 0.0201894 
