20_Family_Group_Family_Group_20_672
140
168 493 37 41 0.9988073 
435 154 35 44 0.9983022 
809 902 26 32 0.9977108 
191 223 37 45 0.99724686 
662 142 32 39 0.996781 
275 291 38 47 0.99627185 
740 889 26 36 0.995667 
310 252 34 44 0.99553585 
748 228 37 45 0.9952987 
362 223 30 38 0.9950808 
827 843 26 33 0.9947307 
349 1024 31 37 0.9945792 
640 239 35 44 0.99448204 
108 486 38 49 0.99405116 
305 142 34 45 0.993936 
680 184 25 32 0.99285275 
853 846 27 34 0.9922335 
678 866 26 35 0.9916278 
401 228 31 42 0.991091 
281 215 34 40 0.9909327 
109 947 25 33 0.9906888 
646 1034 28 36 0.9901416 
310 866 29 36 0.99000263 
507 203 36 45 0.9897183 
714 183 29 41 0.98917925 
607 212 34 45 0.9883066 
214 302 40 53 0.9880701 
689 273 42 51 0.98804945 
131 872 24 30 0.98747 
429 837 25 32 0.9872958 
306 823 25 34 0.9867137 
869 311 41 52 0.98557067 
144 273 34 44 0.9854799 
608 845 25 34 0.9849075 
450 1025 28 39 0.9846635 
90 861 28 33 0.9827476 
101 262 43 58 0.98158896 
802 284 37 48 0.9812344 
562 268 39 53 0.9809201 
457 830 24 33 0.97967964 
394 878 26 29 0.9785628 
263 873 26 34 0.9780297 
755 345 41 51 0.97170156 
358 275 39 49 0.9711959 
236 494 41 46 0.9697001 
253 1023 26 33 0.96968096 
423 267 41 49 0.96883196 
682 238 36 45 0.9673507 
356 848 26 35 0.9671016 
541 211 26 36 0.9648646 
739 1044 26 34 0.96328914 
474 268 39 48 0.9604984 
586 338 39 52 0.9424806 
650 851 26 34 0.94065404 
496 837 26 34 0.9397554 
574 488 39 48 0.93902004 
205 862 27 33 0.9335241 
818 1035 29 36 0.92665136 
569 877 27 34 0.8836729 
770 879 26 36 0.86887574 
371 346 40 46 0.8253338 
506 923 14 17 0.789887 
735 843 25 32 0.777462 
554 830 25 29 0.74504673 
232 864 22 29 0.70984393 
397 949 18 19 0.52474684 
781 872 28 35 0.40272647 
159 1111 26 30 0.3293151 
522 208 32 38 0.32494783 
162 1033 30 35 0.31461743 
505 1012 36 44 0.30422124 
672 938 18 20 0.17604865 
265 1105 16 19 0.16490924 
356 1106 17 19 0.16030052 
400 281 25 37 0.150583 
308 936 15 17 0.1479373 
820 1123 18 21 0.1325537 
738 1128 16 20 0.12546507 
510 950 15 21 0.1134999 
573 947 14 17 0.09270213 
445 808 13 17 0.08808373 
454 1113 15 18 0.07504564 
788 867 15 19 0.06725809 
838 840 34 44 0.059490565 
804 982 13 16 0.058458544 
265 867 19 21 0.057820544 
651 323 43 52 0.055177655 
820 1051 21 25 0.04470035 
650 214 24 28 0.04352965 
710 1148 14 17 0.03883824 
452 810 12 16 0.03760836 
499 852 19 23 0.037454575 
161 1124 18 22 0.03723355 
719 902 23 31 0.035811596 
789 882 35 47 0.034829896 
537 883 23 27 0.034696594 
355 700 13 16 0.031871628 
731 898 24 31 0.03177381 
805 551 15 21 0.031121222 
866 537 23 27 0.030578572 
747 295 41 49 0.030105865 
498 927 38 54 0.02893765 
334 350 43 55 0.028488737 
461 811 11 14 0.027992131 
445 1106 26 33 0.027356893 
293 642 12 15 0.026053786 
820 1017 33 40 0.025740176 
434 908 21 24 0.025716031 
819 1025 21 23 0.02480154 
512 917 16 20 0.024726423 
726 1114 25 30 0.024607504 
817 1102 25 30 0.024521805 
523 821 12 14 0.024368355 
501 951 17 22 0.024232596 
156 1136 16 21 0.02419112 
653 1116 11 13 0.024180954 
596 935 10 13 0.023959205 
603 911 34 37 0.023769405 
289 873 22 30 0.022781337 
863 431 13 18 0.022689937 
766 886 19 24 0.022682887 
643 220 27 36 0.022475716 
706 1151 25 33 0.022356281 
661 926 25 29 0.022149464 
261 860 18 21 0.022112386 
564 935 22 25 0.021861436 
532 1091 26 31 0.021822816 
743 1125 17 20 0.02181504 
619 989 30 34 0.021631299 
441 986 25 32 0.02156184 
478 1093 10 13 0.0215506 
597 375 17 21 0.021441605 
517 1188 21 26 0.021341635 
727 239 15 21 0.021329304 
547 899 15 18 0.021097543 
554 484 26 38 0.020476123 
519 825 14 18 0.020113867 
213 930 17 20 0.020058878 
518 278 36 44 0.020040935 
549 836 19 25 0.02001042 
