20_Family_Group_Family_Group_20_90
24
671 570 110 181 0.73575044 
374 27 154 211 0.7249011 
775 112 113 176 0.14217348 
534 162 153 141 0.10913685 
66 8 102 115 0.09115493 
437 32 184 228 0.06262125 
454 66 115 134 0.059588235 
100 25 106 136 0.04924062 
456 508 66 78 0.048986528 
389 46 451 456 0.029694326 
734 16 202 265 0.02840242 
107 312 389 458 0.027283406 
384 0 45 27 0.026679177 
632 165 112 133 0.026155703 
596 -6 131 147 0.025471492 
653 411 321 292 0.025306426 
222 83 152 192 0.02409716 
322 523 65 76 0.024006274 
187 686 63 69 0.022114929 
680 86 160 239 0.021865299 
351 577 15 18 0.0213881 
155 631 112 133 0.021354793 
599 263 517 384 0.021172596 
156 56 117 162 0.020817773 
