20_Family_Group_Family_Group_20_493
25
380 114 48 64 0.99841535 
754 156 44 57 0.99812776 
620 144 47 61 0.99651814 
565 101 42 65 0.9952755 
17 181 44 55 0.99156874 
224 305 49 64 0.9893561 
876 107 40 73 0.9836489 
248 134 39 51 0.98357624 
218 171 34 48 0.97097105 
970 169 39 39 0.1925546 
165 324 21 32 0.1488643 
727 243 36 48 0.11513077 
611 477 38 46 0.10017899 
585 468 28 46 0.08111855 
821 616 64 91 0.048070878 
833 203 10 13 0.04612768 
674 464 45 69 0.045527168 
595 469 37 48 0.04039788 
957 653 54 103 0.033087596 
591 118 42 61 0.028427213 
211 134 23 28 0.025831033 
956 163 31 36 0.025107624 
205 298 51 61 0.022100074 
209 152 32 35 0.021120079 
829 392 10 13 0.020070437 
