20_Family_Group_Family_Group_20_277
28
159 187 51 63 0.9909253 
272 131 44 55 0.9291781 
737 159 75 78 0.7800284 
999 181 24 45 0.7757219 
580 256 48 51 0.47948286 
156 95 41 44 0.12752917 
559 206 74 80 0.10425691 
461 170 78 71 0.06986024 
871 152 24 36 0.06947667 
390 221 35 37 0.064870164 
547 187 61 80 0.062434282 
370 152 73 70 0.04407726 
795 42 16 20 0.042687073 
725 705 71 57 0.04149935 
875 156 39 46 0.041125543 
403 712 56 60 0.039134733 
560 573 11 13 0.038237616 
731 105 101 102 0.035034493 
497 71 26 34 0.03313818 
57 436 25 32 0.02760443 
264 93 64 85 0.027598882 
963 711 48 50 0.026292253 
490 173 90 97 0.025048453 
971 190 14 19 0.024510715 
494 81 15 22 0.02289624 
476 709 64 62 0.022807812 
594 273 21 25 0.022617355 
178 156 49 60 0.020811068 
