20_Family_Group_Family_Group_20_22
21
545 243 24 31 0.9983753 
178 288 29 38 0.99823606 
309 244 31 38 0.9979096 
715 280 31 39 0.9978666 
469 222 29 37 0.9971847 
621 227 32 42 0.996977 
761 267 32 39 0.9966428 
343 250 29 39 0.9952579 
639 290 32 40 0.9941355 
406 254 27 33 0.99119955 
249 276 31 42 0.98760533 
610 521 22 30 0.9369721 
619 530 25 24 0.116183855 
241 323 23 27 0.0353899 
352 16 74 86 0.03279483 
564 226 13 17 0.02394027 
285 288 31 39 0.023477249 
547 1 51 49 0.02317904 
625 540 17 18 0.021670623 
635 519 17 20 0.020270571 
397 31 40 56 0.020200571 
