20_Family_Group_Family_Group_20_1015
32
644 320 97 113 0.9983633 
517 347 84 108 0.9965867 
380 276 74 108 0.9882058 
223 361 21 28 0.4257651 
1002 277 16 21 0.14348523 
424 188 14 18 0.1345607 
903 225 32 49 0.12140626 
971 227 15 19 0.09501063 
256 432 13 20 0.07498133 
783 267 12 16 0.058228277 
425 186 30 31 0.053260658 
271 380 12 13 0.050821275 
834 331 47 65 0.044910245 
286 346 23 30 0.043100238 
220 356 15 24 0.037726045 
249 414 11 14 0.035034675 
232 365 16 19 0.034324422 
901 183 102 126 0.03379822 
518 261 52 51 0.03130952 
266 341 23 29 0.029894594 
987 238 12 17 0.028067373 
986 273 25 35 0.027748996 
754 369 53 68 0.025078058 
793 287 29 35 0.024076829 
339 79 405 492 0.023003135 
974 230 22 28 0.022922749 
938 204 56 64 0.021579001 
904 301 45 76 0.021552075 
802 297 30 37 0.021307593 
779 268 21 27 0.021175267 
403 518 65 54 0.020994138 
586 316 51 64 0.020186115 
