20_Family_Group_Family_Group_20_914
41
862 172 28 33 0.9981969 
816 163 26 34 0.9976808 
461 204 27 36 0.9970741 
589 229 27 34 0.99697375 
525 286 30 37 0.99515945 
387 312 28 41 0.9934882 
231 194 26 31 0.99333847 
263 256 24 33 0.9933137 
159 120 26 31 0.9924183 
627 227 26 31 0.99201584 
145 169 24 31 0.9713478 
602 370 25 29 0.9496806 
286 389 45 57 0.099037856 
147 123 24 30 0.067995355 
401 312 28 39 0.056781456 
161 100 12 15 0.044533093 
843 171 21 29 0.038703196 
855 168 23 31 0.037808605 
181 235 14 18 0.037570033 
376 303 28 35 0.0372383 
136 125 22 29 0.033620484 
219 222 14 17 0.029305799 
862 157 13 17 0.027763208 
289 309 28 40 0.026933622 
590 212 10 12 0.025131484 
266 415 26 38 0.024804167 
601 292 24 37 0.024435256 
188 238 15 18 0.023430603 
614 270 50 57 0.023038726 
495 270 26 38 0.022016551 
599 356 38 50 0.021951936 
827 168 23 30 0.021663371 
887 48 12 16 0.021602314 
140 85 13 16 0.021556227 
170 127 26 32 0.021555895 
716 302 9 12 0.02077774 
140 207 22 27 0.020558406 
415 312 30 40 0.02050251 
613 225 16 22 0.020432118 
217 254 28 36 0.020141944 
913 203 24 32 0.02010445 
