20_Family_Group_Family_Group_20_411
44
481 388 56 70 0.99938214 
323 405 54 66 0.9993728 
675 78 65 75 0.99907637 
600 384 55 67 0.99897814 
528 89 61 76 0.998823 
762 401 50 63 0.99792093 
364 62 57 80 0.9978993 
221 396 51 63 0.99783283 
425 47 39 56 0.45698276 
104 785 13 16 0.14606316 
612 753 11 15 0.09601927 
403 51 46 65 0.08596188 
64 756 13 16 0.07275673 
9 696 11 13 0.069450565 
490 330 14 18 0.05689821 
62 762 14 16 0.042624924 
806 746 14 16 0.04164242 
205 784 29 40 0.04002531 
625 759 9 13 0.039753363 
605 809 14 14 0.038244836 
314 789 15 19 0.035212073 
277 759 25 28 0.03307902 
48 751 10 13 0.03229401 
800 743 24 30 0.027999563 
662 415 28 40 0.027070908 
118 725 27 29 0.02634046 
47 781 11 13 0.025508726 
890 428 23 29 0.02509064 
56 770 11 14 0.024735903 
405 809 15 15 0.02460419 
735 748 15 18 0.024498042 
578 772 13 16 0.024202256 
870 419 16 19 0.023368409 
408 420 35 49 0.023120701 
62 770 13 16 0.022601023 
435 761 15 20 0.021709451 
493 757 14 18 0.021521162 
13 19 10 14 0.021437299 
612 768 11 16 0.02114272 
235 781 37 38 0.021073079 
80 771 11 15 0.020977248 
732 749 23 28 0.020734582 
53 755 11 16 0.020278735 
843 429 10 13 0.020108556 
