20_Family_Group_Family_Group_20_799
48
538 174 101 141 0.9993273 
903 491 82 103 0.99356985 
516 492 121 161 0.9909083 
111 626 79 101 0.9894918 
394 361 23 32 0.9620025 
845 363 14 17 0.9509759 
351 345 13 17 0.56192476 
237 334 9 12 0.5002326 
434 350 10 13 0.27510902 
189 333 9 10 0.16732591 
302 344 9 14 0.08142195 
61 314 11 13 0.06694582 
84 169 14 19 0.06659459 
390 744 37 50 0.0636934 
292 352 15 23 0.05820362 
295 346 14 20 0.057862725 
362 353 22 32 0.05756691 
124 376 18 24 0.041496444 
-58 538 536 552 0.040880386 
254 342 8 11 0.040491506 
287 359 20 30 0.040281195 
390 728 29 43 0.039717108 
364 218 11 15 0.0393972 
101 170 13 18 0.03214744 
217 611 45 65 0.031129517 
134 332 13 15 0.030166253 
173 330 11 14 0.029085942 
179 604 47 64 0.028371554 
53 337 16 22 0.02741903 
418 347 13 15 0.025682451 
336 351 9 11 0.025174536 
192 341 10 14 0.024065547 
771 323 25 34 0.023831194 
197 344 10 12 0.02346633 
397 358 16 20 0.023120245 
253 336 11 13 0.02305684 
286 346 13 17 0.0230351 
92 169 13 19 0.022236792 
299 343 21 30 0.022204485 
378 355 24 33 0.02202846 
358 354 14 18 0.02192318 
163 344 22 29 0.021890985 
129 333 11 13 0.021597845 
172 351 21 30 0.02085685 
830 206 10 13 0.020669952 
0 321 9 17 0.020361006 
136 339 22 29 0.020193256 
357 366 17 24 0.020077912 
