20_Family_Group_Family_Group_20_101
24
892 291 51 63 0.9975992 
137 91 34 44 0.9974267 
205 213 48 64 0.99741864 
228 63 37 47 0.9964545 
970 54 46 61 0.99566287 
70 267 47 57 0.99467933 
782 274 47 60 0.9938253 
555 70 36 47 0.9935016 
382 29 39 47 0.99127835 
841 94 44 57 0.99033093 
637 74 37 48 0.9888814 
666 263 44 55 0.9880355 
493 53 35 45 0.98756975 
732 74 41 53 0.98452073 
38 63 42 53 0.9755751 
560 241 42 54 0.96463424 
325 47 9 11 0.0647172 
331 281 15 20 0.049466662 
814 87 27 40 0.040529568 
76 112 39 52 0.029291108 
671 583 157 125 0.027661772 
770 0 13 13 0.024119658 
372 346 22 29 0.023165429 
722 42 10 12 0.021222498 
