20_Family_Group_Family_Group_20_294
45
561 275 32 39 0.9987657 
584 228 28 34 0.9985482 
655 217 29 36 0.9981998 
843 254 31 39 0.9980032 
653 361 30 36 0.9978249 
551 362 27 33 0.99772996 
700 195 30 38 0.99708986 
386 313 30 37 0.99664587 
484 206 32 42 0.99660975 
173 181 34 40 0.9964889 
213 234 36 45 0.9960692 
384 226 29 39 0.994423 
137 387 38 47 0.9939183 
465 303 31 37 0.99375945 
678 259 30 38 0.99253744 
354 231 34 46 0.9921544 
239 336 29 35 0.99208075 
396 184 32 37 0.9918317 
533 175 33 39 0.9888082 
744 246 29 42 0.9876693 
790 188 34 45 0.98729473 
776 270 34 43 0.9838853 
279 219 35 42 0.97173285 
119 261 28 34 0.8329452 
81 165 57 70 0.1684954 
125 255 33 52 0.06717415 
754 251 35 50 0.06452304 
637 130 27 38 0.053110413 
973 244 8 11 0.037864838 
74 145 45 63 0.037487477 
691 253 25 34 0.034378193 
5 74 37 51 0.033885814 
201 369 16 21 0.030266767 
595 223 24 31 0.029925788 
427 210 26 30 0.02728322 
651 136 25 33 0.026924603 
702 246 23 35 0.025984665 
134 201 15 20 0.025831874 
117 189 29 37 0.025021229 
96 146 50 61 0.02351577 
624 140 43 57 0.023367638 
174 347 41 50 0.023341246 
118 243 28 38 0.023207914 
138 253 38 57 0.022746952 
137 262 15 23 0.022250533 
