20_Family_Group_Family_Group_20_27
19
519 41 62 73 0.99714655 
715 228 62 84 0.99692196 
783 187 74 107 0.9958133 
596 319 73 91 0.99407804 
908 333 66 89 0.9912335 
299 153 73 92 0.98853546 
180 143 77 98 0.98546576 
332 386 66 93 0.984908 
448 217 28 34 0.33712113 
743 208 63 97 0.31403667 
357 413 38 63 0.078257866 
569 40 30 43 0.068220824 
471 382 46 82 0.03564256 
564 323 57 73 0.035081983 
581 105 45 54 0.03466108 
59 204 21 27 0.028189024 
364 387 54 81 0.024548043 
445 218 19 25 0.02241268 
579 36 16 20 0.021489007 
