20_Family_Group_Family_Group_20_64
46
488 165 50 66 0.99929976 
717 326 59 74 0.9991366 
177 432 53 66 0.9989951 
754 281 53 63 0.9987858 
309 321 64 83 0.9987379 
653 122 51 66 0.99841094 
4 372 63 72 0.9983393 
50 134 52 63 0.9982917 
464 316 62 88 0.9982509 
341 280 49 60 0.99817836 
616 390 71 96 0.99815804 
759 486 72 88 0.99806005 
171 304 53 65 0.9980324 
886 309 50 63 0.99765944 
317 162 47 57 0.995004 
611 320 46 57 0.99324375 
152 233 43 45 0.99103606 
797 57 44 51 0.9891866 
276 27 41 48 0.98643315 
251 181 39 43 0.9824776 
980 201 27 48 0.9499206 
541 170 41 49 0.9474903 
236 429 57 79 0.57420516 
323 300 58 71 0.33280978 
850 471 48 54 0.17834468 
1005 220 17 23 0.057371337 
38 445 41 64 0.049307045 
935 278 38 49 0.04521726 
263 435 63 83 0.04220126 
954 218 39 47 0.03622624 
946 459 35 45 0.034996796 
994 203 27 44 0.034967177 
663 255 25 32 0.03457036 
412 266 44 61 0.030816795 
990 323 31 38 0.030251207 
941 337 38 49 0.028183036 
455 193 22 29 0.02782557 
413 303 47 71 0.027393933 
818 486 54 69 0.027277565 
883 580 11 13 0.022709195 
869 462 34 43 0.022142664 
83 611 73 67 0.02211831 
291 441 64 77 0.021836882 
5 163 40 74 0.021252997 
280 283 40 52 0.021115355 
851 501 12 16 0.02026631 
