20_Family_Group_Family_Group_20_339
33
146 162 36 43 0.9989505 
524 195 30 37 0.99864596 
619 182 30 39 0.9974511 
447 170 33 41 0.9971102 
362 128 40 49 0.9954965 
857 104 39 47 0.99501735 
697 165 35 42 0.99489695 
241 134 40 50 0.9905358 
766 146 39 51 0.9891115 
31 90 44 52 0.9805844 
829 174 29 39 0.7620166 
664 213 25 31 0.4353976 
829 147 20 25 0.09176541 
308 510 17 21 0.08127528 
833 113 21 31 0.06025764 
866 0 88 54 0.05846576 
580 194 26 35 0.05383059 
364 328 14 19 0.04796997 
835 172 18 24 0.045647327 
593 187 27 40 0.035676476 
99 178 14 19 0.033232294 
430 281 13 18 0.031178648 
256 251 15 18 0.0298229 
837 7 86 65 0.025722008 
972 91 11 14 0.025665388 
245 647 13 16 0.025631797 
97 131 44 54 0.025330234 
17 318 35 41 0.025089595 
967 72 15 20 0.024204222 
175 124 31 38 0.023878979 
896 44 69 75 0.023498192 
833 161 19 24 0.02264081 
2 103 27 46 0.021525407 
