20_Family_Group_Family_Group_20_540
40
706 203 33 42 0.99618524 
498 221 33 43 0.9961707 
812 224 32 42 0.9959422 
129 233 36 44 0.9954483 
571 238 31 36 0.9943773 
577 487 30 40 0.99277335 
48 276 36 45 0.9920122 
141 550 38 45 0.9912305 
654 213 32 43 0.9906805 
394 237 30 39 0.9899637 
757 254 28 35 0.989244 
189 249 34 44 0.9884862 
317 271 29 36 0.9870602 
384 330 26 35 0.9867111 
458 250 27 36 0.9864125 
0 540 33 47 0.98203665 
252 232 35 47 0.9808296 
573 346 27 34 0.97068226 
894 227 37 47 0.96822214 
277 526 41 51 0.9671492 
777 213 33 40 0.95208895 
972 239 34 46 0.94238096 
329 241 30 36 0.9181504 
29 230 34 42 0.88506603 
553 316 27 31 0.8375146 
460 509 33 40 0.75221825 
748 546 33 41 0.33016056 
975 217 30 36 0.16946328 
337 550 33 41 0.13638563 
316 247 40 47 0.09667033 
339 228 23 33 0.09309087 
886 213 30 36 0.044249035 
459 242 18 22 0.03277564 
15 247 31 41 0.03052121 
793 217 29 38 0.029752763 
467 237 14 19 0.028820511 
539 313 30 40 0.026426256 
474 388 40 49 0.026235815 
705 427 110 152 0.025179995 
366 311 43 52 0.02009829 
