20_Family_Group_Family_Group_20_374
160
633 806 200 232 0.998588 
459 14 312 392 0.9953731 
104 328 316 462 0.9951047 
586 1130 133 151 0.99402374 
373 1244 13 16 0.6138369 
299 1197 12 16 0.36065617 
48 1233 11 14 0.25345013 
246 1243 15 20 0.20088232 
362 1274 16 18 0.17286588 
447 1072 13 16 0.15723239 
703 1409 13 16 0.15635158 
540 1134 12 14 0.15531355 
304 1346 15 19 0.1447123 
0 1209 9 15 0.13772006 
52 1072 13 16 0.13666488 
548 1096 13 16 0.13255994 
76 1214 12 16 0.13199867 
111 1157 15 19 0.116095595 
116 1110 14 16 0.10506331 
270 1251 14 18 0.099704765 
155 1158 15 18 0.0981589 
41 1138 10 14 0.097059555 
243 1273 15 19 0.09251395 
438 1153 14 18 0.09215952 
421 1238 11 15 0.09122561 
99 1197 14 17 0.08179466 
356 1146 12 16 0.07537207 
406 1123 11 14 0.0744882 
445 1107 13 16 0.07319171 
430 1257 12 16 0.071652085 
90 1269 14 17 0.070872605 
71 1171 10 14 0.068943575 
375 1097 14 17 0.06556387 
228 1245 13 16 0.06353561 
374 1302 12 15 0.062477674 
322 1233 13 17 0.062400274 
352 1306 10 14 0.06184402 
394 1175 10 13 0.060791012 
366 1122 13 16 0.06073112 
360 1179 12 16 0.059902135 
382 1195 12 15 0.059866898 
236 1116 18 23 0.056357972 
63 1050 12 15 0.053532515 
337 1248 9 12 0.05333063 
112 1182 13 15 0.0522441 
280 1123 350 453 0.05135659 
374 1140 11 15 0.050312635 
422 1158 9 13 0.048417754 
568 1047 12 15 0.047390603 
124 1057 11 14 0.047156304 
14 1262 12 15 0.047127232 
309 1171 11 15 0.046985637 
0 1288 9 14 0.046509665 
70 1109 14 17 0.04601749 
354 52 214 323 0.045870114 
408 1166 9 11 0.0443175 
202 1247 15 17 0.04407942 
306 1128 16 21 0.041587863 
345 1115 14 16 0.041213334 
31 1316 12 15 0.03869551 
394 1258 12 17 0.038665824 
35 1069 11 14 0.038611654 
54 1217 11 13 0.03817696 
707 1316 14 16 0.037920024 
376 1219 12 16 0.037792895 
390 1243 10 13 0.037725348 
391 1149 13 16 0.037475057 
702 1298 12 15 0.03710997 
688 1316 14 18 0.036336944 
291 1166 12 15 0.03598285 
351 1242 11 14 0.035597175 
434 1179 14 17 0.035448764 
413 1183 13 17 0.034606945 
424 1135 11 13 0.034150325 
528 1059 13 16 0.033892035 
235 1318 12 15 0.03363264 
93 1230 15 17 0.032997377 
208 1190 9 11 0.03274756 
1 1264 8 13 0.03248748 
413 1262 11 15 0.032416347 
173 1229 12 16 0.032070406 
365 1227 11 14 0.03177431 
47 1053 11 13 0.031577952 
239 1188 10 13 0.031466942 
461 1150 11 14 0.031405292 
421 1104 8 11 0.029842237 
52 1155 11 15 0.029431617 
328 1297 13 17 0.029380336 
238 1341 14 16 0.029338468 
45 1288 13 16 0.029299699 
625 1055 10 12 0.02925795 
174 1371 11 14 0.029153261 
319 1103 13 17 0.028943686 
97 1051 14 17 0.028801681 
313 1268 10 13 0.028417774 
222 1133 11 12 0.028268667 
469 1189 12 14 0.027964713 
977 184 45 64 0.027939076 
302 1134 21 28 0.02788831 
13 1174 12 14 0.02750618 
80 1196 10 13 0.027375454 
589 1081 14 18 0.026966877 
25 1232 15 20 0.026772574 
0 1019 12 19 0.026611162 
532 1115 12 14 0.026420722 
291 1244 10 14 0.026134951 
44 1540 18 19 0.02603012 
463 1111 10 15 0.026000228 
369 1117 13 17 0.025782673 
5 988 14 20 0.025675341 
11 1306 11 14 0.025555652 
38 1199 10 13 0.025391458 
393 1285 13 16 0.025360221 
155 1358 12 15 0.02511458 
340 1202 11 15 0.024891201 
334 1191 9 12 0.024634698 
487 1046 10 12 0.024593806 
25 1298 10 14 0.02438474 
334 1198 11 14 0.02432131 
550 1117 11 14 0.023811735 
470 1093 11 13 0.023715176 
53 1309 12 14 0.023476439 
262 1288 16 19 0.023472056 
280 1146 10 12 0.023448087 
130 817 388 440 0.023206716 
263 1190 11 13 0.023012029 
8 1462 11 14 0.022792848 
316 1262 11 14 0.022738997 
-1 527 41 67 0.022688923 
714 727 224 290 0.022634152 
238 1245 12 16 0.022203175 
275 1164 12 15 0.021963885 
496 1069 11 13 0.02192771 
300 1350 22 29 0.021781966 
395 1019 385 446 0.021695465 
31 1113 12 15 0.021659976 
75 1257 13 17 0.0215546 
972 498 49 69 0.021368846 
227 1300 12 15 0.021248756 
428 1139 9 11 0.021188095 
301 1431 48 53 0.021026459 
101 1098 11 13 0.020905899 
318 1194 12 14 0.020858793 
134 1101 12 15 0.020788815 
422 1062 11 13 0.020724878 
31 1485 13 16 0.02066656 
369 1301 11 15 0.020632418 
505 1517 52 44 0.020506538 
251 1270 13 15 0.020469978 
85 1080 12 16 0.020433536 
384 1123 11 14 0.020383758 
380 1224 13 16 0.02035539 
418 1107 8 11 0.020270167 
386 1190 14 18 0.02016749 
262 1130 14 16 0.020146824 
62 1253 10 14 0.020124124 
609 1075 24 34 0.020108463 
15 969 16 18 0.020084256 
200 1227 11 13 0.02007506 
285 1273 14 16 0.020036822 
