20_Family_Group_Family_Group_20_835
38
181 268 30 36 0.9991492 
741 267 36 45 0.98757684 
1 281 36 55 0.819441 
67 330 35 59 0.73307705 
799 118 14 17 0.5894506 
839 298 29 58 0.42550835 
799 165 15 19 0.24622023 
803 291 179 235 0.2081808 
692 124 11 14 0.14734757 
323 110 11 13 0.113723375 
280 355 44 68 0.07151205 
593 362 37 60 0.0679222 
543 386 61 58 0.05929475 
697 328 43 51 0.05917123 
567 378 52 57 0.047764253 
151 309 32 43 0.04310817 
48 339 47 61 0.03936923 
537 348 50 66 0.037795857 
765 285 27 37 0.030317688 
294 370 56 63 0.030140247 
100 407 40 48 0.02882754 
318 380 57 61 0.02583546 
842 282 45 52 0.024573967 
72 358 42 59 0.024402138 
541 408 60 69 0.023689492 
649 313 39 49 0.02326234 
97 395 16 18 0.023248233 
660 334 10 15 0.023140216 
266 461 155 169 0.022896634 
608 372 32 48 0.022443004 
590 427 13 17 0.021742597 
10 284 17 22 0.02163655 
850 304 47 54 0.02154238 
698 332 26 32 0.021058764 
397 646 57 59 0.021015136 
726 179 320 421 0.020811727 
84 380 45 60 0.020202043 
874 120 36 39 0.020120503 
