20_Family_Group_Family_Group_20_750
20
338 67 190 263 0.9995647 
564 212 172 231 0.9978922 
0 566 20 28 0.24187693 
993 622 10 13 0.116506964 
596 111 41 50 0.08654545 
22 797 10 12 0.07202123 
978 613 9 11 0.042916015 
8 845 9 12 0.037358835 
950 611 8 11 0.03635908 
766 1228 73 69 0.029517181 
967 709 7 10 0.028235415 
685 736 183 338 0.027031515 
642 700 346 477 0.02669517 
-1 954 54 110 0.026027689 
3 970 12 18 0.025124133 
1014 623 9 14 0.023548521 
1009 658 14 20 0.023344843 
996 625 10 13 0.021998744 
945 610 10 13 0.021596026 
488 141 163 240 0.021392934 
