20_Family_Group_Family_Group_20_33
23
326 288 27 34 0.99823916 
360 334 27 35 0.99816173 
829 345 34 38 0.998005 
86 331 36 42 0.99786085 
469 319 29 36 0.99741936 
635 338 26 34 0.9971384 
436 305 27 35 0.9964491 
455 397 32 41 0.9962741 
769 345 28 33 0.99569476 
745 388 26 35 0.99550146 
697 403 36 43 0.99531907 
166 298 30 38 0.9942813 
593 411 36 43 0.99414116 
662 309 28 35 0.993214 
792 405 37 47 0.99241674 
218 335 33 42 0.9913646 
898 335 34 41 0.99027455 
552 374 38 49 0.98966086 
122 296 34 45 0.9861692 
261 398 36 46 0.9845584 
351 446 37 45 0.9836263 
250 305 35 44 0.9828393 
549 342 25 30 0.96842146 
