20_Family_Group_Family_Group_20_663
115
527 181 48 62 0.99873334 
655 194 38 44 0.9958604 
337 242 45 57 0.99433714 
478 295 37 41 0.9939149 
542 322 44 54 0.9898691 
778 258 42 52 0.9894965 
237 291 43 53 0.98856026 
911 623 12 16 0.3350768 
371 180 32 42 0.21465486 
287 159 11 14 0.1823165 
150 162 12 15 0.13998185 
159 345 32 36 0.12992668 
3 132 10 16 0.104837745 
857 621 11 13 0.08611062 
446 212 27 32 0.07881659 
988 588 8 10 0.06809442 
171 343 18 25 0.061917208 
190 292 14 16 0.054245766 
577 123 18 21 0.053892147 
439 221 26 37 0.053741526 
974 582 8 10 0.052934665 
12 117 11 14 0.05276705 
304 147 11 14 0.050165266 
335 152 10 12 0.049774915 
906 588 8 10 0.04914611 
12 206 11 13 0.047782127 
958 623 7 9 0.047372684 
70 244 13 18 0.045991722 
24 135 10 13 0.043832317 
157 307 24 28 0.042981103 
933 621 10 13 0.042241096 
295 147 9 12 0.039933085 
353 159 10 13 0.037978735 
975 683 11 14 0.037373155 
935 615 9 11 0.037177216 
595 -19 447 418 0.036808625 
4 509 8 10 0.036496434 
167 163 12 13 0.036309563 
574 12 10 13 0.034813747 
638 23 10 13 0.033291806 
117 304 8 11 0.032952093 
1012 650 10 14 0.03294364 
174 275 42 58 0.032887276 
639 28 11 14 0.03287111 
195 298 11 13 0.032844152 
959 590 7 10 0.032807607 
747 110 13 15 0.032555945 
58 170 460 495 0.032252293 
363 116 12 15 0.032072857 
229 142 10 11 0.03159797 
1004 588 9 11 0.029719543 
189 288 23 26 0.029416597 
287 150 10 13 0.029331647 
662 45 11 13 0.029330784 
350 139 10 14 0.029188791 
847 589 7 10 0.029076017 
772 46 12 14 0.028636843 
598 59 11 15 0.028433818 
90 251 15 18 0.028254693 
376 179 20 23 0.028144982 
293 164 11 12 0.027477864 
44 142 12 17 0.02722238 
13 519 12 15 0.027212197 
336 166 13 15 0.027156353 
909 584 10 14 0.026839599 
268 255 40 49 0.026741818 
181 279 26 29 0.026626207 
96 700 11 12 0.026389504 
337 171 14 17 0.025945904 
9 158 9 13 0.02526653 
618 1 14 15 0.025253529 
4 126 13 17 0.02514902 
284 151 20 25 0.024994157 
103 694 9 11 0.024924349 
281 157 11 15 0.024906486 
288 298 12 15 0.024501858 
12 180 13 15 0.024490736 
947 357 36 53 0.024485633 
951 580 9 12 0.024455912 
999 566 8 10 0.024133807 
37 198 14 15 0.024013473 
235 363 40 60 0.024004212 
23 126 9 12 0.023914449 
712 8 8 9 0.02371973 
707 405 30 38 0.023646561 
869 702 14 15 0.023625713 
613 111 13 16 0.02358246 
7 164 11 15 0.023560937 
194 157 12 14 0.023560815 
117 602 10 13 0.022862395 
930 564 8 10 0.022692248 
927 599 10 12 0.022358604 
310 152 12 15 0.022312757 
454 218 28 39 0.021952704 
0 129 18 27 0.02183851 
28 318 11 13 0.021664992 
1010 646 8 12 0.02151253 
30 181 23 28 0.021427955 
163 353 19 22 0.021345207 
758 2 10 10 0.02133179 
308 145 11 13 0.02132354 
213 316 15 19 0.021318723 
929 614 10 12 0.021263596 
378 191 20 23 0.021197995 
53 557 10 12 0.021163503 
444 217 18 20 0.021025889 
919 614 9 11 0.021022592 
458 194 29 41 0.020665709 
958 617 8 10 0.020647718 
289 281 28 35 0.02044362 
871 590 10 12 0.020415036 
663 107 10 13 0.020363726 
283 259 43 54 0.020253925 
887 597 8 10 0.020167176 
976 614 7 10 0.020010708 
