20_Family_Group_Family_Group_20_759
31
103 254 49 60 0.99855727 
759 226 50 64 0.99754614 
573 294 46 59 0.9944266 
308 291 52 63 0.99343985 
360 67 44 58 0.99030405 
657 116 44 57 0.98955905 
100 104 44 55 0.9879581 
445 306 42 52 0.986785 
221 159 41 49 0.98533547 
797 100 46 57 0.9835978 
600 380 41 51 0.9714585 
502 82 39 51 0.96672064 
274 620 58 78 0.35777724 
523 294 28 39 0.21178493 
441 410 17 22 0.10279617 
523 308 33 53 0.05753634 
605 436 11 13 0.05217673 
510 295 31 45 0.04635745 
699 693 103 86 0.036099352 
307 634 26 33 0.036052946 
615 429 33 45 0.03031166 
266 307 22 32 0.028164303 
806 463 36 37 0.02809247 
622 300 42 55 0.026915303 
540 323 28 41 0.026021795 
623 279 21 33 0.024884671 
594 148 33 45 0.022454793 
535 300 20 26 0.022358084 
274 608 112 136 0.021387547 
553 323 27 36 0.021083582 
266 315 46 64 0.02005105 
