20_Family_Group_Family_Group_20_447
19
534 378 224 236 0.99959844 
216 325 245 226 0.998779 
400 518 154 195 0.9955456 
166 117 311 173 0.92510664 
437 35 209 307 0.8776551 
643 220 208 173 0.65798867 
195 190 282 184 0.30365852 
248 169 182 135 0.11574718 
72 110 490 278 0.10851222 
582 283 246 181 0.09747825 
524 45 333 391 0.094388425 
98 215 387 392 0.08381672 
292 381 230 227 0.0630957 
559 172 387 385 0.04853893 
468 254 364 396 0.027819417 
223 166 110 80 0.027540864 
708 263 261 253 0.02680341 
294 153 103 77 0.020762352 
287 41 250 263 0.020719845 
