20_Family_Group_Family_Group_20_326
24
859 200 29 36 0.99825233 
346 235 26 34 0.99763215 
816 226 25 32 0.9971295 
149 215 32 40 0.99654883 
804 288 25 31 0.99600106 
393 248 26 33 0.99566877 
702 223 34 42 0.9954124 
450 278 24 29 0.99383837 
436 234 26 33 0.9931138 
630 193 39 48 0.987877 
422 377 22 28 0.97764367 
870 336 22 28 0.9750241 
216 218 34 41 0.95225644 
514 249 22 28 0.93196005 
427 356 13 15 0.06517174 
224 238 20 22 0.03527133 
895 353 15 20 0.03450804 
184 220 21 30 0.03369803 
309 363 10 13 0.031925138 
314 211 11 15 0.026948432 
197 253 11 15 0.026209077 
-45 251 408 576 0.023247046 
332 220 10 12 0.02236143 
494 258 21 27 0.020498902 
