39_Ice_Skating_Ice_Skating_39_1029
54
926 214 11 14 0.9572447 
208 252 9 12 0.9349954 
753 222 17 22 0.90829337 
817 245 10 12 0.66925913 
525 238 10 14 0.4630511 
557 248 12 17 0.45395032 
652 230 12 16 0.3360541 
295 250 13 17 0.25916627 
109 246 10 14 0.22491895 
741 223 10 14 0.17306465 
269 254 10 13 0.123057075 
393 257 9 11 0.11927134 
463 252 11 15 0.1152375 
689 277 11 13 0.11000307 
351 255 10 12 0.10930617 
419 269 8 11 0.09798522 
280 267 9 11 0.09295471 
663 236 9 12 0.09159714 
421 252 9 13 0.08921238 
237 273 9 11 0.06987001 
491 246 9 12 0.06398147 
356 60 12 16 0.052925494 
176 248 9 11 0.05273754 
218 238 8 11 0.050712813 
535 255 10 12 0.04375797 
327 260 10 14 0.042563077 
607 254 10 13 0.04115756 
326 248 9 12 0.040574305 
721 275 11 14 0.039193034 
407 244 10 11 0.036783148 
694 236 11 16 0.03607055 
445 262 9 11 0.033666838 
630 255 10 13 0.032305446 
639 255 8 10 0.03193935 
284 268 9 11 0.027839331 
598 255 11 13 0.025896125 
713 229 11 14 0.024696149 
235 276 7 9 0.024563508 
540 254 10 13 0.024100944 
602 234 15 17 0.023838757 
668 237 10 14 0.022368247 
432 261 9 12 0.02229139 
396 259 10 12 0.022270223 
469 250 8 10 0.021949664 
158 264 10 12 0.021809332 
577 252 10 13 0.021764977 
416 264 10 12 0.021452935 
249 264 9 10 0.021309813 
737 268 10 14 0.020657215 
178 85 8 11 0.020591874 
201 239 7 9 0.02037276 
191 261 9 11 0.02031901 
431 247 8 10 0.020231001 
596 260 10 12 0.020062627 
