39_Ice_Skating_iceskiing_39_138
60
20 117 41 39 0.96661204 
566 188 105 115 0.95025843 
291 207 67 61 0.91754234 
28 738 16 19 0.53989375 
387 339 30 30 0.5295897 
0 317 23 33 0.400209 
388 463 30 33 0.3639733 
239 243 13 14 0.24062638 
355 400 24 30 0.1469992 
245 242 14 18 0.13125423 
789 366 64 79 0.11564688 
45 108 36 40 0.10720287 
252 239 17 22 0.10250764 
28 273 26 31 0.08615775 
285 178 93 113 0.07905617 
503 468 47 33 0.07537476 
931 898 68 64 0.050122518 
855 344 35 52 0.047625862 
617 146 102 157 0.04515733 
198 248 17 21 0.04421044 
3 259 24 32 0.04390848 
98 312 40 46 0.04256429 
652 117 109 164 0.041979454 
406 420 31 36 0.04013737 
34 734 14 18 0.035246294 
104 708 153 181 0.032485384 
262 231 48 72 0.032406516 
112 519 36 35 0.031313755 
23 740 16 22 0.02862946 
39 275 17 21 0.02807043 
644 418 66 77 0.028021324 
375 384 201 228 0.02737875 
421 551 11 13 0.02707101 
29 233 17 21 0.027013814 
67 453 12 15 0.02626282 
409 418 17 21 0.024607856 
32 450 14 16 0.02428474 
907 878 65 76 0.023541704 
805 333 56 73 0.02316806 
469 445 107 102 0.022967258 
649 194 59 81 0.02256269 
345 390 40 52 0.022383139 
822 355 64 76 0.022163045 
60 121 15 17 0.022118373 
3 90 86 85 0.022112278 
36 142 16 21 0.022042325 
188 235 22 29 0.021990165 
143 433 16 17 0.02188873 
492 501 24 32 0.021692378 
484 472 42 37 0.021365209 
368 408 15 20 0.021294894 
262 218 85 105 0.02120663 
222 220 12 15 0.021176929 
613 196 73 84 0.021122124 
288 284 394 429 0.02111031 
391 453 43 52 0.020965174 
207 218 11 13 0.020871026 
1 307 18 21 0.020619478 
286 205 39 42 0.02007411 
142 188 22 27 0.020037841 
