39_Ice_Skating_iceskiing_39_583
146
783 150 24 29 0.98927945 
520 118 25 34 0.9814122 
462 221 40 40 0.94446206 
696 203 9 11 0.7528398 
444 140 30 37 0.7418995 
353 183 17 21 0.70429754 
304 90 19 24 0.6667592 
235 45 20 40 0.46730942 
22 6 27 35 0.28054726 
661 208 8 12 0.25317213 
258 17 36 36 0.24917418 
602 150 14 18 0.22342981 
477 88 15 18 0.19804914 
325 88 16 21 0.1652164 
628 114 12 15 0.118923225 
420 109 21 26 0.11168182 
637 214 12 16 0.10151327 
652 197 11 14 0.09985474 
595 110 11 14 0.093890406 
914 175 8 10 0.090443335 
461 213 13 16 0.08923327 
569 324 12 16 0.08664663 
46 20 14 20 0.082867905 
500 142 18 21 0.07296201 
856 111 10 13 0.07125815 
347 93 15 18 0.07041487 
614 184 9 13 0.068752296 
308 364 45 69 0.0679978 
432 188 81 97 0.062172014 
546 122 16 18 0.05603372 
888 155 11 14 0.05548172 
905 119 9 12 0.053340536 
632 244 12 14 0.05198474 
239 12 49 57 0.051034477 
661 182 9 11 0.046463903 
639 151 8 10 0.0451402 
163 20 16 19 0.045065314 
433 144 28 37 0.044884685 
46 16 25 30 0.044363845 
625 171 9 12 0.042472444 
673 205 9 12 0.0409765 
560 315 89 114 0.04097239 
477 189 23 25 0.039409645 
594 295 49 61 0.039082557 
973 190 9 12 0.038010195 
493 91 15 19 0.03785591 
684 245 27 35 0.037431538 
331 126 12 16 0.037271865 
599 178 11 15 0.0362707 
453 216 14 19 0.035738908 
49 7 55 60 0.035228014 
623 142 10 14 0.03487158 
314 90 15 20 0.034785453 
565 340 47 61 0.034173757 
14 5 56 64 0.03379804 
608 136 10 13 0.032974686 
481 86 23 29 0.03256556 
859 115 10 14 0.032305617 
991 210 8 10 0.03228086 
918 102 9 12 0.032161817 
332 69 11 13 0.032054916 
34 8 29 33 0.031622205 
400 102 10 15 0.03135125 
456 209 27 37 0.031152377 
352 267 37 33 0.03101043 
533 114 26 32 0.03056322 
637 209 9 11 0.029562324 
644 218 11 16 0.029236153 
437 107 14 18 0.029136287 
587 305 33 37 0.028973853 
592 113 11 14 0.028837377 
631 199 9 11 0.028680433 
454 128 30 37 0.028456006 
1004 175 12 14 0.028337277 
980 59 11 14 0.027737996 
904 37 10 12 0.02753441 
314 74 12 14 0.027099371 
304 378 33 42 0.026902866 
35 20 16 23 0.02656865 
120 2 64 62 0.026404256 
154 10 27 28 0.026138471 
655 96 7 10 0.025151564 
246 32 28 38 0.025017776 
640 183 9 11 0.02481004 
473 233 35 40 0.024777781 
214 54 40 51 0.024718057 
273 77 10 11 0.024604505 
681 156 9 12 0.02433559 
259 18 17 20 0.024201438 
633 205 9 12 0.024117261 
555 123 13 16 0.024083866 
874 168 7 9 0.02390775 
447 162 14 17 0.023855763 
678 214 9 11 0.023712879 
687 156 10 12 0.023651278 
638 135 8 10 0.023476034 
629 123 10 13 0.023395289 
483 182 17 20 0.023249796 
688 134 10 11 0.023089854 
656 224 7 11 0.023052847 
47 71 16 22 0.023020348 
893 190 9 12 0.022968862 
958 175 11 13 0.022790683 
294 5 39 53 0.022738198 
639 100 8 10 0.02263518 
606 181 10 14 0.02248261 
426 249 55 69 0.022405365 
491 86 25 32 0.022273902 
612 307 51 68 0.022270888 
381 93 11 15 0.022254923 
222 44 25 35 0.022233222 
366 22 33 43 0.022175567 
649 166 8 10 0.022162534 
622 103 8 10 0.022102723 
279 63 10 12 0.022093365 
880 166 8 10 0.022055892 
873 174 9 12 0.021977052 
567 124 10 15 0.021905206 
872 147 8 12 0.021789564 
670 200 10 12 0.021715231 
889 104 9 11 0.021624465 
467 285 15 21 0.0215234 
498 114 14 18 0.02147217 
607 161 10 14 0.021455405 
310 2 39 49 0.021448784 
440 66 26 31 0.02140547 
978 228 12 15 0.021389607 
632 134 9 11 0.021343186 
625 110 10 13 0.021340067 
572 312 29 32 0.021166038 
743 184 9 12 0.021145148 
462 140 28 33 0.021111446 
891 152 12 14 0.021077942 
319 117 11 14 0.021004282 
852 181 11 15 0.020940581 
969 160 8 10 0.020683788 
243 65 15 26 0.020676885 
287 376 53 69 0.020666657 
614 139 10 14 0.020444162 
147 1 18 18 0.020414962 
475 391 46 59 0.020406978 
657 168 7 10 0.020318747 
496 109 13 16 0.020312317 
206 5 23 26 0.020188205 
501 184 15 21 0.020117773 
579 323 14 16 0.020014059 
