39_Ice_Skating_iceskiing_39_541
22
460 287 118 109 0.9859137 
579 155 46 56 0.2399208 
590 168 50 58 0.18560405 
599 186 52 58 0.049953952 
471 88 32 48 0.04497952 
592 146 25 34 0.04319621 
127 240 32 42 0.041497324 
512 243 11 14 0.035660524 
450 223 174 195 0.03436679 
563 136 92 102 0.03151866 
845 446 35 51 0.0298617 
890 628 51 52 0.02656291 
302 4 15 17 0.023867747 
528 102 28 40 0.023645574 
512 63 26 32 0.022500128 
561 173 45 39 0.021748379 
677 189 24 31 0.021663027 
796 650 42 37 0.021342972 
540 154 25 39 0.021253351 
982 635 37 54 0.020965839 
318 1 27 26 0.020664837 
961 73 25 32 0.020494971 
