39_Ice_Skating_Ice_Skating_39_487
35
502 252 57 71 0.99871767 
68 81 14 18 0.06960568 
57 91 14 18 0.05727489 
887 49 48 55 0.043080803 
789 365 10 11 0.041741945 
462 6 15 18 0.03950109 
60 85 12 16 0.034315918 
84 89 14 19 0.034314938 
393 306 12 15 0.03230202 
420 0 12 12 0.031444274 
31 93 14 17 0.031185057 
148 403 11 13 0.03003436 
184 375 9 11 0.0300015 
81 459 12 15 0.029799739 
64 462 11 15 0.028932944 
375 18 16 19 0.028315857 
78 99 12 16 0.027440438 
242 359 9 11 0.027230036 
64 83 22 27 0.025783904 
4 83 25 37 0.024872731 
-26 305 440 575 0.023432784 
445 10 14 18 0.02276658 
783 357 10 12 0.022728192 
75 106 14 18 0.022633314 
347 296 7 9 0.02230917 
64 68 12 14 0.022175774 
0 67 26 41 0.021947099 
72 99 13 18 0.021107363 
44 33 27 32 0.021075848 
418 330 16 20 0.021066986 
830 214 8 11 0.020803077 
16 6 65 67 0.020576363 
454 0 24 29 0.02053711 
352 285 8 11 0.02048347 
76 83 14 17 0.020355327 
