39_Ice_Skating_Ice_Skating_39_389
26
606 361 8 11 0.83036774 
47 367 12 14 0.49934933 
569 360 8 10 0.47231784 
543 360 10 12 0.39580837 
638 361 9 11 0.35220036 
461 368 9 11 0.33961847 
504 359 10 11 0.21897124 
673 364 7 10 0.14535017 
271 384 9 11 0.12818268 
408 374 9 11 0.105609566 
769 378 10 14 0.08669997 
770 366 7 9 0.04988336 
368 381 8 9 0.04754675 
42 367 11 13 0.046793465 
325 380 9 10 0.03871383 
322 376 9 12 0.032883823 
741 365 7 10 0.03121054 
542 369 12 16 0.031189732 
634 364 9 12 0.02974601 
602 362 9 12 0.024872176 
461 380 11 15 0.024668263 
799 368 7 9 0.02316177 
759 383 8 10 0.021227013 
509 361 10 14 0.021082066 
-12 306 651 292 0.021016043 
774 360 8 11 0.020209132 
