39_Ice_Skating_Ice_Skating_39_794
45
50 1040 28 39 0.99418926 
565 938 17 21 0.9234472 
369 942 16 22 0.87432766 
331 956 13 20 0.86382675 
199 1150 40 48 0.74401695 
934 981 39 47 0.6393032 
49 1167 47 55 0.44248167 
678 514 15 20 0.4414147 
990 931 15 18 0.31108332 
25 956 33 41 0.181898 
748 507 15 19 0.16053197 
343 1013 24 27 0.14929697 
337 953 16 23 0.102235675 
812 638 12 17 0.080280595 
700 950 20 22 0.07912575 
21 552 230 255 0.044683702 
228 836 14 18 0.04187128 
30 804 12 14 0.038694225 
51 981 27 29 0.03827404 
62 1155 33 41 0.034054328 
744 511 14 19 0.03396544 
43 975 18 23 0.033746075 
62 981 29 33 0.03260054 
286 683 15 18 0.031556636 
320 951 23 26 0.030476926 
993 930 23 29 0.029268831 
672 522 14 18 0.02812598 
47 841 18 19 0.027160525 
64 1176 51 64 0.026016885 
0 926 10 17 0.025598282 
867 1018 117 164 0.025263434 
36 959 42 52 0.02487002 
238 810 15 19 0.024363764 
317 945 17 20 0.02410584 
622 966 21 26 0.024008619 
684 976 35 42 0.023592176 
736 1011 23 26 0.023554945 
62 1042 28 37 0.021670021 
318 1020 85 127 0.021209128 
11 806 11 15 0.021039221 
28 1034 15 21 0.020998029 
422 649 30 39 0.020970466 
120 812 11 15 0.020930436 
286 798 27 38 0.020382429 
346 954 13 18 0.020379994 
