39_Ice_Skating_iceskiing_39_348
20
968 631 12 16 0.88061404 
905 629 12 15 0.7989516 
610 296 18 30 0.23520978 
626 629 36 44 0.114762716 
698 648 40 49 0.09581055 
437 45 40 45 0.094170645 
599 300 24 30 0.09180227 
708 270 40 57 0.07574733 
576 353 44 49 0.048352063 
34 193 9 10 0.042977337 
583 301 30 31 0.035354093 
527 96 496 541 0.030872328 
342 413 11 13 0.029743547 
617 290 16 27 0.029107302 
414 977 28 28 0.028889496 
918 847 9 13 0.02809607 
71 870 136 153 0.024432892 
576 308 52 58 0.022772001 
-46 505 423 467 0.022015965 
19 335 13 14 0.021206597 
