39_Ice_Skating_Ice_Skating_39_486
28
455 308 164 199 0.99821126 
644 717 10 13 0.58433616 
560 716 9 12 0.08736308 
596 716 10 13 0.0827861 
762 685 9 12 0.068510264 
609 718 10 13 0.057138138 
609 724 8 11 0.053115454 
626 685 9 11 0.045091007 
513 158 51 57 0.044442844 
739 685 9 11 0.038447633 
624 717 8 11 0.036471806 
681 723 11 13 0.032806657 
535 153 34 44 0.031519048 
782 717 11 13 0.030874778 
715 685 8 10 0.03007629 
791 742 10 13 0.029971046 
646 739 10 14 0.029472943 
496 171 68 75 0.02924498 
662 717 10 12 0.028427284 
664 712 9 11 0.027376024 
661 813 11 14 0.026560945 
597 848 9 12 0.024288775 
663 723 10 14 0.02428709 
506 717 11 15 0.023473427 
662 731 10 14 0.022020884 
560 734 9 12 0.020927902 
658 727 8 11 0.020615479 
384 945 726 423 0.020514822 
