39_Ice_Skating_Ice_Skating_39_252
35
717 180 31 36 0.9979387 
186 184 42 45 0.9884538 
818 165 27 28 0.9731256 
374 180 23 29 0.95700574 
322 178 22 25 0.919631 
473 185 22 28 0.90201783 
514 178 22 25 0.8778072 
623 192 22 26 0.8521203 
417 170 19 23 0.8210284 
266 179 13 16 0.11502636 
332 175 21 29 0.11427747 
333 260 11 14 0.0714047 
311 163 12 16 0.056730557 
441 168 12 18 0.054375973 
84 299 410 506 0.052838515 
393 159 17 20 0.05265543 
428 389 11 15 0.045475457 
581 345 14 17 0.04319203 
307 181 13 15 0.040439334 
548 161 18 21 0.03560578 
477 158 11 13 0.029457957 
827 206 45 80 0.026283989 
828 205 24 29 0.025613654 
543 140 10 13 0.025510747 
294 159 9 11 0.025457745 
533 182 24 31 0.02510681 
531 168 17 24 0.024975674 
344 175 19 29 0.024567917 
676 191 27 33 0.024454763 
795 199 25 28 0.023078715 
400 161 18 21 0.022844834 
518 150 10 12 0.022669896 
581 287 434 556 0.021236392 
548 141 9 11 0.020369444 
485 171 15 16 0.020149998 
