39_Ice_Skating_Ice_Skating_39_661
134
471 302 11 14 0.8954519 
808 360 15 18 0.8674872 
222 266 11 15 0.8335839 
194 257 13 17 0.8266256 
439 311 11 13 0.60531163 
75 234 11 13 0.5589906 
675 310 27 44 0.41611853 
250 251 8 11 0.41117033 
614 171 13 18 0.4062867 
3 373 12 17 0.29767624 
94 324 13 15 0.29402208 
647 195 12 14 0.27021885 
160 294 10 13 0.25535592 
616 165 10 14 0.24626051 
716 269 12 14 0.22877093 
161 299 15 20 0.22066648 
540 261 11 14 0.20128025 
486 188 9 12 0.19122453 
768 332 12 15 0.15321451 
444 180 10 14 0.13522203 
341 194 11 14 0.1346927 
466 185 7 10 0.122512124 
412 425 20 22 0.11275184 
648 132 11 14 0.097702175 
174 294 12 15 0.083880454 
11 293 13 17 0.079821944 
257 194 10 14 0.0779877 
260 193 9 11 0.0755457 
713 226 11 13 0.06986483 
107 242 17 18 0.069418944 
973 300 12 14 0.06790038 
772 90 10 13 0.06605396 
14 340 13 18 0.06314216 
382 178 8 10 0.061138578 
443 506 22 22 0.059494417 
906 552 15 17 0.056278165 
878 536 11 14 0.055790614 
509 254 10 11 0.0546091 
533 266 13 18 0.0526713 
299 94 11 14 0.05050472 
784 216 10 12 0.050303172 
233 256 9 11 0.04930933 
250 348 14 17 0.047463868 
738 256 8 11 0.046497274 
350 238 8 12 0.044315238 
80 345 34 43 0.043898452 
820 133 9 11 0.04041879 
787 220 11 14 0.040253934 
925 419 10 13 0.0394146 
592 224 9 11 0.038910463 
290 365 12 15 0.038829554 
800 215 9 12 0.03843659 
468 187 10 13 0.03776535 
531 274 13 16 0.037753142 
345 297 22 35 0.037646685 
418 190 8 9 0.037221592 
144 332 10 14 0.036453243 
369 558 19 17 0.03446299 
648 139 11 14 0.034063995 
228 148 13 16 0.033285446 
394 200 8 11 0.032607038 
824 221 12 15 0.032290377 
442 315 13 16 0.03213633 
710 265 21 24 0.031915683 
626 219 9 12 0.031155113 
0 41 14 25 0.031118894 
702 227 12 13 0.030954396 
377 180 8 11 0.030829914 
476 373 13 16 0.030580066 
845 234 9 13 0.030569682 
612 228 10 12 0.030157208 
474 305 12 17 0.03007726 
684 333 17 21 0.028918792 
590 227 9 12 0.028891383 
620 132 12 15 0.028284047 
212 354 18 19 0.028247198 
118 408 47 56 0.027718049 
145 339 12 16 0.027651109 
163 309 14 19 0.027452124 
29 294 10 13 0.027034951 
137 428 27 32 0.026741214 
218 263 11 14 0.026538385 
278 191 10 13 0.026529813 
853 379 11 16 0.026336985 
791 206 8 9 0.026162347 
20 345 11 15 0.026126934 
236 260 10 12 0.026047483 
596 222 9 13 0.02519271 
0 262 8 14 0.025007283 
249 189 11 15 0.024951912 
697 260 41 48 0.024916943 
214 108 12 14 0.024851855 
802 399 31 34 0.024818573 
65 515 54 60 0.024588453 
327 109 7 9 0.024552952 
981 487 10 12 0.024448417 
433 307 21 25 0.024340486 
216 310 11 12 0.02424666 
757 251 16 21 0.023978788 
585 179 11 14 0.023926185 
1 528 29 44 0.023125704 
884 187 107 112 0.02311101 
481 183 9 12 0.022929868 
681 311 17 26 0.022871228 
205 296 13 18 0.022769598 
762 208 7 9 0.02272714 
-1 421 30 51 0.022678018 
368 184 8 10 0.022514386 
191 263 13 17 0.022365892 
720 189 8 10 0.02235101 
966 285 10 12 0.022270605 
588 175 12 16 0.0221752 
167 304 17 20 0.022150574 
376 215 10 13 0.022114476 
98 327 15 18 0.022053573 
15 388 14 17 0.021947976 
360 190 9 12 0.021840084 
319 197 10 12 0.021796513 
279 195 11 14 0.021739678 
687 315 33 39 0.021562723 
726 251 10 13 0.02136407 
97 319 14 18 0.021231772 
598 202 13 17 0.021102114 
18 68 26 29 0.021097193 
273 191 9 11 0.020981874 
721 184 9 11 0.020960713 
987 501 9 12 0.020940363 
434 317 22 28 0.020900097 
351 184 9 10 0.020824973 
568 211 12 13 0.020795116 
22 293 11 14 0.020653082 
343 185 9 12 0.020642025 
222 196 7 10 0.020621285 
686 189 9 12 0.020244863 
