39_Ice_Skating_iceskiing_39_901
63
664 415 26 33 0.9973627 
294 137 39 59 0.9609654 
918 301 25 30 0.7870805 
566 247 19 27 0.57285464 
964 310 14 20 0.30052698 
634 413 23 27 0.242405 
910 155 35 49 0.15937948 
874 312 23 25 0.115597144 
651 398 14 20 0.11304373 
722 359 10 12 0.11175455 
661 331 11 14 0.10828029 
340 269 404 516 0.10759028 
801 268 12 15 0.09148406 
937 205 18 22 0.09119094 
500 510 57 49 0.0797255 
898 366 58 59 0.07778199 
916 284 13 16 0.074322835 
779 347 26 37 0.069845445 
459 340 12 20 0.06066147 
650 412 22 31 0.059979115 
704 313 8 10 0.05915285 
311 50 490 494 0.057103787 
667 361 17 19 0.049267884 
913 290 20 25 0.048592247 
737 398 33 41 0.046983223 
451 197 15 20 0.044681862 
881 323 17 23 0.039549068 
636 382 15 21 0.037116688 
616 398 12 15 0.03319781 
549 369 15 18 0.032221884 
651 400 23 28 0.03200992 
881 357 90 97 0.031869374 
564 259 18 23 0.031102646 
964 317 23 30 0.031011373 
481 507 48 46 0.029593153 
643 381 13 17 0.029410403 
651 370 11 14 0.028598122 
766 340 15 17 0.028118983 
278 557 15 19 0.027547559 
696 356 10 13 0.027306328 
720 401 27 33 0.027018331 
595 400 15 20 0.026145365 
676 362 13 16 0.0257121 
616 398 20 23 0.024840094 
948 210 15 21 0.024589047 
743 70 396 493 0.023960797 
871 306 14 18 0.023388088 
623 391 22 26 0.02328225 
0 374 440 415 0.02316771 
940 286 10 13 0.022768592 
817 375 10 12 0.02274953 
630 412 17 21 0.022066288 
941 240 24 29 0.022027256 
858 303 41 54 0.021951182 
767 337 24 29 0.0218601 
797 264 20 25 0.021462504 
710 358 24 25 0.021309763 
959 370 12 17 0.021216474 
767 113 43 46 0.021140167 
561 356 480 365 0.020922799 
615 408 13 16 0.020557696 
922 285 13 17 0.020456988 
384 147 11 14 0.020260818 
