39_Ice_Skating_iceskiing_39_943
22
575 812 80 113 0.9974221 
423 188 73 104 0.99519545 
760 393 57 71 0.9716484 
162 842 70 106 0.9532847 
105 299 38 70 0.8189065 
415 744 10 12 0.062333323 
372 173 16 21 0.04989295 
4 211 12 16 0.048928622 
66 320 60 57 0.039557546 
386 720 8 11 0.036797993 
704 1333 7 9 0.03455628 
859 357 12 15 0.028281074 
400 567 10 13 0.027007429 
691 1042 375 505 0.025276316 
566 1375 7 10 0.02482908 
37 327 74 63 0.02442099 
330 400 41 57 0.024326753 
7 812 9 12 0.022585455 
438 762 10 13 0.022441002 
369 552 9 10 0.022182852 
139 997 17 20 0.021431401 
592 781 59 75 0.020114098 
