14_Traffic_Traffic_14_170
167
950 614 10 12 0.6919687 
212 351 12 14 0.48842663 
927 630 12 15 0.30521217 
328 278 11 14 0.22658071 
969 595 10 12 0.16569059 
864 620 10 12 0.15892173 
473 357 11 15 0.14918683 
648 411 188 263 0.1487846 
950 564 12 15 0.11876414 
628 186 12 14 0.11092245 
913 508 10 12 0.10683461 
437 261 9 12 0.10681128 
598 384 11 15 0.10300116 
905 650 11 15 0.08368477 
578 415 9 11 0.081357725 
852 605 11 13 0.07924153 
786 140 10 13 0.07358825 
75 743 19 20 0.07254193 
910 636 10 13 0.072210595 
503 276 12 15 0.07013213 
330 205 9 11 0.067950584 
518 346 13 15 0.06472299 
477 340 9 13 0.061683305 
319 217 8 10 0.06088902 
427 704 15 19 0.059346374 
908 629 11 13 0.057642642 
956 555 10 14 0.056054812 
829 599 25 33 0.052498434 
550 389 7 9 0.048768207 
958 581 9 12 0.048044655 
927 625 9 11 0.04803093 
937 711 66 54 0.048014067 
286 185 8 9 0.04508137 
448 348 9 12 0.045055833 
504 678 11 15 0.04410799 
441 315 11 13 0.043985944 
321 160 7 10 0.042402532 
956 695 14 17 0.041949008 
384 257 8 10 0.040840458 
837 655 10 13 0.04056363 
372 578 14 18 0.03987432 
383 338 12 14 0.039616264 
509 408 8 10 0.039548542 
103 697 8 11 0.038910717 
525 207 10 14 0.038836572 
722 338 27 29 0.03733002 
924 589 9 10 0.037051484 
153 703 8 10 0.036330596 
630 397 11 13 0.03545664 
643 430 13 16 0.035141453 
1007 558 13 16 0.03502531 
846 628 10 12 0.034927987 
906 623 9 12 0.03383233 
84 677 9 11 0.033787202 
551 488 12 15 0.033270597 
904 637 12 15 0.032549866 
98 679 8 10 0.03248224 
965 580 12 15 0.031648587 
514 376 8 11 0.031165142 
95 404 13 18 0.031144518 
920 652 11 13 0.030868763 
302 600 8 11 0.03031872 
901 603 12 14 0.030279681 
513 381 9 11 0.029794382 
520 358 10 13 0.02924898 
854 566 8 11 0.029202199 
283 185 7 9 0.029158823 
609 413 10 13 0.02880895 
437 373 9 11 0.028703155 
504 358 9 11 0.028650867 
307 268 11 13 0.028269138 
883 524 11 13 0.028200792 
986 580 9 11 0.028063677 
343 221 8 10 0.027744044 
949 694 55 49 0.027733738 
621 436 9 12 0.027538585 
358 209 7 10 0.0273827 
507 412 10 12 0.027333925 
560 416 7 9 0.027313773 
988 699 10 12 0.027229762 
943 556 12 15 0.027162882 
91 459 15 18 0.027119096 
569 444 10 12 0.027095513 
614 389 8 11 0.026861055 
884 621 11 13 0.026177283 
641 421 15 20 0.026143566 
896 629 9 11 0.02610806 
600 424 7 10 0.025931276 
935 565 8 11 0.02576728 
431 358 9 13 0.025710221 
988 575 10 12 0.025457378 
631 366 11 13 0.025346939 
550 420 8 10 0.025324013 
945 561 21 25 0.025290033 
957 647 13 17 0.025258915 
521 364 9 11 0.024969527 
993 551 10 13 0.024924511 
607 405 11 12 0.024841353 
69 745 15 17 0.024745334 
956 573 12 15 0.024734927 
437 281 8 10 0.024613334 
948 549 15 18 0.02444224 
401 280 9 10 0.024423795 
581 418 9 13 0.024115006 
959 630 9 10 0.023958253 
349 632 21 26 0.023941033 
503 365 9 11 0.023935772 
167 469 8 10 0.023915797 
966 533 11 14 0.0238879 
69 680 8 10 0.02381714 
47 718 10 13 0.023799952 
736 712 59 52 0.023779048 
158 693 9 11 0.02377625 
473 334 11 13 0.023619918 
983 548 9 11 0.023511225 
522 414 9 11 0.02348185 
536 384 7 9 0.023339823 
391 257 7 10 0.023293372 
96 711 9 12 0.023275575 
332 271 10 11 0.023133628 
965 478 9 11 0.022960078 
507 206 12 15 0.022959372 
119 414 15 19 0.02290362 
846 608 14 20 0.022837285 
983 543 9 11 0.022801336 
76 709 14 17 0.02257578 
127 224 8 11 0.022567611 
192 374 9 10 0.022523003 
895 281 7 9 0.022484023 
54 247 12 14 0.022280434 
492 261 11 14 0.02218374 
117 497 13 16 0.022108877 
918 646 11 14 0.021937685 
703 287 9 12 0.02192725 
349 606 9 12 0.021868598 
976 652 9 12 0.021835055 
884 604 10 14 0.021732371 
556 371 10 14 0.021634942 
133 693 12 14 0.021570232 
47 670 12 14 0.021502025 
899 679 8 10 0.021406602 
191 312 10 11 0.021304207 
175 652 13 18 0.021247057 
1006 623 9 11 0.021055935 
954 579 10 14 0.021050422 
896 502 9 12 0.020979494 
359 501 11 14 0.020924611 
103 502 9 12 0.02088052 
475 613 40 47 0.020877196 
367 479 10 12 0.02087055 
628 190 14 19 0.020865915 
983 558 9 12 0.020833166 
500 643 10 12 0.020776978 
365 270 8 10 0.020754443 
894 653 8 10 0.02062891 
405 280 9 11 0.020599034 
306 207 7 9 0.02055591 
937 615 8 12 0.020498782 
975 558 10 12 0.02048072 
909 558 10 13 0.020430729 
400 151 7 9 0.020375919 
862 549 10 12 0.020361856 
513 334 8 9 0.020312028 
471 86 9 11 0.020287948 
753 390 27 33 0.020223407 
983 532 10 14 0.02017617 
425 310 7 9 0.020094818 
