14_Traffic_Traffic_14_644
29
523 156 16 22 0.9888198 
643 164 15 20 0.98151684 
406 154 17 21 0.9667066 
587 387 20 26 0.96608555 
652 97 15 19 0.95828056 
336 104 16 20 0.9541727 
439 32 15 19 0.68708384 
803 150 17 19 0.68273044 
352 24 13 17 0.6508982 
789 144 10 13 0.46061555 
474 85 13 15 0.20998442 
774 188 45 59 0.05493697 
774 198 27 39 0.050894342 
785 146 11 14 0.0461268 
645 234 14 16 0.037798658 
238 514 34 38 0.03598811 
369 13 10 14 0.034169376 
359 0 12 12 0.031282548 
786 151 15 19 0.025609858 
263 37 24 36 0.024351656 
364 176 9 11 0.02369977 
192 303 427 546 0.021955319 
244 447 25 27 0.021385448 
347 74 28 37 0.021058569 
421 134 10 12 0.020942867 
623 239 10 11 0.02027492 
440 161 9 12 0.020215036 
581 378 39 48 0.020195218 
334 89 14 20 0.020133717 
