14_Traffic_Traffic_14_840
298
704 276 30 35 0.99697006 
923 270 32 37 0.9953328 
808 283 27 32 0.9942509 
91 256 28 31 0.9938997 
607 285 31 36 0.99123174 
17 280 38 43 0.9908841 
56 255 27 30 0.9899149 
277 276 31 34 0.98987365 
145 278 31 34 0.9896209 
489 270 35 41 0.9837182 
959 258 27 34 0.9560179 
186 254 34 41 0.93151516 
316 254 24 28 0.8989513 
772 265 26 31 0.87531376 
754 147 13 15 0.8675687 
934 167 14 18 0.8671603 
626 211 14 16 0.8629652 
735 176 14 22 0.8438965 
381 291 32 37 0.83116275 
26 212 15 17 0.8299785 
668 261 29 31 0.82551724 
709 238 25 28 0.78816974 
133 238 24 28 0.78326696 
530 216 22 27 0.76124185 
611 240 15 18 0.7419727 
257 233 30 32 0.74044394 
411 226 24 28 0.73738885 
574 253 33 39 0.7337179 
203 250 33 36 0.72877115 
790 216 17 19 0.7093135 
574 206 14 17 0.70164245 
742 222 18 21 0.69731617 
52 199 14 20 0.6578232 
891 170 12 19 0.6465152 
514 208 17 21 0.64610726 
378 264 41 49 0.54982346 
599 225 15 19 0.54353607 
882 232 23 28 0.53424555 
863 263 24 29 0.5305575 
324 198 12 16 0.5188864 
708 211 13 16 0.44099575 
613 198 12 15 0.4403991 
226 204 14 19 0.39497674 
0 197 13 18 0.39246625 
408 187 11 13 0.36035004 
627 497 12 17 0.35492647 
977 187 9 12 0.34798163 
663 185 14 16 0.33876655 
265 197 16 19 0.32276526 
630 244 20 24 0.29780352 
494 185 12 16 0.2887187 
634 191 11 14 0.27901742 
524 154 11 14 0.27603397 
585 188 12 15 0.26357114 
470 244 23 29 0.2624865 
762 260 26 31 0.2359236 
729 490 13 19 0.23414649 
288 211 14 17 0.23146948 
101 165 15 18 0.20068327 
610 156 9 12 0.1934208 
836 195 14 17 0.19202511 
284 459 17 20 0.19129062 
862 195 11 13 0.18542528 
134 196 13 16 0.18304257 
750 256 21 28 0.1769911 
877 198 11 13 0.17224482 
694 194 11 13 0.17223012 
605 233 18 21 0.16783108 
217 256 18 23 0.15358679 
835 201 20 26 0.14015707 
50 156 9 12 0.12896076 
832 253 28 38 0.12871537 
851 257 40 48 0.123369984 
533 173 12 15 0.11452577 
339 230 23 27 0.107543446 
899 174 13 16 0.10649751 
990 283 24 26 0.105086036 
830 187 14 17 0.104902126 
444 339 19 25 0.10432284 
192 181 10 14 0.100562796 
537 151 8 11 0.097989745 
780 223 21 28 0.08674287 
596 155 9 13 0.08241033 
571 150 8 10 0.08087066 
772 232 22 28 0.07709151 
584 268 19 24 0.07657941 
502 157 11 14 0.07479174 
720 195 10 13 0.07383701 
811 184 13 15 0.07240749 
798 186 11 13 0.071257256 
307 198 14 16 0.07091091 
831 184 10 12 0.07082027 
505 337 41 55 0.07072887 
836 478 15 20 0.07027108 
646 218 16 18 0.06871126 
872 197 10 13 0.068702035 
710 180 10 13 0.06602691 
344 148 9 10 0.06460822 
560 239 26 32 0.06298893 
253 237 19 24 0.06263549 
328 180 9 12 0.061811306 
13 196 11 17 0.06035169 
505 265 30 37 0.060164094 
191 269 22 24 0.059330292 
395 170 15 19 0.05911165 
463 216 20 22 0.057170626 
674 275 18 21 0.05657368 
383 248 30 38 0.056026798 
164 246 17 23 0.055498663 
852 210 11 14 0.055460904 
595 152 7 10 0.055320416 
628 151 11 15 0.055248607 
560 183 11 13 0.0551028 
805 182 13 16 0.054741416 
29 188 12 14 0.053864006 
492 222 18 22 0.053578142 
482 233 25 29 0.053245906 
365 208 13 17 0.053202268 
772 185 13 16 0.05317278 
672 215 22 26 0.05274706 
95 171 15 17 0.048731342 
861 233 15 17 0.048652776 
880 209 12 16 0.048097286 
217 205 22 25 0.047653917 
385 308 20 23 0.04738673 
271 234 18 22 0.046170555 
984 244 12 16 0.046129253 
969 379 26 32 0.045651816 
26 188 9 13 0.044597276 
1003 288 15 19 0.04407294 
131 197 26 30 0.043966644 
513 207 34 45 0.043916557 
564 186 11 14 0.043604158 
618 228 41 52 0.043504883 
899 202 24 30 0.04327681 
377 196 17 22 0.04218913 
470 156 7 10 0.04199089 
414 148 10 12 0.041618783 
429 156 14 19 0.04101313 
400 177 21 24 0.04058775 
147 514 11 14 0.040252287 
46 208 13 17 0.039866135 
455 190 10 12 0.039407216 
841 251 18 21 0.03880808 
943 478 20 23 0.03833911 
598 173 11 13 0.03781268 
509 182 12 14 0.037535973 
409 148 9 11 0.037065715 
497 152 8 10 0.036471542 
566 142 9 12 0.036153957 
42 228 14 18 0.03595627 
557 233 20 22 0.03594571 
349 149 8 10 0.035611898 
387 467 12 15 0.035533607 
369 246 16 21 0.034932148 
141 475 10 13 0.0348487 
467 232 23 27 0.034609843 
624 155 12 14 0.03426038 
498 156 9 12 0.034119103 
27 193 16 18 0.03396382 
368 202 21 25 0.0338314 
699 515 15 19 0.03345659 
395 232 27 31 0.033386838 
916 202 16 21 0.0332677 
191 492 9 12 0.033185016 
550 189 10 13 0.033109315 
822 187 11 15 0.03268848 
983 234 14 18 0.03257935 
192 143 17 22 0.0323665 
423 148 10 11 0.032347236 
534 154 12 15 0.031887863 
706 227 23 26 0.03185301 
704 207 13 15 0.031596772 
989 288 30 39 0.030773206 
541 166 11 14 0.030750675 
662 109 10 11 0.030637005 
275 201 13 18 0.030542085 
638 219 13 17 0.030488724 
542 156 9 13 0.03020182 
533 185 13 17 0.0300208 
940 452 29 38 0.02996002 
642 246 17 22 0.02994446 
389 172 15 23 0.029766984 
794 187 10 12 0.0296602 
594 342 31 50 0.029194692 
995 489 15 18 0.02898644 
917 165 12 15 0.02887679 
909 172 10 14 0.02873504 
571 157 13 16 0.028559718 
507 154 13 18 0.028445868 
210 211 25 29 0.02809926 
290 260 35 46 0.027914455 
498 182 13 16 0.027686408 
912 167 10 12 0.027628185 
220 502 26 33 0.027625015 
756 247 24 31 0.027611233 
342 443 12 17 0.027589563 
563 249 30 37 0.027251838 
633 211 14 17 0.027076418 
984 483 26 30 0.027066706 
21 193 13 18 0.0269929 
422 231 18 21 0.026695194 
980 218 15 18 0.026534049 
520 267 22 31 0.026485242 
872 242 26 31 0.026483169 
367 249 26 34 0.026283259 
1005 219 19 36 0.026278932 
548 194 11 14 0.026228782 
446 211 11 14 0.026210196 
357 283 22 32 0.025905687 
358 207 14 19 0.025837127 
310 241 24 33 0.025815757 
614 173 10 13 0.025719529 
549 181 13 16 0.02567714 
917 275 16 20 0.025312318 
539 179 13 17 0.02526697 
919 158 10 12 0.025189342 
796 278 26 35 0.024954591 
873 201 11 16 0.024941009 
618 196 14 16 0.024854422 
758 172 11 15 0.024792345 
975 212 14 17 0.024789628 
653 196 13 16 0.02478055 
653 241 26 30 0.024544386 
67 203 23 30 0.024397757 
565 466 15 19 0.024353439 
444 172 12 16 0.024062544 
216 158 9 12 0.02401958 
631 187 18 23 0.024009243 
792 205 20 26 0.023859836 
430 151 8 12 0.023809763 
574 189 12 14 0.023732023 
658 493 15 17 0.023700172 
927 170 13 16 0.023643846 
854 251 28 34 0.023513539 
127 216 38 46 0.023380052 
660 237 14 17 0.02327515 
563 141 8 10 0.023271004 
1011 239 12 21 0.023240361 
702 217 15 18 0.023201259 
771 243 27 32 0.023172066 
711 186 11 14 0.023136808 
551 156 10 12 0.023098255 
127 211 28 31 0.022904463 
649 214 22 28 0.022837985 
53 154 9 12 0.022817973 
650 232 23 28 0.022800086 
478 256 30 37 0.022721212 
985 185 34 51 0.022666257 
1011 218 13 21 0.02263476 
542 186 12 16 0.022590235 
618 243 21 24 0.022491787 
443 241 21 25 0.022313792 
675 205 14 16 0.022251148 
259 209 16 18 0.022191387 
99 304 17 24 0.022104114 
222 199 14 19 0.021841895 
856 236 23 27 0.021731095 
711 336 36 54 0.02172061 
384 178 21 29 0.021711469 
325 190 13 17 0.02168902 
253 195 13 18 0.021661844 
34 195 14 17 0.021648707 
615 178 10 15 0.021577315 
925 186 12 16 0.021574771 
34 205 15 18 0.021535898 
992 275 17 18 0.0215063 
804 192 15 20 0.021453861 
906 178 13 15 0.021448988 
414 153 12 16 0.021408623 
520 150 21 24 0.021387624 
710 149 13 19 0.021369386 
614 191 13 16 0.021362072 
488 180 15 18 0.02130626 
552 152 9 10 0.021152267 
728 318 40 53 0.021111924 
653 243 14 19 0.021076554 
523 314 43 57 0.021025075 
660 150 11 12 0.020959323 
375 189 14 17 0.020829268 
647 514 13 21 0.02073534 
447 471 12 15 0.020611288 
465 152 9 11 0.020592278 
896 252 24 33 0.020498103 
657 187 13 15 0.020374054 
164 250 25 34 0.020344114 
279 209 14 19 0.020337427 
347 203 22 26 0.020335987 
843 202 21 25 0.020313835 
660 191 15 17 0.020269705 
122 217 15 20 0.02026903 
731 462 12 14 0.020259222 
487 218 16 20 0.020230964 
622 181 10 13 0.020133717 
525 163 13 16 0.020121433 
422 154 14 19 0.020097574 
987 290 19 25 0.020033136 
329 196 14 18 0.020011177 
