14_Traffic_Traffic_14_834
138
598 124 8 11 0.5360854 
830 424 15 24 0.28187984 
65 353 11 14 0.26409528 
864 342 10 13 0.17587931 
847 380 12 14 0.14131367 
779 409 13 17 0.11482868 
585 372 9 11 0.11437333 
603 269 11 13 0.11411767 
710 456 9 11 0.108612396 
812 374 10 13 0.0810304 
333 318 8 11 0.077711985 
814 347 9 11 0.07300481 
717 348 8 10 0.0704769 
797 407 14 19 0.06705214 
685 426 13 16 0.065963805 
145 353 7 10 0.065943055 
622 345 8 10 0.06429819 
837 334 9 12 0.06388577 
951 343 7 9 0.06382432 
196 326 12 14 0.06369124 
788 396 10 13 0.063190214 
467 387 16 19 0.056246467 
288 352 9 11 0.05623871 
157 423 10 13 0.053351518 
837 378 10 13 0.052777246 
804 402 14 17 0.050814707 
606 341 9 11 0.049979195 
606 334 9 12 0.049796198 
797 351 9 11 0.04880941 
708 411 12 15 0.047687378 
830 439 17 22 0.046718437 
697 358 8 12 0.045958813 
349 254 8 11 0.04534075 
619 308 11 14 0.04497234 
835 377 8 11 0.04345191 
806 365 11 14 0.042999566 
916 375 8 11 0.040331274 
748 438 12 16 0.03988988 
95 356 8 10 0.038275976 
311 342 7 9 0.03721293 
295 351 7 10 0.036717538 
823 347 11 12 0.036711246 
149 352 7 9 0.034933127 
631 328 8 11 0.034905534 
863 336 9 11 0.03483339 
830 342 9 12 0.03443062 
634 357 9 12 0.034314025 
662 457 17 22 0.033439156 
850 386 13 16 0.03327766 
849 360 8 11 0.032910597 
118 359 8 11 0.032585118 
174 346 8 9 0.03243213 
117 379 9 11 0.031595968 
828 348 10 12 0.031522475 
703 375 10 12 0.031433586 
815 484 13 21 0.029943496 
593 349 8 9 0.029698942 
637 351 11 13 0.029215718 
192 331 9 12 0.029090246 
112 350 7 9 0.029026302 
619 345 7 9 0.028633129 
880 334 8 11 0.028612578 
386 343 8 10 0.02854993 
821 364 10 12 0.028506096 
576 348 8 10 0.028441373 
210 312 9 11 0.027834216 
639 64 13 17 0.027736966 
368 351 6 8 0.02764413 
258 382 9 12 0.027080584 
797 355 10 13 0.027041348 
788 401 13 20 0.027007231 
53 364 9 11 0.026996875 
222 284 8 11 0.026951468 
554 394 13 16 0.026918342 
182 219 11 15 0.026368976 
488 372 11 13 0.026317498 
624 327 8 11 0.026267702 
127 350 7 8 0.026179684 
801 384 8 11 0.026175672 
351 344 8 11 0.02608684 
702 476 9 11 0.026075372 
333 212 17 18 0.025928263 
639 343 10 12 0.025801532 
695 352 7 9 0.025708899 
501 301 8 11 0.02562109 
598 349 8 10 0.02540983 
588 368 10 12 0.025348306 
759 444 10 13 0.025253903 
1012 26 11 16 0.025226252 
853 172 10 12 0.025079517 
345 327 8 11 0.02505013 
336 364 11 14 0.025001543 
858 335 7 10 0.024942994 
713 358 8 12 0.024915945 
307 342 7 9 0.024824275 
654 367 10 14 0.024811251 
690 421 12 16 0.024684643 
469 332 12 16 0.024584278 
464 342 10 12 0.02447407 
104 360 7 9 0.024469241 
359 269 9 12 0.024311623 
82 319 8 11 0.024256643 
342 350 8 9 0.024200955 
79 350 8 11 0.02416209 
810 397 12 16 0.023828397 
366 384 13 15 0.023766939 
705 454 10 12 0.023471925 
858 342 9 12 0.023352273 
601 344 7 10 0.02324703 
732 445 41 50 0.023115039 
848 341 8 10 0.023002693 
636 141 13 16 0.022864163 
744 442 12 14 0.022858165 
528 341 10 12 0.022354405 
408 344 9 11 0.022267945 
357 328 9 11 0.022258954 
80 324 11 15 0.022227047 
729 357 9 13 0.021998856 
894 343 9 11 0.021266984 
285 361 11 16 0.021255555 
101 229 9 12 0.021246154 
852 215 9 11 0.021094816 
319 335 7 9 0.020985361 
799 398 12 15 0.020867063 
273 286 8 11 0.020703183 
814 359 11 12 0.020637069 
813 366 10 13 0.02063471 
606 373 8 10 0.020609144 
706 459 11 15 0.020546263 
822 399 13 16 0.020488286 
853 360 9 11 0.020468866 
397 35 10 11 0.020461913 
660 421 10 15 0.020302352 
352 328 8 10 0.020289693 
701 358 8 11 0.02022253 
265 359 7 9 0.020157075 
848 393 12 15 0.02002567 
728 345 7 9 0.02000033 
