14_Traffic_Traffic_14_443
45
659 155 13 16 0.94905406 
511 131 13 16 0.85573685 
646 170 11 15 0.14409478 
473 166 10 13 0.111318 
421 150 11 14 0.10046063 
556 160 16 22 0.08673545 
701 180 9 12 0.08340945 
550 172 14 19 0.06647688 
565 163 13 19 0.050259713 
456 158 12 14 0.04662393 
1010 369 13 18 0.046351556 
389 137 12 17 0.04623414 
381 134 13 16 0.045749746 
505 132 12 14 0.044633936 
573 167 13 17 0.043870505 
88 141 12 15 0.043409575 
428 222 15 18 0.04009138 
497 143 9 12 0.03608393 
603 123 11 15 0.035515413 
53 308 9 11 0.034240343 
494 126 11 13 0.03248549 
395 135 13 19 0.02986534 
450 171 12 18 0.02985766 
28 533 13 17 0.028706826 
460 162 13 16 0.026665606 
459 166 22 28 0.026534725 
470 161 12 14 0.02427824 
1 170 18 32 0.02418621 
626 505 13 16 0.02373789 
561 154 14 20 0.02319473 
412 208 14 18 0.023043329 
697 142 8 10 0.022906289 
451 156 21 28 0.022604834 
550 164 16 20 0.022194035 
637 165 12 16 0.022012046 
599 204 28 35 0.021930728 
379 142 17 20 0.021268692 
810 205 101 153 0.021244496 
913 257 36 47 0.021065539 
504 126 10 14 0.02090764 
448 156 10 14 0.020846924 
80 538 11 14 0.020621963 
469 175 14 20 0.02057653 
676 164 11 16 0.020566415 
970 350 23 31 0.02052974 
