4.419011277441653007e+00
4.281421345953615898e+00
4.191175693865888618e+00
4.136024413827042778e+00
4.085593769639174866e+00
4.040585795174473915e+00
3.993236062874705006e+00
3.943520099294851811e+00
3.897154750475972484e+00
3.831568625032531372e+00
3.746894435482735819e+00
3.651331257005656195e+00
3.563322596113133844e+00
3.430451615534213961e+00
3.323275153866465992e+00
3.223189001498015127e+00
3.124006773744310461e+00
3.032744754082667971e+00
2.945295794965317349e+00
2.867373221872015598e+00
