1.989722535180749219e+01
1.929692257561298518e+01
1.866733007697585123e+01
1.818014817060150889e+01
1.767407871773524164e+01
1.721863695405284744e+01
1.680551835987138531e+01
1.644991259323143851e+01
1.615112987216214790e+01
1.586330788328040420e+01
1.556513749812700809e+01
1.522223852806209798e+01
1.489925183050380753e+01
1.441257306433612584e+01
1.397287668426584695e+01
1.355270048254024928e+01
1.310828223028538453e+01
1.265965267812243233e+01
1.233337236413304083e+01
1.181137759455982916e+01
