3.944823582572226428e+01
3.663869583680762787e+01
3.537650453674126538e+01
3.456903524132248862e+01
3.384746449778538846e+01
3.321619932251687146e+01
3.264796515133070187e+01
3.214238652975662802e+01
3.171885055488681360e+01
3.127354383468627930e+01
3.078414310875886883e+01
3.024120597809738342e+01
2.972622185612317125e+01
2.896255903954831723e+01
2.829559664104295891e+01
2.765798019918595685e+01
2.699331885687312749e+01
2.633710964422048306e+01
2.581325546554896988e+01
2.511248827869107103e+01
