31_Waiter_Waitress_Waiter_Waitress_31_484
26
572 68 122 174 0.9996773 
334 177 110 147 0.99966264 
137 732 14 16 0.12060377 
126 711 11 14 0.09874547 
81 673 8 10 0.095926285 
157 758 13 16 0.08253739 
169 742 12 14 0.07424548 
104 710 10 12 0.060498334 
252 404 71 91 0.050305527 
128 679 9 11 0.039111055 
96 680 9 12 0.036331665 
157 694 13 15 0.035203055 
144 753 9 11 0.03224252 
28 739 11 12 0.029605359 
153 701 10 12 0.027523583 
557 389 221 259 0.025841052 
152 757 12 14 0.02304877 
63 688 10 11 0.022937102 
161 708 15 18 0.022781469 
142 718 11 13 0.022532495 
94 708 10 12 0.02237828 
601 383 123 165 0.022268217 
151 732 12 14 0.021735711 
93 725 9 12 0.021694833 
86 703 11 12 0.02154586 
111 690 10 13 0.021508483 
