31_Waiter_Waitress_Waiter_Waitress_31_327
24
452 347 105 165 0.99887294 
305 346 95 138 0.99885046 
746 647 20 38 0.63267493 
958 579 20 27 0.54599553 
148 597 10 13 0.3409098 
183 637 37 49 0.18074474 
965 574 12 15 0.13866162 
196 587 12 14 0.0805558 
909 590 12 14 0.066885225 
724 590 11 14 0.05675299 
110 725 10 12 0.038715232 
769 591 8 10 0.030079447 
32 733 12 15 0.026330711 
145 593 9 11 0.025293667 
115 728 35 48 0.024822377 
182 599 11 15 0.023755848 
311 589 11 14 0.023551743 
771 618 17 19 0.022719938 
225 602 18 20 0.02168779 
194 592 16 20 0.021343125 
197 631 34 42 0.021255149 
397 318 115 191 0.02094319 
178 615 43 53 0.020053227 
286 578 13 16 0.020018725 
