31_Waiter_Waitress_Waiter_Waitress_31_351
45
303 160 138 194 0.9992029 
869 75 49 66 0.99838626 
140 144 27 44 0.9613349 
149 147 35 43 0.43474543 
747 375 22 26 0.1484968 
675 95 13 18 0.12453199 
538 174 15 17 0.09821369 
869 373 15 22 0.072761476 
553 138 23 28 0.069742255 
725 124 13 19 0.06315236 
85 144 27 44 0.054231986 
589 129 27 30 0.04784196 
845 371 14 16 0.046221323 
199 115 40 54 0.042183224 
26 188 16 22 0.0408633 
216 121 19 22 0.038448807 
508 405 28 40 0.037748404 
693 94 12 15 0.037320606 
816 327 9 12 0.03648934 
794 153 25 28 0.033692405 
620 77 11 13 0.032119557 
454 109 12 14 0.030165896 
529 136 18 22 0.029910108 
94 150 48 55 0.029585889 
654 61 21 27 0.024849838 
653 100 12 15 0.024660852 
68 203 104 158 0.024393346 
193 120 30 38 0.023919277 
773 341 11 14 0.023357056 
838 158 12 17 0.023061477 
162 153 20 25 0.022874549 
787 333 12 15 0.0228711 
536 137 23 29 0.022823002 
450 137 26 35 0.02281427 
594 177 22 31 0.02229844 
86 58 25 31 0.022059528 
650 34 16 19 0.021774609 
483 130 25 33 0.021506332 
372 111 49 60 0.02150036 
112 160 56 55 0.021364277 
120 161 30 35 0.020828865 
686 93 12 15 0.02076722 
76 305 50 74 0.020623943 
68 272 85 126 0.020345835 
779 196 22 30 0.020139446 
