31_Waiter_Waitress_Waiter_Waitress_31_517
18
348 119 127 175 0.99840575 
693 334 36 56 0.109928615 
711 257 39 64 0.071967915 
340 0 483 463 0.05385812 
729 267 29 56 0.04246222 
314 383 8 11 0.037315864 
319 507 45 58 0.037017394 
223 431 10 12 0.033870537 
273 437 10 12 0.03166261 
277 538 10 13 0.030936157 
600 172 129 120 0.028209973 
241 421 11 14 0.027935112 
190 389 9 12 0.027185785 
311 636 9 12 0.024337452 
215 545 8 10 0.022044007 
215 484 10 12 0.02145132 
693 273 57 78 0.021190742 
874 583 49 50 0.020121796 
