31_Waiter_Waitress_Waiter_Waitress_31_212
17
511 341 85 134 0.7977112 
414 256 134 124 0.4399056 
448 217 175 227 0.14351214 
617 147 99 116 0.08877045 
462 245 137 114 0.085009545 
512 187 120 144 0.058917634 
513 267 75 64 0.05280217 
567 172 128 137 0.043133587 
587 152 60 82 0.035986498 
293 0 46 50 0.030494792 
548 125 83 133 0.029768743 
373 71 377 391 0.029424682 
607 160 70 81 0.025957935 
489 159 189 230 0.025337068 
566 125 49 87 0.024421148 
535 280 46 39 0.022183029 
541 186 212 266 0.020643521 
