31_Waiter_Waitress_Waiter_Waitress_31_358
18
312 282 60 72 0.99872726 
804 168 83 84 0.99002457 
499 279 69 103 0.9898588 
136 256 22 27 0.9657449 
177 312 37 58 0.94765437 
685 364 22 28 0.9342563 
691 257 25 35 0.05520285 
159 257 16 22 0.047802653 
315 79 28 39 0.034227747 
145 286 47 58 0.0322047 
762 173 48 69 0.03142357 
209 213 11 14 0.025936168 
159 303 44 63 0.025009118 
660 254 28 44 0.024042582 
674 398 30 35 0.022107737 
103 299 42 39 0.021019014 
584 4 85 76 0.020844841 
199 276 14 16 0.020450357 
