21_Festival_Festival_21_664
18
219 208 253 356 0.999446 
605 263 277 372 0.99782735 
470 565 49 69 0.97492415 
115 611 422 512 0.054934904 
156 456 509 432 0.054882903 
-1 596 297 485 0.046565734 
549 543 38 42 0.042876262 
567 592 47 57 0.036783174 
535 565 53 63 0.03578885 
60 216 86 149 0.035073306 
512 476 494 562 0.034726746 
36 143 355 539 0.034576777 
207 724 326 257 0.031711627 
55 248 57 88 0.028064271 
530 604 41 47 0.024404474 
69 189 208 331 0.02193925 
434 558 77 106 0.021229323 
4 771 125 228 0.020909432 
