21_Festival_Festival_21_354
23
290 170 379 492 0.99881005 
748 423 110 92 0.8043708 
758 528 106 95 0.11355283 
620 510 41 50 0.08453293 
629 521 25 29 0.054784726 
47 53 197 195 0.053932343 
52 612 48 52 0.048305742 
21 595 210 251 0.043641895 
626 672 455 462 0.04232032 
121 48 41 49 0.041991595 
652 -11 214 190 0.037945252 
704 430 114 101 0.030718883 
776 521 68 65 0.02996205 
561 486 65 68 0.029058931 
590 499 57 61 0.028921379 
644 434 125 110 0.02862132 
94 49 128 116 0.027755082 
290 415 397 505 0.02448603 
434 907 13 16 0.023885407 
27 664 125 110 0.022880275 
250 -6 126 91 0.022635074 
703 572 168 230 0.020779366 
695 1043 10 12 0.020476846 
