21_Festival_Festival_21_513
35
511 102 74 97 0.9922769 
212 110 80 108 0.99083155 
61 165 35 43 0.85591394 
980 368 19 22 0.44704536 
366 149 23 35 0.17855331 
749 104 43 74 0.0748101 
971 374 18 18 0.072948806 
3 846 27 39 0.069938056 
20 61 26 31 0.06909851 
678 181 28 34 0.062626965 
596 88 32 46 0.0602662 
52 24 17 20 0.05643344 
566 75 53 67 0.050421234 
337 103 36 41 0.03964936 
972 238 15 17 0.038030103 
647 208 27 33 0.034979023 
44 22 27 33 0.03119834 
861 94 46 77 0.030863643 
628 244 52 57 0.029363617 
665 184 31 37 0.028613558 
635 213 51 62 0.028333876 
988 202 11 14 0.027536236 
822 892 167 226 0.027452333 
325 173 42 46 0.0272294 
985 199 10 14 0.025684355 
34 51 14 17 0.02531652 
646 210 16 20 0.02491917 
1006 206 11 14 0.024204187 
720 108 55 80 0.023833027 
714 48 33 44 0.023666242 
964 362 31 31 0.02253493 
337 143 48 58 0.021423606 
979 219 12 15 0.021392353 
648 196 44 49 0.021219207 
19 37 46 54 0.020174354 
