21_Festival_Festival_21_881
18
516 81 198 213 0.9976363 
315 603 305 192 0.2070374 
321 132 18 23 0.08723512 
550 775 12 15 0.07112696 
416 739 11 15 0.067826495 
198 550 579 313 0.04930058 
435 939 8 11 0.047345415 
416 931 10 14 0.045331217 
148 1005 16 22 0.033068202 
364 782 199 162 0.032594346 
258 764 444 383 0.031856664 
264 -29 378 502 0.028496657 
128 1037 21 28 0.027157325 
386 578 198 124 0.025648875 
357 819 268 208 0.0251922 
510 755 20 22 0.024432886 
415 671 164 190 0.023789005 
244 195 11 15 0.020381754 
