21_Festival_Festival_21_201
90
770 305 34 47 0.99439275 
41 379 27 41 0.9251911 
679 298 20 29 0.82781476 
217 427 22 26 0.8147487 
720 379 22 27 0.6873193 
396 368 21 29 0.68198746 
275 363 16 18 0.6633747 
506 348 21 31 0.617029 
555 57 101 160 0.59909356 
905 309 17 20 0.49645057 
554 312 18 24 0.4228581 
292 343 17 23 0.36766657 
327 405 22 36 0.3119719 
11 434 14 18 0.27013573 
612 330 15 21 0.2500407 
11 398 15 19 0.16526537 
577 339 14 18 0.124628216 
656 444 14 16 0.12011711 
663 315 12 13 0.10993962 
332 -41 438 440 0.1058983 
601 72 112 141 0.10488306 
243 389 13 14 0.099681176 
86 268 114 86 0.09747955 
591 377 15 19 0.09085021 
459 282 28 43 0.089048706 
616 264 29 41 0.08403724 
482 37 195 218 0.0794425 
-5 51 238 329 0.07712735 
811 300 26 42 0.070997894 
592 325 10 13 0.060657352 
186 19 435 453 0.057673562 
979 244 25 40 0.049542543 
638 295 16 23 0.047824062 
840 201 43 57 0.04580209 
190 434 44 61 0.042038463 
270 718 14 17 0.041453198 
385 478 11 14 0.041193735 
437 341 15 20 0.04034662 
650 435 23 28 0.037324313 
110 707 64 67 0.0364474 
-60 63 392 486 0.036115337 
657 489 15 19 0.033653375 
0 247 26 38 0.03329814 
521 325 11 13 0.032780014 
13 407 14 18 0.03220762 
892 180 29 48 0.032123346 
597 324 12 14 0.031156106 
277 389 17 19 0.030166812 
605 322 14 18 0.029824488 
642 53 109 143 0.02875886 
1003 543 21 35 0.028659757 
633 420 31 41 0.028159276 
55 385 27 32 0.028001674 
661 317 19 25 0.027711045 
470 322 24 30 0.027470423 
339 408 17 25 0.0274454 
429 326 11 14 0.026991306 
625 317 11 14 0.026319277 
565 -1 440 464 0.025669012 
-4 115 114 203 0.025657173 
140 306 62 57 0.025633333 
906 182 24 44 0.02481244 
653 418 27 35 0.02473933 
493 318 10 12 0.024536643 
58 319 33 53 0.024023512 
633 408 23 26 0.023985108 
281 353 19 23 0.023574548 
442 336 25 32 0.023535259 
298 349 16 20 0.023159087 
131 278 49 41 0.0230843 
769 243 24 35 0.023069255 
910 343 30 41 0.023049222 
747 295 29 41 0.022891345 
25 384 26 36 0.022752633 
661 62 244 238 0.022128649 
495 334 9 12 0.02208823 
649 328 14 18 0.022073925 
533 317 12 15 0.02147342 
581 323 14 16 0.021405097 
450 338 15 19 0.021292146 
668 308 13 17 0.021087624 
252 278 16 21 0.021023054 
348 330 32 45 0.021011945 
450 370 11 16 0.020816768 
1014 214 9 15 0.02060765 
415 397 10 13 0.020593192 
0 423 10 13 0.020462476 
311 275 52 61 0.020274794 
496 326 40 53 0.020270428 
281 366 16 20 0.020195784 
