21_Festival_Festival_21_526
355
623 631 14 19 0.826068 
645 636 15 21 0.73701 
76 595 25 33 0.3684292 
32 4 26 29 0.30333096 
240 500 13 18 0.21004683 
983 560 13 19 0.20683852 
583 268 11 15 0.20608336 
466 772 14 21 0.1889201 
699 71 12 16 0.16472237 
908 581 20 27 0.15829994 
949 630 13 20 0.15299428 
33 115 25 30 0.14719726 
912 581 11 15 0.14389332 
288 262 10 12 0.13195072 
680 542 11 14 0.118046634 
265 503 12 15 0.11536366 
950 556 10 14 0.11325943 
985 621 12 15 0.10723499 
930 563 10 12 0.10538272 
524 188 10 12 0.1036544 
227 579 11 15 0.10278597 
726 507 9 13 0.101405345 
447 542 22 27 0.09020583 
280 410 13 18 0.08489037 
6 496 8 11 0.08232395 
176 532 12 16 0.08134534 
580 609 10 12 0.08067083 
85 483 10 13 0.079425246 
54 426 12 16 0.07790576 
44 524 14 19 0.07490633 
669 527 8 12 0.07418619 
159 479 9 11 0.07329319 
58 159 27 32 0.07252275 
729 486 11 13 0.06969073 
292 364 10 12 0.06960297 
452 810 13 12 0.06873178 
922 657 15 20 0.06836503 
683 546 11 13 0.06603904 
971 712 21 32 0.065425254 
783 562 12 16 0.06349274 
837 805 13 16 0.060361184 
141 455 8 11 0.05985112 
266 326 8 11 0.057890564 
1 493 9 15 0.057436433 
929 526 9 12 0.057100296 
721 665 18 21 0.05600145 
52 561 15 17 0.05434142 
969 527 9 11 0.053669278 
232 320 10 13 0.053651467 
24 527 11 15 0.053265728 
184 516 9 12 0.05208112 
864 565 12 16 0.051480275 
769 538 10 13 0.051416628 
13 152 14 17 0.050351493 
717 495 9 12 0.050049037 
744 112 24 28 0.04981964 
718 624 23 35 0.049047474 
886 444 10 12 0.048778653 
56 493 9 11 0.048203718 
403 469 12 15 0.048171327 
996 527 10 12 0.047842707 
54 509 10 12 0.04763989 
150 494 11 13 0.047421403 
2 57 28 35 0.04642152 
562 600 15 20 0.045608602 
63 595 14 18 0.045111995 
224 516 11 13 0.045054466 
989 624 13 16 0.04441603 
619 717 12 17 0.044241324 
228 508 12 16 0.044205643 
122 634 13 16 0.044040214 
739 595 12 18 0.043507416 
99 506 16 20 0.04324876 
261 677 12 16 0.042287387 
716 772 10 14 0.042140033 
222 207 11 16 0.042095296 
949 532 10 14 0.041535504 
623 461 8 10 0.04141131 
607 508 9 12 0.041208073 
917 501 10 13 0.041184463 
517 629 14 21 0.040613104 
114 310 11 13 0.039803278 
602 694 9 14 0.039274886 
47 507 10 13 0.038490325 
133 388 11 14 0.038312506 
984 535 8 10 0.038206235 
66 155 18 22 0.038037706 
251 133 22 28 0.036733974 
754 676 14 16 0.03669147 
465 776 23 28 0.03642403 
329 7 42 35 0.03640693 
17 501 9 12 0.03624533 
902 572 9 12 0.036101345 
47 556 14 16 0.03597884 
250 317 12 14 0.0358196 
500 440 13 20 0.035647836 
908 129 15 21 0.035307597 
797 527 9 11 0.03510531 
154 477 9 13 0.035008755 
399 669 33 44 0.03498832 
717 554 11 14 0.034933876 
577 327 9 11 0.034640998 
247 484 9 12 0.03449935 
109 467 10 13 0.03394119 
151 469 9 10 0.03368848 
249 480 8 10 0.033449225 
229 500 10 14 0.033205662 
660 568 11 13 0.03301087 
151 317 10 13 0.033007704 
471 540 11 15 0.032931037 
200 137 28 30 0.032747984 
228 639 10 12 0.032747805 
564 610 15 18 0.03261062 
676 511 11 12 0.03253654 
400 239 12 14 0.03243132 
107 502 13 16 0.032197114 
894 453 11 13 0.032189794 
660 614 10 12 0.03186951 
564 59 17 21 0.031825177 
446 484 13 17 0.031750243 
165 479 8 12 0.031715255 
163 553 14 19 0.03169848 
877 645 17 23 0.031537678 
271 393 7 9 0.031527206 
788 558 11 14 0.03146204 
693 571 12 15 0.031228544 
918 470 9 10 0.031204548 
314 251 13 16 0.031194774 
197 470 8 11 0.031048544 
617 748 12 16 0.031005656 
218 309 9 13 0.03092563 
950 351 11 14 0.030805063 
94 542 13 17 0.030776147 
712 501 9 12 0.030589754 
20 232 26 32 0.030461436 
819 404 13 16 0.03042926 
415 181 12 14 0.030321613 
774 555 9 12 0.029704493 
725 210 11 14 0.029683374 
698 550 9 11 0.029666439 
749 534 9 11 0.029608823 
200 540 12 14 0.029534275 
332 334 12 15 0.02946795 
172 533 20 25 0.02916765 
304 349 11 14 0.028909368 
227 493 11 14 0.028848363 
836 366 16 18 0.028750937 
780 270 12 14 0.028720196 
770 757 25 37 0.028713547 
887 373 11 14 0.028680177 
14 492 11 14 0.028600201 
244 494 11 14 0.028550858 
344 356 11 15 0.028519636 
784 543 8 11 0.028493011 
753 571 11 15 0.028473997 
919 664 15 18 0.028416935 
70 461 7 10 0.028116947 
958 665 14 19 0.02809538 
505 143 8 12 0.028092816 
160 542 23 31 0.028084721 
145 470 9 11 0.02790417 
785 534 8 10 0.027848296 
697 558 8 11 0.027807543 
21 501 10 12 0.0277503 
983 551 11 15 0.027664762 
752 564 11 15 0.027643783 
416 187 12 16 0.027563175 
173 499 9 13 0.02752648 
951 623 12 16 0.027387366 
566 619 14 17 0.027283754 
566 600 22 26 0.027237898 
965 587 14 19 0.027231043 
168 420 10 13 0.027217366 
30 494 9 11 0.027176617 
934 738 13 17 0.027109219 
94 480 13 17 0.02707812 
236 323 10 13 0.027067717 
972 581 11 14 0.02689824 
967 1 48 46 0.026877522 
134 470 8 11 0.026839238 
960 543 8 10 0.0267724 
945 516 9 12 0.026586728 
156 493 9 13 0.026567312 
830 366 12 15 0.02651335 
693 493 10 13 0.02643498 
715 634 15 24 0.026424073 
760 542 10 13 0.026390579 
631 189 9 11 0.02638062 
792 532 8 11 0.026369698 
14 482 12 14 0.026195133 
238 301 10 12 0.026109759 
929 483 10 13 0.025958007 
63 476 10 13 0.02590239 
221 294 8 11 0.025824063 
351 324 9 12 0.025823355 
747 138 15 17 0.025811825 
264 303 9 13 0.025749397 
230 486 10 13 0.025655076 
399 438 10 13 0.025604848 
535 420 11 14 0.025594441 
84 491 13 16 0.025544131 
648 278 11 15 0.02517277 
484 444 16 20 0.025118439 
752 682 12 15 0.02507647 
280 359 7 10 0.024895173 
94 510 15 20 0.024885556 
802 334 10 12 0.024804331 
20 126 32 39 0.024773156 
992 532 10 12 0.024660448 
773 573 8 12 0.024609426 
783 549 9 11 0.024574978 
656 619 12 15 0.024565909 
988 673 13 18 0.02448876 
750 541 9 11 0.024482502 
782 654 9 13 0.024460532 
176 359 10 13 0.024303798 
141 486 9 12 0.024285551 
979 203 33 33 0.02426791 
492 798 10 14 0.024186198 
66 23 26 29 0.024160465 
346 781 19 32 0.024132224 
621 435 11 14 0.02410278 
180 468 11 15 0.024043778 
468 791 17 21 0.024015978 
11 147 25 26 0.023992544 
215 460 11 14 0.023989337 
22 540 12 15 0.023902368 
419 555 11 15 0.023799554 
457 549 13 15 0.023792386 
430 404 9 13 0.023769975 
245 285 10 12 0.023602447 
534 428 11 14 0.023563843 
220 211 15 22 0.023556978 
647 564 10 13 0.023512332 
479 408 9 10 0.023502415 
263 350 10 13 0.02348468 
803 414 11 14 0.023475543 
84 510 12 16 0.02346974 
728 119 10 13 0.023413451 
257 656 9 10 0.023395112 
976 233 30 33 0.023363438 
705 508 9 11 0.023282344 
801 419 11 14 0.023245651 
95 230 13 16 0.02324555 
470 72 23 29 0.023188272 
770 556 8 11 0.02303858 
423 674 11 16 0.022998275 
718 501 10 12 0.022960281 
170 495 9 12 0.022944754 
48 427 12 16 0.02293412 
729 590 8 12 0.022897657 
692 579 12 17 0.022869071 
231 523 11 14 0.022850957 
734 575 8 11 0.022780208 
598 599 11 13 0.022701688 
191 488 8 10 0.0226976 
192 501 10 12 0.022685787 
745 590 20 24 0.022668839 
331 123 24 29 0.022629436 
230 473 11 15 0.022629358 
406 147 12 16 0.022616778 
383 422 7 10 0.022566326 
735 581 9 12 0.022534609 
632 299 10 13 0.022530321 
334 365 10 13 0.022502625 
245 437 11 14 0.022496816 
143 493 12 14 0.02240915 
148 499 11 15 0.02239826 
217 316 8 11 0.022387026 
792 549 10 12 0.022366732 
912 576 10 13 0.022343695 
157 471 10 13 0.022220688 
949 514 10 13 0.022194926 
920 550 8 10 0.022177538 
888 367 10 12 0.02217234 
799 664 16 22 0.022144606 
189 495 11 12 0.022073677 
213 525 10 13 0.022073409 
658 501 9 12 0.022073166 
506 746 12 16 0.02200167 
180 526 12 14 0.021993205 
897 422 9 12 0.021906827 
863 560 11 14 0.021880759 
445 66 14 16 0.021827804 
596 805 13 16 0.021769127 
886 574 9 12 0.02171594 
255 502 10 13 0.021682495 
799 556 9 12 0.021670006 
0 9 18 34 0.021632196 
6 223 33 47 0.021618979 
883 439 9 12 0.021584403 
263 376 9 12 0.021527851 
220 301 11 14 0.021482442 
349 416 9 11 0.021421121 
1009 579 9 13 0.021418264 
790 543 9 11 0.021399314 
798 551 9 12 0.02139539 
338 423 8 10 0.02138032 
565 323 10 13 0.021377776 
612 501 12 15 0.021375598 
816 334 11 15 0.021329679 
239 245 10 12 0.021311082 
932 530 10 13 0.021309163 
94 501 15 18 0.021306545 
456 364 9 12 0.021256369 
679 526 9 11 0.021225827 
493 441 15 19 0.021202894 
755 579 11 13 0.021183211 
655 486 9 12 0.021139143 
886 450 12 15 0.021091914 
734 509 9 11 0.02104792 
718 520 8 10 0.020921329 
911 620 13 17 0.020906 
468 150 27 31 0.020894032 
449 381 11 13 0.020889424 
856 383 10 12 0.020874707 
112 484 11 16 0.020750994 
129 396 10 12 0.020738808 
158 319 10 12 0.020737298 
441 535 9 12 0.020712938 
943 636 15 21 0.02068947 
727 542 9 12 0.020676082 
428 482 11 14 0.020649394 
85 463 9 10 0.020648466 
627 574 11 13 0.02064818 
583 412 10 13 0.020546857 
926 499 11 14 0.020496843 
214 491 10 13 0.020494265 
769 551 9 11 0.02049421 
876 678 11 14 0.020481253 
632 557 8 11 0.020461231 
168 533 11 15 0.020437773 
222 739 16 19 0.020426318 
878 10 54 55 0.020387348 
713 495 8 12 0.020387277 
440 469 11 13 0.020357884 
158 462 9 11 0.020348277 
962 660 13 19 0.020323524 
245 433 9 10 0.020308664 
863 459 14 18 0.020293543 
584 511 9 11 0.020271312 
114 698 16 21 0.020266475 
118 477 11 15 0.020254446 
26 525 20 24 0.02021086 
237 306 11 14 0.020186909 
199 546 13 17 0.020184858 
174 562 26 31 0.020183692 
586 470 8 11 0.020143868 
779 766 34 40 0.020117957 
207 504 9 11 0.020075304 
567 536 10 12 0.02006497 
203 534 13 16 0.020057356 
540 477 11 14 0.020055221 
588 272 12 16 0.020036543 
695 519 8 11 0.020002395 
