21_Festival_Festival_21_943
96
292 187 16 19 0.7534369 
738 190 10 13 0.74665415 
761 184 9 12 0.66517293 
102 179 12 15 0.58822787 
188 188 13 16 0.5219591 
710 191 12 14 0.4288977 
805 190 12 15 0.4274343 
112 194 11 16 0.42438495 
547 182 13 15 0.31200162 
518 185 8 11 0.3075453 
135 191 10 14 0.27324894 
493 189 9 11 0.20246297 
886 179 13 16 0.19729872 
353 176 9 12 0.17641117 
687 218 14 18 0.16555677 
486 186 13 15 0.16231373 
568 190 10 13 0.16061081 
833 192 10 13 0.15845828 
938 197 8 11 0.14906813 
67 190 12 16 0.13709489 
763 186 11 14 0.13665406 
543 185 11 14 0.13533236 
382 341 90 110 0.12448661 
156 196 12 13 0.09622846 
701 236 17 20 0.090325154 
515 184 8 11 0.08710966 
85 189 11 13 0.081280224 
168 190 10 13 0.079792514 
129 192 9 12 0.078891195 
260 189 13 15 0.07219636 
229 184 9 13 0.066242546 
237 221 9 12 0.063279726 
277 188 14 18 0.057859965 
254 187 12 14 0.050570093 
140 191 10 12 0.049385678 
153 191 12 14 0.049106926 
213 190 9 11 0.04868724 
811 191 10 14 0.047423687 
185 193 11 14 0.04671846 
933 213 10 12 0.046124574 
249 187 9 13 0.044782586 
409 357 55 60 0.043746393 
277 181 12 16 0.0436016 
180 289 14 18 0.042348064 
157 203 12 14 0.04060182 
226 187 9 12 0.03978118 
421 155 10 12 0.03721199 
184 183 13 16 0.034926474 
102 195 12 16 0.032947104 
679 216 13 18 0.032822546 
870 191 10 12 0.032508347 
209 196 11 13 0.03205073 
110 230 11 13 0.03136368 
173 263 12 15 0.031294554 
116 190 11 15 0.030732837 
823 198 9 10 0.03045578 
715 194 12 14 0.029230205 
257 195 11 14 0.029214725 
285 192 13 17 0.028365493 
726 197 11 14 0.028126437 
319 190 12 16 0.02801629 
324 194 11 15 0.027730476 
703 232 12 15 0.027545644 
729 191 11 13 0.027203497 
890 183 14 17 0.027015293 
725 203 11 13 0.026751634 
943 228 9 12 0.026257496 
109 235 13 15 0.026238065 
799 193 14 17 0.026095832 
881 174 11 15 0.026051348 
164 291 14 21 0.025986161 
238 183 10 11 0.025917985 
213 215 11 15 0.02556532 
106 175 13 17 0.024874857 
566 184 11 14 0.024393369 
286 181 15 20 0.024367753 
94 195 12 17 0.02433018 
692 243 13 17 0.023506094 
559 188 9 11 0.023367587 
238 201 11 16 0.023308393 
54 180 9 12 0.022928819 
525 181 11 13 0.022389775 
706 189 20 23 0.02216844 
652 191 9 11 0.022142109 
95 180 12 16 0.022101775 
95 204 12 16 0.02169068 
693 238 22 26 0.021666655 
193 181 14 17 0.021306416 
557 182 10 13 0.021100378 
92 188 11 15 0.021061806 
724 251 13 16 0.020895379 
704 196 11 13 0.020747414 
745 227 10 15 0.020563407 
266 187 13 16 0.020365166 
271 181 11 14 0.02028926 
591 436 15 18 0.020233778 
