21_Festival_Festival_21_605
62
178 114 62 79 0.998519 
443 30 83 112 0.9984301 
939 259 28 37 0.9982399 
805 75 66 88 0.9979296 
309 63 75 95 0.99702233 
633 56 68 96 0.9955173 
986 185 19 24 0.9491874 
88 268 16 26 0.941743 
759 161 19 29 0.9014217 
6 248 17 25 0.84326 
34 232 14 18 0.8198346 
934 207 16 21 0.80620307 
58 237 20 27 0.578581 
44 263 10 13 0.37176964 
55 281 12 15 0.1527463 
78 160 11 13 0.13694951 
54 243 14 18 0.12338104 
72 320 11 14 0.10390163 
994 266 23 33 0.08574063 
943 96 28 40 0.08398824 
13 104 10 13 0.07848503 
85 315 10 14 0.076711945 
201 51 483 387 0.065597825 
965 225 13 17 0.061976146 
60 226 16 21 0.054881066 
50 245 10 14 0.049596563 
961 196 12 16 0.04803257 
62 302 12 14 0.04617093 
76 317 12 15 0.04318226 
79 311 11 14 0.042878803 
30 205 10 13 0.039245766 
55 269 10 11 0.03840787 
230 582 14 19 0.03496075 
989 266 35 57 0.034180317 
24 207 9 13 0.033090133 
1001 327 17 22 0.03299904 
0 229 9 14 0.03171601 
64 222 11 14 0.03124118 
49 282 12 15 0.030015314 
1005 293 13 16 0.028543042 
69 308 14 17 0.02846507 
7 237 11 14 0.028025413 
978 172 33 46 0.027828537 
41 234 14 18 0.027511114 
286 186 317 210 0.026677618 
1000 301 10 13 0.026330085 
561 99 38 44 0.026277907 
977 563 13 16 0.026021332 
83 232 12 16 0.025997076 
958 229 23 30 0.02482139 
6 221 9 12 0.024467424 
73 242 14 18 0.024361366 
6 293 10 14 0.023825534 
49 0 10 9 0.023803495 
54 262 12 14 0.022590602 
50 253 22 27 0.02253109 
76 233 15 21 0.022443859 
396 54 16 22 0.02206636 
23 234 12 17 0.021785887 
4 228 11 14 0.02116542 
995 301 28 39 0.02102671 
60 268 10 12 0.020848764 
