21_Festival_Festival_21_218
37
571 192 34 52 0.98925376 
541 210 30 42 0.98646575 
99 154 41 57 0.97991276 
950 141 38 46 0.9760844 
304 117 33 52 0.9540023 
637 168 32 39 0.9492698 
858 114 39 52 0.9463535 
318 192 29 35 0.6909183 
559 201 31 50 0.1334939 
312 622 48 51 0.13069947 
434 253 16 18 0.106216155 
532 229 28 36 0.08493057 
432 257 22 25 0.06861284 
528 245 25 32 0.0683374 
532 245 15 18 0.063617386 
428 355 12 15 0.054966446 
198 116 22 30 0.04749543 
13 312 16 20 0.046257205 
401 230 31 35 0.039340004 
687 196 23 33 0.034840666 
643 190 16 20 0.03288021 
71 180 36 46 0.032056425 
438 294 10 12 0.0319781 
667 171 12 18 0.029597387 
85 17 401 461 0.025942085 
758 252 12 15 0.025486562 
236 70 32 39 0.023981191 
23 27 48 77 0.02322771 
304 185 46 62 0.022776684 
417 624 51 50 0.02273892 
6 27 74 132 0.022324484 
688 196 13 18 0.0214333 
554 204 18 22 0.021344472 
675 199 38 48 0.021069512 
660 192 35 49 0.020401834 
648 174 36 49 0.020366907 
807 206 51 66 0.02013098 
