21_Festival_Festival_21_830
19
462 134 359 513 0.99790466 
5 502 54 67 0.8126416 
823 507 53 75 0.7142246 
969 503 44 58 0.29141632 
975 468 12 15 0.1848577 
37 600 437 475 0.10753121 
139 626 248 297 0.055799156 
935 508 46 59 0.054558583 
134 115 114 190 0.041279808 
344 538 623 509 0.040615164 
583 73 392 515 0.034324966 
951 506 45 47 0.031488504 
129 554 13 16 0.025271045 
178 649 169 168 0.025262954 
925 504 33 54 0.024182295 
156 332 13 16 0.02396893 
96 533 14 20 0.02351107 
956 525 46 44 0.022399632 
902 475 14 17 0.020930918 
