21_Festival_Festival_21_727
82
584 95 107 127 0.9637468 
416 126 11 16 0.4603149 
427 469 12 16 0.17359386 
434 133 11 14 0.1660329 
215 209 25 31 0.15247872 
518 431 16 20 0.1504017 
491 192 15 20 0.09849875 
433 128 10 12 0.074222766 
207 213 10 14 0.07397133 
473 328 17 20 0.06976538 
414 171 12 14 0.06935546 
535 435 15 17 0.062630296 
389 439 14 16 0.06071927 
387 165 10 14 0.059605993 
198 331 110 140 0.05243304 
430 382 13 17 0.051792648 
422 180 11 12 0.045939483 
281 176 38 38 0.043952696 
210 211 17 22 0.043379672 
624 73 103 118 0.042011455 
391 135 10 12 0.04051205 
263 179 52 61 0.038393825 
493 182 14 17 0.03829506 
468 331 25 35 0.03805071 
446 133 8 11 0.037522934 
466 478 12 15 0.037058923 
419 175 12 14 0.0357468 
673 90 59 75 0.03470872 
489 168 9 11 0.03351297 
946 344 10 12 0.033378683 
508 34 35 40 0.03232365 
357 227 10 12 0.03148613 
350 411 9 11 0.030783273 
336 242 13 17 0.030294932 
394 184 9 12 0.029983316 
316 429 10 13 0.029855754 
859 252 11 14 0.029344022 
993 347 10 13 0.028801937 
470 142 11 14 0.028256487 
482 156 9 11 0.028238824 
242 357 28 35 0.02819515 
501 178 12 15 0.027511274 
414 340 26 35 0.027402535 
961 347 10 11 0.026676988 
461 351 11 16 0.026310526 
381 359 26 36 0.026265178 
525 428 22 25 0.025883026 
491 261 10 14 0.025395587 
514 168 8 10 0.025121883 
367 407 9 11 0.02478642 
384 159 12 15 0.024260674 
386 362 16 20 0.024214601 
504 255 11 13 0.023752302 
476 182 11 14 0.023750879 
519 144 8 10 0.023632767 
223 205 19 22 0.023601748 
431 137 12 14 0.023545481 
345 495 9 10 0.023468666 
283 188 17 18 0.02340689 
468 186 13 15 0.02335302 
209 365 31 41 0.023289733 
413 411 31 41 0.02308308 
227 359 35 40 0.023080735 
445 38 11 13 0.022879539 
543 172 9 13 0.022734609 
414 159 11 14 0.0223846 
358 208 10 13 0.022309754 
905 504 9 11 0.022029713 
988 663 33 29 0.022008458 
461 188 14 17 0.021900082 
509 30 12 15 0.021827672 
415 478 10 13 0.021665063 
429 116 11 13 0.021629592 
461 341 24 38 0.021412423 
903 174 10 11 0.02112998 
425 150 11 15 0.020796811 
457 141 10 12 0.020693265 
365 236 18 25 0.02067869 
416 179 11 13 0.020323936 
233 347 57 67 0.020210823 
539 35 177 211 0.020091185 
494 172 12 15 0.020086199 
