21_Festival_Festival_21_290
28
556 285 59 75 0.9982162 
467 307 62 78 0.995869 
96 210 94 123 0.9900975 
301 226 65 108 0.98872805 
818 302 53 102 0.69835377 
990 264 13 18 0.50703466 
931 331 40 73 0.08471565 
370 191 97 121 0.0711413 
832 332 53 90 0.065854974 
629 713 16 20 0.057427526 
326 203 86 124 0.05369081 
32 916 12 14 0.050733265 
45 422 14 19 0.040691912 
130 334 24 28 0.037790976 
729 690 28 36 0.037729595 
688 621 32 36 0.036873404 
533 844 126 100 0.031710733 
648 848 31 30 0.031578638 
406 201 62 64 0.029849704 
398 315 23 28 0.028860787 
594 683 15 20 0.028339718 
456 691 27 28 0.02257307 
716 671 28 34 0.02162609 
773 994 123 102 0.02156648 
470 677 48 52 0.021094292 
568 856 35 31 0.020934774 
628 704 25 32 0.020735163 
655 846 13 15 0.020709865 
