21_Festival_Festival_21_193
444
204 437 33 45 0.99930346 
630 439 20 35 0.9392787 
377 407 17 23 0.8865025 
956 435 24 35 0.63867044 
374 365 16 20 0.5717683 
258 482 48 56 0.53045595 
167 389 18 28 0.5285287 
959 355 13 15 0.5262238 
206 381 16 23 0.46482643 
816 427 19 30 0.45664072 
396 460 20 32 0.43943426 
38 488 56 83 0.43367505 
715 457 21 37 0.39203656 
440 470 30 42 0.33621716 
739 404 11 17 0.32292247 
270 327 10 13 0.28047457 
237 411 19 27 0.2531717 
278 378 13 18 0.22236572 
231 395 16 19 0.21867004 
876 391 17 24 0.19562545 
686 480 24 30 0.1890742 
813 396 14 16 0.18560039 
262 387 13 16 0.17517594 
119 320 20 23 0.16205958 
676 396 12 15 0.15951598 
988 407 14 20 0.15405971 
340 362 12 14 0.15071636 
818 374 9 12 0.14889961 
531 409 17 20 0.14807373 
360 357 12 14 0.14020628 
397 369 14 16 0.13891405 
687 556 55 98 0.13807045 
331 405 21 27 0.13407765 
340 349 9 11 0.13256676 
33 381 20 22 0.12814938 
936 390 21 27 0.12784547 
173 358 12 16 0.124585114 
652 409 12 18 0.12420691 
811 574 92 105 0.12164419 
15 498 54 71 0.1213468 
2 25 169 240 0.1208738 
213 356 15 18 0.12045955 
668 423 14 20 0.11881356 
918 401 16 19 0.11863422 
933 508 26 48 0.11781783 
207 420 31 39 0.11568657 
419 392 16 21 0.11535236 
754 434 17 23 0.11100029 
213 413 24 29 0.11053944 
343 459 22 24 0.10565105 
576 486 24 36 0.105191074 
657 374 10 13 0.10265593 
413 390 13 16 0.09983958 
562 383 22 26 0.09875268 
261 341 9 13 0.09697826 
252 365 13 17 0.09607594 
538 412 17 19 0.090719685 
362 369 15 19 0.090666234 
651 459 18 24 0.09039118 
52 419 21 37 0.08954821 
611 417 18 20 0.08634085 
77 347 12 16 0.086132206 
598 364 8 11 0.084092714 
180 395 19 27 0.082216874 
358 362 14 17 0.0809568 
436 385 16 18 0.08095661 
634 409 17 20 0.08031523 
642 449 21 32 0.079602815 
699 484 16 20 0.078034736 
277 348 9 12 0.07705248 
460 365 10 14 0.075827286 
232 400 21 26 0.07399727 
735 199 10 13 0.07354121 
327 340 9 12 0.071230516 
939 452 50 58 0.07045429 
466 432 23 25 0.07031934 
745 373 10 13 0.07023784 
260 365 11 16 0.069699824 
492 352 10 12 0.06943102 
103 354 11 14 0.06896437 
693 468 42 56 0.06770733 
131 380 11 16 0.06746856 
365 410 13 19 0.06732971 
423 393 20 26 0.065871984 
453 344 8 11 0.064655215 
969 439 21 28 0.062409677 
640 378 12 15 0.062247034 
571 379 15 21 0.061800163 
398 378 12 15 0.059742868 
260 394 14 16 0.058049276 
682 493 52 72 0.05793867 
255 342 12 14 0.0573998 
506 349 8 10 0.057289544 
213 349 13 15 0.056743 
70 344 14 18 0.05639304 
76 318 22 25 0.056387544 
728 379 10 13 0.05543691 
792 384 9 11 0.054973226 
811 467 31 33 0.05451453 
468 380 15 18 0.05411583 
39 352 9 12 0.054020204 
671 389 12 16 0.053549696 
457 371 10 13 0.052645583 
477 235 14 18 0.05257388 
408 394 12 16 0.05235053 
469 348 9 11 0.05207873 
252 347 13 16 0.05183942 
436 373 12 15 0.051409766 
107 348 12 15 0.051205035 
438 379 13 16 0.050733946 
50 336 15 18 0.05064515 
267 373 20 26 0.049521174 
941 381 15 17 0.049171392 
255 386 14 18 0.0486752 
588 381 11 15 0.048599787 
140 363 10 14 0.048242893 
599 387 12 15 0.0482132 
447 358 10 14 0.048141975 
354 455 17 23 0.04806681 
646 406 13 19 0.0479114 
84 313 16 23 0.04732735 
941 409 17 20 0.046751965 
966 328 9 11 0.046601463 
275 326 13 15 0.04636657 
573 372 13 17 0.046285767 
854 427 19 31 0.04626953 
256 396 12 17 0.045886498 
25 505 29 45 0.045552462 
806 356 11 14 0.045541473 
765 381 12 14 0.045314215 
57 361 15 17 0.045290336 
964 351 12 14 0.045182053 
486 426 15 23 0.044919156 
795 409 15 19 0.044432282 
389 347 10 12 0.04421155 
548 403 12 20 0.0438803 
335 344 10 13 0.043517303 
560 386 13 17 0.043203186 
237 331 10 14 0.043155093 
726 387 15 19 0.043121167 
709 389 13 15 0.042180244 
871 379 15 17 0.042091977 
4 511 39 52 0.041965324 
538 417 22 27 0.041390944 
988 355 11 14 0.04138183 
652 441 17 22 0.041279964 
220 348 13 16 0.041077577 
623 379 12 17 0.040390383 
649 366 8 10 0.040134713 
250 352 16 20 0.039806303 
528 403 14 19 0.03956119 
482 340 8 11 0.039517842 
201 335 9 11 0.039033607 
718 410 11 16 0.03901946 
179 383 15 24 0.03893492 
142 341 13 16 0.038920972 
541 497 23 40 0.038885344 
299 388 13 16 0.03870943 
440 358 9 12 0.03839659 
469 395 15 17 0.037945207 
403 365 12 15 0.037501484 
666 491 95 114 0.03744649 
375 394 13 17 0.03744366 
845 434 25 35 0.037398685 
63 341 12 16 0.03723449 
604 382 11 15 0.037225295 
856 439 34 48 0.037176237 
256 366 23 28 0.03708598 
449 347 10 12 0.03686204 
822 443 36 39 0.036628656 
1012 346 11 16 0.03653911 
478 230 11 15 0.036427327 
641 435 19 29 0.036133107 
397 454 35 47 0.035924055 
284 384 11 17 0.035565775 
6 308 25 35 0.035316117 
731 396 15 19 0.035097636 
993 404 17 20 0.035063233 
1 362 25 33 0.03490096 
673 420 18 22 0.0348856 
191 328 8 9 0.034851618 
925 386 12 16 0.034590457 
670 173 9 12 0.034428727 
685 397 12 16 0.03418575 
420 356 10 13 0.034097984 
444 380 10 14 0.03406722 
455 396 10 15 0.03398174 
149 294 22 26 0.033937287 
478 360 9 11 0.033688616 
696 382 8 10 0.033515155 
346 334 10 12 0.033503883 
253 399 20 28 0.03344057 
341 343 11 14 0.033421196 
229 355 14 17 0.033419676 
192 390 21 27 0.03340445 
130 315 15 20 0.03326328 
965 397 12 15 0.032986727 
531 394 16 21 0.03265718 
637 603 34 49 0.032329135 
463 389 25 28 0.0322868 
622 372 11 16 0.032258973 
858 420 21 30 0.03209501 
607 404 12 16 0.031884387 
557 360 8 10 0.031782553 
795 387 12 14 0.031702228 
237 356 11 16 0.031665947 
594 364 9 12 0.03166045 
431 387 14 19 0.031580396 
727 404 14 18 0.0314998 
285 326 11 15 0.031465083 
971 374 19 25 0.031350702 
679 228 10 12 0.03130178 
803 410 12 17 0.031154608 
314 388 14 17 0.031115197 
790 366 8 11 0.030899841 
258 355 13 18 0.030610353 
168 349 11 14 0.03045081 
671 381 11 15 0.030294428 
986 352 9 11 0.030253327 
129 380 19 27 0.030138612 
103 343 12 16 0.030022101 
659 409 14 19 0.029992748 
580 385 14 17 0.029960524 
233 327 9 12 0.02994854 
385 344 9 12 0.029666768 
470 376 12 13 0.0296519 
716 389 11 14 0.029543152 
290 408 22 29 0.029411647 
70 489 48 68 0.029350339 
185 400 24 29 0.029266782 
537 357 7 9 0.028906679 
404 381 11 15 0.028882032 
476 365 11 12 0.028855756 
745 440 24 32 0.028820751 
577 351 7 10 0.028693585 
814 421 14 21 0.028590428 
369 331 8 11 0.028458202 
465 344 9 12 0.028414838 
248 418 17 22 0.028212627 
871 401 15 18 0.028173007 
693 398 10 14 0.028146075 
248 342 10 12 0.028118482 
849 598 66 77 0.027982598 
434 200 16 21 0.0278636 
16 422 30 37 0.027739748 
867 378 25 32 0.027603561 
226 415 19 23 0.027523367 
253 376 16 20 0.02749794 
108 347 23 27 0.027461538 
711 461 16 26 0.027448509 
594 349 8 11 0.02736099 
213 343 22 26 0.027249523 
305 358 8 11 0.027241517 
733 376 9 11 0.027182758 
336 358 12 15 0.027167784 
631 424 24 33 0.026764253 
412 395 18 23 0.026736023 
670 400 14 18 0.026697459 
901 390 12 16 0.02669709 
236 488 55 63 0.02666772 
294 368 13 17 0.026562003 
395 394 14 19 0.026548753 
102 374 12 16 0.026516903 
695 358 10 13 0.02650835 
457 435 27 32 0.026487349 
220 339 13 16 0.026482211 
326 380 11 14 0.02626913 
942 399 19 23 0.026233198 
778 206 115 166 0.026107976 
546 205 9 12 0.026100585 
429 407 15 19 0.026098497 
945 415 15 19 0.026091155 
582 350 8 12 0.02599792 
567 364 10 12 0.025952576 
12 349 12 15 0.025917482 
1010 344 10 12 0.025868725 
480 435 22 31 0.025854953 
900 413 12 15 0.025829766 
1006 355 12 15 0.025800548 
137 382 23 31 0.025778731 
736 229 12 15 0.025772134 
992 390 23 28 0.025709825 
568 358 9 11 0.025629723 
156 392 20 23 0.025618283 
89 321 14 18 0.025607798 
287 298 11 14 0.025558824 
379 389 12 15 0.025463777 
60 337 20 26 0.025425151 
1002 402 16 21 0.025397228 
416 367 9 12 0.025378942 
725 342 8 10 0.02536702 
280 414 23 26 0.025257677 
40 503 34 50 0.025257353 
582 356 9 12 0.025190175 
397 386 14 17 0.02514335 
861 395 12 15 0.024982473 
658 431 16 20 0.024980607 
462 360 9 12 0.024951449 
267 458 38 45 0.024898399 
198 384 17 21 0.024783015 
806 362 11 14 0.024759319 
581 365 12 14 0.024717484 
297 315 15 16 0.024693906 
591 404 12 15 0.024632717 
189 363 12 15 0.024563348 
254 311 12 17 0.024518514 
109 314 13 19 0.024458267 
283 374 11 16 0.024417076 
391 456 16 27 0.024400698 
320 343 8 10 0.02436754 
644 374 10 14 0.024312912 
349 363 9 13 0.024308011 
709 372 9 11 0.024293657 
70 324 23 30 0.024282588 
921 432 18 24 0.024279498 
391 365 12 16 0.024131356 
682 419 17 22 0.024087975 
3 360 17 20 0.024068624 
973 348 9 13 0.024048962 
258 345 13 17 0.023979304 
844 427 18 22 0.023906104 
729 411 21 26 0.023901347 
696 601 85 70 0.023819435 
460 395 15 18 0.023795132 
940 528 46 58 0.023772066 
44 348 13 15 0.023751007 
71 320 16 19 0.023699159 
343 444 23 31 0.023661245 
790 445 17 24 0.02357679 
502 396 10 13 0.023466062 
519 358 7 9 0.023374215 
775 406 20 29 0.023331834 
272 341 11 15 0.023308108 
301 365 11 14 0.023271311 
718 358 9 12 0.023237202 
311 334 9 11 0.02319448 
422 465 37 46 0.023146456 
218 378 13 20 0.02302534 
636 386 18 22 0.023015123 
797 350 11 12 0.0230127 
495 383 11 14 0.022970593 
96 349 13 17 0.022917457 
142 380 13 18 0.02285922 
417 350 10 13 0.022842111 
491 476 27 38 0.022675354 
434 357 8 12 0.022622034 
474 385 15 18 0.022621946 
804 398 18 24 0.022577511 
796 394 15 20 0.022495037 
415 373 11 13 0.022470646 
964 512 41 59 0.022466043 
915 447 44 55 0.022443658 
317 350 8 10 0.022412196 
579 426 16 20 0.022412054 
831 357 10 12 0.022402471 
599 349 7 9 0.022395287 
189 332 11 13 0.022352211 
596 403 14 17 0.022321694 
69 516 32 41 0.022319684 
629 384 14 20 0.022293428 
453 357 11 15 0.0222585 
190 348 11 13 0.022187931 
326 358 8 11 0.022159887 
462 469 26 33 0.02215337 
879 453 25 37 0.022111062 
976 445 23 26 0.022065187 
971 401 20 25 0.02204012 
641 410 20 26 0.02203728 
575 356 8 11 0.022004018 
317 380 14 16 0.021978378 
183 338 10 15 0.021968711 
1006 369 13 16 0.021963065 
957 429 15 21 0.021960849 
151 355 12 16 0.02194149 
51 344 16 20 0.021916598 
76 364 13 16 0.021901546 
772 380 10 13 0.021881023 
214 342 13 15 0.021837741 
351 341 9 12 0.021814572 
450 588 65 62 0.021796612 
893 458 26 38 0.021742485 
338 372 14 17 0.02172599 
617 372 11 14 0.021721264 
549 506 29 38 0.021686496 
32 355 10 13 0.021682564 
151 363 11 14 0.021643423 
91 311 14 22 0.021615842 
421 364 9 12 0.021593874 
12 342 12 14 0.02159287 
294 380 15 18 0.02157226 
812 409 15 19 0.021558333 
41 340 11 15 0.021552024 
55 365 21 25 0.021506574 
936 381 13 17 0.02147755 
785 388 10 15 0.021409811 
419 382 12 15 0.02136413 
528 367 8 11 0.021338457 
667 412 16 21 0.02133738 
966 343 11 12 0.021262249 
823 437 20 23 0.021127226 
646 424 20 27 0.021105412 
704 398 19 26 0.02109538 
735 364 7 10 0.021092072 
133 373 12 18 0.021089846 
542 366 9 11 0.021029444 
973 358 10 12 0.020998415 
1001 414 19 23 0.020984259 
832 433 26 29 0.02096813 
359 353 10 12 0.02095558 
181 373 14 18 0.020888 
894 391 13 19 0.02086378 
678 380 12 15 0.020859206 
318 357 10 13 0.020853056 
649 358 9 12 0.020833267 
1012 352 12 18 0.02079039 
184 333 10 13 0.020778986 
575 367 10 13 0.020747487 
333 386 12 15 0.020741696 
338 443 18 23 0.020727254 
9 354 15 19 0.020722594 
293 334 11 15 0.020590825 
136 359 11 15 0.020589776 
157 356 12 16 0.020583825 
855 396 13 16 0.020583441 
855 389 11 15 0.020542266 
187 329 8 10 0.020534147 
568 373 12 14 0.020519132 
285 315 12 16 0.020502463 
19 314 15 20 0.020458892 
3 503 94 113 0.020426732 
207 329 27 31 0.020420259 
910 395 13 17 0.02041927 
942 438 26 34 0.02031484 
643 393 14 18 0.02030704 
149 345 12 16 0.020297285 
608 351 8 10 0.02028879 
510 372 10 14 0.02022251 
672 374 9 11 0.020173578 
92 329 12 16 0.020150082 
612 420 23 31 0.020136064 
866 416 16 22 0.020085769 
587 427 15 19 0.020062534 
85 365 12 15 0.020031236 
454 379 11 14 0.02001802 
