21_Festival_Festival_21_140
57
518 494 42 54 0.9032135 
431 460 21 29 0.86148244 
345 482 23 25 0.6924347 
1007 519 17 31 0.3450887 
206 763 22 38 0.26083478 
950 448 9 12 0.14151777 
776 656 106 128 0.0916333 
697 667 24 28 0.07932161 
726 426 11 15 0.077821985 
467 403 12 15 0.07340275 
440 1223 56 74 0.07125095 
877 555 15 17 0.04995031 
421 422 10 12 0.04923236 
724 677 16 21 0.046657063 
745 557 10 13 0.04460972 
336 433 23 29 0.04411757 
140 700 13 16 0.042204093 
427 441 29 40 0.041335374 
120 725 9 10 0.039940026 
418 522 32 47 0.03960356 
791 493 10 12 0.03862491 
851 560 19 24 0.036010347 
975 437 12 13 0.033744138 
433 516 41 54 0.033123326 
337 895 26 30 0.030539231 
256 453 33 39 0.029509306 
123 635 13 15 0.029162562 
343 476 14 20 0.028779123 
401 839 9 12 0.028686572 
256 690 13 16 0.028551003 
147 706 14 17 0.028443858 
237 702 25 31 0.028024219 
46 652 14 18 0.02783432 
640 470 23 29 0.02754452 
288 806 12 14 0.027424602 
829 632 51 81 0.027034482 
336 828 8 12 0.026629828 
137 697 21 25 0.02588534 
192 695 21 26 0.025069734 
648 463 17 21 0.02424736 
155 430 11 13 0.024202297 
417 851 528 559 0.023527427 
117 732 10 13 0.022481384 
350 424 27 34 0.022236621 
355 815 8 11 0.022172999 
795 549 24 29 0.022116847 
712 672 21 27 0.021476403 
998 522 17 24 0.021363921 
302 446 15 20 0.021288812 
465 418 18 19 0.021239856 
421 425 14 18 0.020657172 
336 516 52 52 0.020594278 
617 470 11 14 0.020391472 
423 424 27 32 0.020357652 
277 784 8 11 0.020345908 
465 422 28 34 0.020301303 
618 475 13 15 0.020214144 
