21_Festival_Festival_21_562
26
610 117 52 64 0.9901037 
403 272 24 29 0.296695 
356 289 17 21 0.2720164 
52 240 22 29 0.26850015 
360 282 25 29 0.15719113 
166 141 47 63 0.091937155 
752 270 178 218 0.06381665 
397 274 14 17 0.055207316 
-58 273 432 570 0.04805373 
894 425 10 13 0.038261026 
393 275 11 15 0.037897993 
59 239 14 17 0.03532432 
151 101 91 114 0.034774136 
630 99 55 70 0.029006219 
168 97 30 29 0.027563872 
349 294 16 19 0.02714891 
398 301 14 16 0.026345273 
953 233 67 64 0.026286406 
678 32 52 74 0.024804194 
233 49 418 477 0.02298932 
410 285 17 21 0.022973109 
669 19 87 125 0.022705084 
1 339 11 18 0.022599762 
163 79 32 36 0.021077741 
135 131 57 66 0.02098499 
847 397 12 14 0.02080074 
