21_Festival_Festival_21_331
74
746 224 56 70 0.99910885 
353 292 45 59 0.99811494 
237 275 27 35 0.99718225 
266 273 28 36 0.9959805 
520 295 29 36 0.99166065 
150 403 86 107 0.9907409 
162 281 19 24 0.9817919 
142 314 25 33 0.96639276 
61 365 37 45 0.96010727 
661 277 36 42 0.95552474 
987 263 39 48 0.88151234 
477 281 14 18 0.6141801 
888 240 26 36 0.49686947 
245 269 33 45 0.4705883 
297 382 46 58 0.34869534 
461 268 11 15 0.30678236 
628 321 16 18 0.24489029 
494 295 22 26 0.20164172 
852 214 22 32 0.19793038 
617 325 27 36 0.14275287 
868 226 40 53 0.12575506 
678 272 46 54 0.11527209 
718 297 27 43 0.10202608 
867 336 27 35 0.094916746 
354 434 55 64 0.08558557 
857 213 40 51 0.075464 
708 255 35 41 0.072543815 
576 270 9 12 0.064903915 
471 275 17 21 0.06265911 
695 282 46 58 0.05602618 
82 350 31 36 0.055293515 
470 319 44 61 0.049558323 
633 194 42 69 0.04457244 
725 239 46 61 0.040888235 
264 428 30 39 0.04018096 
208 320 37 51 0.038537383 
988 238 16 19 0.03745102 
472 285 41 51 0.035700683 
423 302 26 34 0.035378974 
267 388 56 68 0.030586425 
620 339 17 24 0.028829344 
988 718 13 17 0.028744822 
468 268 14 16 0.028275136 
124 440 32 35 0.027724281 
611 341 15 21 0.027567765 
455 268 22 27 0.02687847 
298 489 47 57 0.026769383 
863 220 21 24 0.026584135 
460 279 13 18 0.025687994 
484 287 13 17 0.02555057 
502 296 24 32 0.025459073 
614 332 13 18 0.025391571 
67 637 12 15 0.024825044 
840 577 21 28 0.024816912 
0 296 21 43 0.02477963 
594 274 39 46 0.024606593 
649 276 26 34 0.024178432 
282 432 16 21 0.024106793 
671 286 21 25 0.024044333 
969 357 46 50 0.02386904 
486 351 34 45 0.023861455 
699 271 30 38 0.023478493 
122 308 14 15 0.023284694 
145 312 43 52 0.023273587 
461 300 44 58 0.02313808 
981 282 15 21 0.02300568 
886 322 62 79 0.022979587 
960 282 21 28 0.022749428 
493 305 27 39 0.022640688 
607 298 42 53 0.022560634 
665 353 44 58 0.022335313 
476 310 29 33 0.022038728 
312 400 22 26 0.021520102 
440 263 29 34 0.020293599 
