21_Festival_Festival_21_225
19
751 285 45 59 0.9976666 
625 467 53 63 0.9975199 
384 446 47 59 0.9960926 
667 212 46 58 0.9950275 
846 302 49 66 0.99363685 
482 163 112 137 0.9905005 
964 234 12 15 0.20365669 
288 519 42 56 0.084367655 
972 231 12 16 0.036815647 
447 610 26 45 0.03581414 
850 37 8 11 0.03572488 
444 671 20 23 0.028643265 
595 695 27 29 0.028498769 
50 82 414 459 0.02736721 
198 710 54 55 0.026852356 
566 393 45 42 0.025033923 
745 520 52 48 0.024638465 
125 712 61 57 0.021233182 
26 555 36 55 0.020133158 
