21_Festival_Festival_21_585
122
121 332 22 28 0.94395936 
58 348 19 24 0.88868886 
22 236 13 16 0.8326067 
201 317 16 21 0.7686469 
181 337 20 26 0.68680674 
114 284 15 20 0.6369886 
254 338 21 25 0.6200126 
214 291 15 20 0.5743891 
562 52 33 32 0.3881528 
26 258 14 17 0.3710764 
18 326 18 21 0.26251242 
288 530 13 17 0.23611794 
817 416 74 99 0.23092581 
31 205 12 15 0.22453234 
17 301 15 18 0.1762316 
131 280 14 17 0.16871065 
308 324 16 19 0.13894325 
47 289 14 17 0.13414733 
80 285 12 14 0.13251287 
110 237 11 14 0.13094188 
50 205 10 13 0.106451645 
265 261 13 17 0.104702026 
59 259 12 15 0.10021465 
198 244 13 17 0.09383273 
20 356 15 18 0.0931872 
61 279 11 14 0.08866451 
179 254 13 15 0.07563827 
7 207 10 13 0.07467993 
442 477 13 15 0.07107866 
91 199 8 10 0.06834857 
347 498 14 17 0.06144626 
442 542 10 13 0.06078279 
247 418 17 19 0.06031257 
125 282 13 17 0.058593802 
470 500 12 14 0.05848513 
52 235 11 14 0.056512773 
551 271 14 19 0.05631868 
561 49 21 24 0.055614837 
125 300 16 21 0.05471731 
357 89 59 88 0.054641195 
28 194 16 20 0.05342457 
67 229 9 12 0.053121265 
57 313 16 22 0.052709617 
71 199 11 13 0.050203223 
15 312 21 26 0.046266876 
129 205 7 10 0.045857385 
173 187 10 13 0.045120586 
514 458 15 21 0.043165892 
209 374 12 15 0.042862672 
508 390 9 12 0.042777255 
694 459 16 19 0.042271838 
428 535 9 12 0.042083815 
351 506 12 14 0.042065453 
365 63 28 41 0.041158587 
263 232 9 11 0.040903527 
269 523 14 19 0.039432153 
449 516 9 12 0.03914876 
368 501 10 12 0.038761243 
94 259 14 16 0.03862622 
0 346 12 23 0.038100906 
550 581 8 11 0.037113756 
50 230 9 12 0.037051313 
53 286 12 15 0.036755044 
268 598 27 33 0.03527364 
153 192 9 12 0.03518781 
198 191 8 10 0.03478772 
285 403 11 13 0.034641538 
-1 390 15 29 0.03463077 
195 192 8 10 0.03418813 
239 222 14 16 0.03389938 
64 309 21 27 0.03226673 
142 260 13 16 0.03221332 
496 445 32 41 0.030656658 
453 494 12 14 0.030157557 
309 278 15 19 0.029638415 
464 510 9 11 0.029236792 
236 391 12 13 0.028943108 
78 239 11 15 0.028577652 
275 613 16 18 0.028170919 
115 199 8 9 0.028047957 
249 276 14 18 0.02786906 
356 509 10 13 0.027784718 
100 214 8 10 0.027548902 
160 179 9 11 0.02718079 
366 517 14 16 0.027127285 
262 254 11 15 0.026925894 
209 344 12 16 0.0268709 
366 507 15 18 0.026811434 
505 494 11 13 0.026404386 
636 408 17 22 0.026129076 
561 77 56 60 0.026092947 
452 439 18 20 0.026017373 
356 501 12 16 0.025953103 
101 238 20 23 0.024852375 
123 290 15 19 0.024840886 
533 76 103 114 0.024409223 
47 223 10 13 0.02424439 
119 162 12 14 0.02417694 
477 502 10 13 0.023763807 
52 295 13 18 0.023490578 
270 300 10 12 0.023485515 
303 515 9 13 0.023417141 
72 283 10 14 0.023354515 
413 457 14 17 0.023075951 
119 190 10 12 0.022868188 
205 444 9 13 0.022644507 
321 528 10 14 0.022249734 
358 515 12 15 0.022157269 
558 57 45 53 0.0218759 
252 310 18 21 0.02177136 
231 238 11 13 0.02157132 
463 515 10 13 0.021432575 
332 543 12 13 0.021238707 
287 195 16 20 0.02112457 
222 372 16 18 0.021075493 
452 139 13 16 0.020932829 
823 394 59 74 0.020630939 
68 278 11 14 0.020598972 
464 500 12 15 0.020347595 
461 492 13 16 0.020347243 
234 499 12 16 0.02012552 
85 214 9 11 0.020033106 
