21_Festival_Festival_21_601
27
304 332 27 29 0.98836577 
932 318 26 31 0.98649514 
404 351 23 28 0.97423154 
871 335 17 22 0.9654993 
17 329 17 21 0.9229671 
645 349 15 21 0.9022138 
512 363 17 21 0.66087216 
766 332 21 29 0.33608648 
785 334 22 27 0.08740783 
795 333 13 18 0.042358465 
754 327 40 46 0.040293325 
466 412 14 16 0.03815981 
102 695 24 31 0.034635067 
818 67 12 15 0.03245506 
22 348 11 13 0.029122356 
772 323 24 31 0.02517353 
310 257 13 17 0.024569934 
779 322 14 17 0.024445225 
9 351 8 11 0.024437059 
405 399 16 19 0.024175473 
917 379 17 20 0.024111578 
397 401 12 16 0.024029428 
864 317 11 13 0.023547906 
388 385 15 19 0.020627398 
640 319 7 11 0.020357186 
493 403 17 21 0.02033552 
662 302 10 12 0.020299127 
