21_Festival_Festival_21_660
158
401 345 339 458 0.99874735 
374 147 11 15 0.16514616 
241 301 10 12 0.10616384 
118 85 9 10 0.09824584 
919 291 9 13 0.08515196 
333 382 10 11 0.08488652 
369 134 10 12 0.07877194 
319 18 13 15 0.064954005 
945 20 11 14 0.059300642 
15 402 11 14 0.059019785 
146 115 7 10 0.058752045 
82 212 13 16 0.058704067 
63 419 10 12 0.058021747 
949 255 12 16 0.057459097 
83 836 27 41 0.05704274 
158 672 8 10 0.054459736 
632 87 9 12 0.053782318 
75 451 12 15 0.05183916 
1 166 10 17 0.051062282 
61 566 11 13 0.048886593 
118 124 10 12 0.04785361 
142 462 12 15 0.04740247 
73 584 10 11 0.044697486 
247 35 12 15 0.044506457 
342 134 11 14 0.044158258 
6 540 15 19 0.043469734 
280 548 13 17 0.04317446 
285 252 11 15 0.04282198 
192 526 9 11 0.042566266 
399 165 9 12 0.04250802 
196 454 11 13 0.042506393 
110 141 14 17 0.04205727 
70 740 9 11 0.041580763 
287 392 14 18 0.04153019 
240 242 10 13 0.041415974 
156 318 11 14 0.040727835 
90 369 459 514 0.03980619 
966 332 11 14 0.038230885 
253 145 10 11 0.037936103 
625 13 9 11 0.03765375 
318 317 10 12 0.037185922 
17 171 10 13 0.035787925 
240 305 13 17 0.03565825 
364 251 11 14 0.03547509 
160 427 13 15 0.03476511 
236 650 10 13 0.034691244 
143 510 10 12 0.03468954 
654 182 49 59 0.034568463 
229 444 9 11 0.033647045 
302 172 9 10 0.033455037 
293 597 11 13 0.033412836 
205 46 11 12 0.032956805 
247 938 14 17 0.032636397 
214 117 23 32 0.032590322 
19 401 13 16 0.032371733 
373 104 10 11 0.031500082 
229 36 10 12 0.03105059 
305 259 10 13 0.030564077 
92 847 16 21 0.030552566 
166 446 10 11 0.029783111 
249 148 10 11 0.02968946 
332 155 11 14 0.029469464 
360 124 8 10 0.029165301 
278 130 10 14 0.029138835 
328 173 8 10 0.029021358 
78 239 10 13 0.028851625 
959 157 13 15 0.02824418 
93 181 12 15 0.028052595 
296 275 9 12 0.027978161 
121 197 11 14 0.027875341 
325 198 11 15 0.027530834 
148 113 9 11 0.027465468 
370 139 20 25 0.02732581 
383 159 9 11 0.027294762 
911 291 12 14 0.026892917 
282 538 16 19 0.026723664 
315 365 14 16 0.026611438 
69 232 10 13 0.026373707 
174 676 9 10 0.026233075 
45 673 16 18 0.026221177 
199 52 11 15 0.02618539 
135 634 9 13 0.026025731 
304 3 15 16 0.025895936 
315 458 15 18 0.025867196 
248 44 10 13 0.025577404 
140 513 11 14 0.025492001 
255 213 10 13 0.025386177 
217 83 16 20 0.025317365 
248 670 9 13 0.024989776 
358 141 7 10 0.024989069 
277 469 11 16 0.024850694 
263 142 8 10 0.024840677 
243 350 14 19 0.024631454 
333 267 12 15 0.024499534 
95 439 9 11 0.024400614 
678 52 9 11 0.02433078 
306 78 22 29 0.024150576 
349 203 11 14 0.024090689 
181 748 10 13 0.024004329 
78 124 10 14 0.023956645 
310 83 12 17 0.023856271 
94 714 16 18 0.023810703 
225 36 9 12 0.023643969 
169 673 8 10 0.02363896 
345 205 11 13 0.023502402 
270 671 10 12 0.023362901 
293 363 10 12 0.023345517 
892 404 15 20 0.023236433 
328 100 9 12 0.023232922 
312 310 11 14 0.02298946 
183 285 10 13 0.022972148 
127 517 7 9 0.02290166 
263 367 10 12 0.022887744 
181 698 12 14 0.022856047 
891 1 69 69 0.022809193 
71 631 11 13 0.022800768 
297 716 11 14 0.022739409 
583 84 11 12 0.0227108 
213 695 10 13 0.022666119 
101 550 12 14 0.02264152 
231 149 8 10 0.02251722 
1014 374 8 13 0.022501448 
942 423 8 10 0.022284731 
345 120 8 10 0.022240832 
94 607 8 10 0.022138216 
1010 349 8 11 0.022043785 
153 675 9 11 0.02204247 
234 60 10 12 0.02194519 
221 362 14 15 0.021905558 
323 74 13 18 0.021861926 
278 372 10 12 0.021744959 
954 259 12 15 0.021722334 
343 125 11 14 0.02167581 
301 199 12 14 0.021343833 
85 565 12 15 0.021333417 
950 314 9 13 0.021192608 
21 439 12 15 0.021192249 
162 434 14 18 0.021177243 
209 940 18 22 0.021171859 
110 458 12 15 0.021025121 
134 443 11 13 0.021007445 
816 13 8 11 0.020953408 
147 573 12 16 0.020929497 
165 598 10 11 0.020897087 
149 140 13 15 0.02078242 
352 140 8 11 0.020752313 
227 363 13 15 0.02067845 
189 23 9 12 0.0206452 
332 18 12 16 0.020623773 
367 7 12 13 0.020591512 
16 517 8 11 0.02044898 
359 136 8 11 0.020423714 
113 181 9 11 0.020393612 
246 71 10 13 0.02028609 
201 758 9 11 0.020212352 
383 120 9 11 0.020180307 
220 138 12 16 0.020036072 
310 574 11 12 0.020010259 
