21_Festival_Festival_21_936
39
381 194 293 411 0.9961211 
254 277 133 207 0.9602315 
872 144 119 157 0.28347284 
115 344 52 51 0.27384314 
146 93 27 32 0.13117324 
655 556 109 141 0.106613316 
26 189 170 252 0.09302662 
108 356 65 73 0.084613495 
435 527 447 436 0.082916334 
653 588 65 90 0.07875044 
-42 98 412 542 0.074106455 
409 1382 14 17 0.061212298 
617 87 148 203 0.049599104 
695 549 137 153 0.047206488 
68 297 48 59 0.044804253 
14 544 26 33 0.044154275 
34 368 29 33 0.042794723 
86 427 53 59 0.042082615 
52 266 111 136 0.041225925 
44 376 30 33 0.03367843 
138 363 58 75 0.03363842 
98 320 55 62 0.03222181 
319 1464 10 12 0.031271875 
667 472 215 251 0.030118097 
919 1503 10 13 0.029819941 
809 67 175 278 0.02945913 
188 87 27 33 0.02717812 
149 148 32 35 0.02706668 
837 152 27 31 0.026127983 
59 383 17 22 0.02505927 
131 344 94 124 0.024267977 
88 313 97 109 0.024259398 
567 357 345 433 0.023303175 
289 398 64 84 0.022618666 
95 388 60 73 0.022396019 
733 174 41 48 0.021801868 
31 381 43 54 0.021516368 
410 1290 22 30 0.020703211 
31 84 259 290 0.020064412 
