21_Festival_Festival_21_373
114
78 184 38 50 0.9900074 
872 180 16 21 0.95283717 
833 169 15 23 0.9313508 
397 202 20 26 0.88300365 
935 168 16 20 0.8631621 
682 219 15 18 0.68102056 
798 181 12 15 0.63951415 
606 215 12 15 0.60168463 
565 191 10 13 0.5015424 
746 189 8 11 0.50125635 
599 268 23 28 0.33398855 
806 244 23 26 0.32173342 
398 240 30 28 0.31384468 
549 219 13 18 0.25920328 
581 181 9 11 0.22037558 
657 291 10 13 0.18563405 
858 219 18 20 0.17576948 
726 187 8 10 0.1740271 
494 249 15 19 0.14418371 
590 264 23 28 0.13807674 
692 195 9 12 0.13694914 
38 195 9 12 0.11711464 
544 199 11 13 0.11399413 
467 325 15 23 0.09244053 
822 247 29 34 0.07475156 
637 202 23 32 0.0740405 
576 245 13 16 0.073338345 
394 252 28 27 0.07287678 
487 250 24 33 0.06745833 
550 190 10 12 0.06718439 
712 210 12 15 0.06140186 
556 237 14 17 0.05826974 
611 232 14 19 0.056197535 
803 187 9 12 0.052107193 
632 286 11 16 0.049743846 
780 199 13 17 0.04858775 
7 198 11 16 0.047710884 
642 191 9 11 0.047335297 
583 257 21 27 0.04717512 
531 265 18 20 0.04697733 
808 221 12 15 0.04506471 
655 275 9 12 0.044156116 
672 200 7 10 0.04371208 
836 164 22 26 0.043538623 
690 193 8 11 0.040545054 
522 218 14 19 0.04042562 
395 240 19 22 0.039900795 
392 180 9 11 0.038992018 
396 218 31 38 0.037900966 
644 195 12 16 0.03764113 
591 234 11 15 0.036712527 
607 276 24 27 0.036577106 
558 257 11 15 0.03651163 
792 175 11 15 0.036117792 
851 214 18 23 0.035793766 
541 213 16 20 0.035690676 
392 204 16 20 0.034941237 
591 256 39 44 0.034834467 
556 226 13 17 0.034533557 
599 183 9 12 0.034325782 
815 181 10 13 0.0343239 
786 203 14 17 0.033992838 
844 177 13 17 0.03357562 
576 201 20 26 0.03343701 
922 216 9 12 0.03311247 
565 184 12 15 0.032392666 
610 218 12 15 0.0320741 
605 364 13 15 0.031509954 
850 170 14 17 0.03147937 
553 242 12 14 0.030417103 
2 189 8 13 0.03007481 
555 214 12 15 0.02946532 
599 189 9 11 0.029428195 
508 203 12 16 0.029386055 
791 184 13 16 0.02840234 
677 198 9 12 0.027445098 
576 197 11 16 0.026449613 
839 147 12 15 0.02626837 
908 204 11 15 0.026193859 
851 223 24 28 0.026036799 
779 207 15 18 0.0254954 
580 185 12 14 0.025028836 
592 183 9 11 0.02498504 
722 185 9 11 0.024904476 
824 178 11 17 0.024139458 
533 213 20 26 0.02392333 
600 197 10 13 0.023517083 
663 278 9 11 0.02331132 
737 188 10 12 0.023158673 
782 180 12 15 0.022999004 
571 80 534 514 0.022964878 
830 200 13 17 0.022906356 
737 184 8 9 0.022715488 
660 287 12 15 0.022439841 
650 211 13 19 0.02227254 
542 222 15 19 0.022129659 
393 187 12 15 0.021829428 
943 167 16 21 0.021810753 
600 217 13 16 0.021795873 
35 191 10 13 0.021673622 
688 213 16 20 0.021651853 
806 212 13 20 0.02159466 
523 255 23 28 0.021537907 
609 269 17 20 0.021428393 
517 179 12 13 0.021414207 
690 201 14 16 0.021337418 
564 242 12 16 0.021173485 
390 187 43 51 0.020990731 
637 289 10 14 0.020933634 
563 230 12 15 0.020901563 
835 236 24 33 0.020868413 
620 200 13 18 0.020588662 
471 249 31 37 0.020267863 
598 172 12 14 0.02011696 
