21_Festival_Festival_21_797
61
641 130 104 132 0.9993637 
419 215 51 65 0.99932563 
287 198 28 40 0.9974975 
313 322 53 63 0.99744725 
84 241 51 61 0.9966618 
501 257 53 70 0.99622786 
835 162 39 49 0.9942213 
172 297 45 45 0.9878526 
293 232 50 63 0.98240066 
184 76 25 41 0.97661054 
780 282 50 64 0.9306743 
35 185 28 42 0.92968404 
101 335 49 56 0.9259455 
665 66 35 46 0.89230365 
133 447 18 24 0.43994614 
505 190 41 49 0.27508262 
262 452 15 22 0.24685413 
468 100 11 14 0.15535524 
272 297 42 53 0.14156674 
799 76 12 16 0.10777348 
767 60 25 36 0.106005035 
819 308 45 36 0.09970534 
777 71 16 22 0.073176555 
444 368 49 51 0.06560151 
533 155 15 20 0.05448197 
928 145 32 44 0.043765523 
931 22 12 13 0.0416323 
108 172 46 55 0.03610576 
744 217 29 40 0.034021433 
151 43 38 44 0.03211668 
585 93 11 13 0.03063391 
107 192 27 31 0.030165756 
693 12 32 39 0.029885974 
17 178 42 61 0.029430212 
767 145 44 57 0.028365867 
592 581 32 38 0.02814666 
174 99 13 18 0.02738038 
141 67 29 35 0.027371513 
275 260 54 64 0.02681676 
807 38 34 35 0.026711594 
295 185 46 52 0.026167635 
740 44 19 22 0.025948262 
529 200 18 21 0.025073314 
138 1249 15 18 0.024606943 
76 172 14 17 0.024537567 
929 26 16 19 0.024521645 
773 -4 107 104 0.024323275 
63 508 63 83 0.024280505 
936 162 12 16 0.023973683 
796 26 56 59 0.023939447 
168 42 30 37 0.023677805 
897 173 28 39 0.023460787 
149 34 32 35 0.023174137 
156 72 46 55 0.023102459 
461 50 10 13 0.022575887 
778 146 26 33 0.022047887 
790 74 14 18 0.021959094 
781 126 39 53 0.021539435 
249 1237 34 39 0.021216193 
358 193 14 18 0.020221682 
343 217 26 35 0.020030417 
