21_Festival_Festival_21_378
199
636 242 20 24 0.9804239 
743 212 11 15 0.89616853 
90 268 14 18 0.8953703 
191 210 12 15 0.8879882 
968 213 12 15 0.87537897 
913 229 11 15 0.84610206 
47 214 8 11 0.7857093 
908 276 17 20 0.75197476 
334 206 11 13 0.6866704 
859 219 10 13 0.6546326 
546 227 10 13 0.5818229 
445 211 10 13 0.58094203 
29 207 11 14 0.53279376 
719 216 10 13 0.4830814 
679 225 13 17 0.4635329 
627 217 12 16 0.45890456 
80 212 10 12 0.41887134 
821 220 10 13 0.41807014 
765 290 11 15 0.39800355 
283 204 12 15 0.39729246 
519 218 11 12 0.3492613 
596 224 9 12 0.33934405 
692 211 11 14 0.3332118 
582 216 9 12 0.30708033 
838 272 11 13 0.29798442 
208 203 10 13 0.29385704 
136 207 11 13 0.28889397 
946 221 9 11 0.2773726 
619 235 12 16 0.27031288 
235 222 8 12 0.22371343 
140 238 11 16 0.22231404 
126 229 11 14 0.1938197 
480 217 10 11 0.17481333 
171 211 10 14 0.16474465 
873 224 11 13 0.14978985 
803 223 11 13 0.14421849 
258 216 9 11 0.1427524 
897 223 10 12 0.12385432 
780 214 12 15 0.12359768 
486 217 8 10 0.12330735 
665 247 10 13 0.099708416 
541 215 10 12 0.09575269 
839 228 8 9 0.08024541 
139 212 12 15 0.07728339 
119 207 9 11 0.07425482 
862 247 9 11 0.06943875 
42 213 10 13 0.06558688 
62 206 8 11 0.06458907 
1 196 11 15 0.060723335 
899 270 17 22 0.058926206 
399 214 13 16 0.05557007 
264 198 9 12 0.0545401 
829 295 10 13 0.054180257 
991 222 7 9 0.05363464 
501 263 9 12 0.053535856 
858 248 8 10 0.05349551 
523 271 8 11 0.052752465 
853 259 9 12 0.051915385 
736 213 12 15 0.051386856 
726 244 9 12 0.050597906 
255 204 9 11 0.049999267 
16 197 9 11 0.048727162 
826 296 8 11 0.048586342 
197 234 11 13 0.047565956 
899 227 10 14 0.047047243 
878 247 10 12 0.046545345 
934 251 12 18 0.045895673 
381 208 8 10 0.045572817 
870 246 10 12 0.04514744 
25 210 10 13 0.044769347 
273 214 9 12 0.044333003 
4 190 11 15 0.043983303 
510 215 9 12 0.043563437 
364 219 10 12 0.043441396 
477 309 12 14 0.041666415 
464 221 9 10 0.0414635 
424 220 7 11 0.041050013 
371 238 12 15 0.04100848 
710 221 10 12 0.0405282 
623 286 40 51 0.040353898 
428 269 9 12 0.03990691 
854 255 9 11 0.039865606 
939 251 14 19 0.039731137 
422 277 9 11 0.039518066 
223 207 8 10 0.039297517 
762 287 10 14 0.039130725 
998 323 14 17 0.038670607 
707 223 8 10 0.03750674 
505 219 10 12 0.036747754 
382 212 9 12 0.036160488 
278 211 10 13 0.03566515 
7 179 11 14 0.034042154 
118 252 9 13 0.03352443 
501 275 11 16 0.03230059 
712 215 11 13 0.03192961 
968 236 10 14 0.0317263 
942 235 11 15 0.03170075 
431 209 8 10 0.03144933 
759 221 9 10 0.030808019 
310 264 8 10 0.029680602 
95 206 9 11 0.029640308 
662 221 10 13 0.02873017 
816 215 13 15 0.028643144 
673 214 8 11 0.028432686 
211 303 643 534 0.02827067 
884 251 10 12 0.028103454 
211 200 10 12 0.027998148 
382 220 10 13 0.027901737 
986 222 9 11 0.027760107 
223 212 10 13 0.02774738 
141 217 12 15 0.027687965 
518 287 8 11 0.027435118 
150 213 8 12 0.027372362 
352 214 9 11 0.027026625 
567 223 8 11 0.02700015 
273 237 7 10 0.026967494 
501 237 9 12 0.026842188 
897 234 11 14 0.026736239 
581 231 9 12 0.026509449 
238 216 9 13 0.026441103 
618 233 9 12 0.026421214 
110 296 9 12 0.026397983 
677 214 11 14 0.026261766 
152 208 7 9 0.026228672 
646 223 11 13 0.026044825 
233 199 9 11 0.026012355 
392 214 11 14 0.026000965 
910 214 10 12 0.02578902 
819 240 7 10 0.02577045 
664 227 10 14 0.025698356 
895 214 10 12 0.025649142 
477 314 14 18 0.025509195 
381 187 8 11 0.025440097 
501 268 10 13 0.025378784 
295 205 10 13 0.02511078 
670 250 9 12 0.025044573 
845 294 9 12 0.025022142 
3 201 11 15 0.024911894 
78 254 10 12 0.024815125 
697 251 10 14 0.024543319 
165 248 8 10 0.024450434 
702 206 10 12 0.024449622 
250 239 8 11 0.024298206 
798 216 12 15 0.024097199 
703 214 11 12 0.024090173 
509 255 9 12 0.024048302 
262 203 10 12 0.023974026 
141 231 11 13 0.023735285 
233 205 8 10 0.023726987 
934 222 9 11 0.02340593 
170 199 7 9 0.023400668 
195 206 12 15 0.023363028 
749 277 12 14 0.023199739 
996 236 9 12 0.023141168 
150 190 9 11 0.023110082 
403 206 14 17 0.022904284 
133 305 8 10 0.022876887 
838 293 13 15 0.022861958 
834 276 10 12 0.022846753 
615 240 13 16 0.022823311 
847 215 9 11 0.022797845 
910 224 13 15 0.022658007 
883 287 11 14 0.022490501 
846 222 8 11 0.022481717 
463 252 10 12 0.02235295 
885 276 9 12 0.022319885 
153 230 8 12 0.022277834 
104 212 8 11 0.022246292 
924 354 15 20 0.022095276 
112 214 9 12 0.022081722 
947 226 13 14 0.021975929 
377 211 9 12 0.02191215 
173 188 9 11 0.021903558 
368 242 11 12 0.02184071 
803 215 13 15 0.021735828 
834 229 9 11 0.021715049 
829 213 10 12 0.021679103 
564 291 12 15 0.021648431 
281 201 10 13 0.021567365 
578 219 9 12 0.02132832 
378 184 8 12 0.021231104 
288 237 10 12 0.020969853 
160 213 9 12 0.020963369 
77 296 8 12 0.020929039 
887 229 9 11 0.020923419 
292 213 9 11 0.020746965 
528 254 9 13 0.020656588 
159 208 7 9 0.02062855 
249 204 8 10 0.020573985 
202 234 15 16 0.020545062 
359 238 11 15 0.020509962 
392 198 10 12 0.020503094 
879 238 9 12 0.02039143 
903 215 9 12 0.020384744 
502 231 9 12 0.020254545 
1003 327 15 19 0.020230621 
159 222 8 11 0.020220418 
936 236 11 14 0.020192934 
238 206 8 9 0.020002654 
