0_Parade_Parade_0_377
254
258 505 69 94 0.9934116 
572 305 30 35 0.9602819 
854 361 70 77 0.9579859 
977 340 19 24 0.94493186 
730 308 23 27 0.94071597 
147 312 42 58 0.921028 
90 363 60 68 0.89584017 
945 321 15 19 0.8330269 
16 264 43 68 0.6798325 
345 336 23 33 0.6055867 
771 318 16 19 0.60499936 
71 387 34 43 0.51967216 
428 311 14 20 0.4920597 
548 295 20 26 0.48250523 
244 339 32 38 0.43354735 
808 310 13 16 0.4100463 
265 251 10 13 0.38420805 
2 237 34 42 0.32573995 
469 317 10 14 0.29062554 
409 419 11 13 0.26333708 
329 342 11 15 0.22357756 
487 297 12 15 0.21507011 
76 379 52 61 0.21300252 
637 313 10 14 0.20238183 
896 308 15 18 0.19302872 
338 321 16 18 0.17263591 
399 273 14 19 0.16364004 
254 212 15 18 0.14894776 
79 252 50 52 0.14301726 
650 316 11 15 0.14231426 
349 332 14 19 0.13944346 
250 402 23 35 0.13713387 
845 311 12 15 0.12340842 
388 293 12 17 0.119790606 
768 285 9 13 0.118566915 
364 406 12 15 0.11408149 
351 338 32 38 0.11179469 
562 300 25 32 0.09868116 
518 318 11 15 0.09413953 
466 254 13 16 0.09301697 
363 382 16 20 0.08970099 
711 315 12 16 0.08747888 
598 333 13 16 0.08725293 
366 378 25 26 0.084853895 
969 319 9 12 0.08100729 
521 433 12 15 0.07902407 
456 429 10 13 0.07899132 
651 310 12 15 0.07886473 
540 253 14 19 0.07240146 
631 326 10 14 0.07178049 
683 284 12 14 0.07038768 
491 344 12 16 0.0702751 
388 350 21 31 0.06876512 
270 235 12 15 0.06570343 
0 282 50 89 0.06494205 
77 280 27 31 0.062530324 
344 343 15 20 0.062338088 
354 273 22 29 0.062287267 
457 278 15 17 0.061812837 
830 317 12 14 0.0602721 
661 275 11 14 0.059444424 
371 366 28 31 0.05863461 
327 341 20 24 0.057700027 
43 341 41 52 0.056711398 
124 214 11 14 0.056567445 
485 346 12 16 0.05651161 
801 325 10 13 0.055938713 
339 330 23 30 0.05591958 
697 291 13 16 0.054689813 
239 226 12 17 0.053869665 
189 286 17 22 0.053466257 
5 243 45 69 0.05335477 
532 298 11 15 0.0528391 
391 436 16 20 0.05097885 
648 300 12 14 0.050906576 
108 336 57 71 0.04975124 
678 274 14 18 0.049610622 
547 207 33 46 0.049269244 
574 259 10 13 0.048081808 
757 284 12 16 0.047302075 
589 277 11 15 0.04698304 
653 332 11 12 0.046222836 
387 405 13 16 0.04577385 
28 398 13 16 0.045737546 
26 365 25 31 0.04520737 
349 268 11 14 0.045050528 
612 303 15 19 0.044712186 
79 198 8 11 0.04470767 
172 272 17 19 0.044351514 
156 267 34 37 0.044242036 
105 183 10 13 0.04402756 
759 313 16 20 0.043957543 
53 263 43 56 0.042687334 
48 419 17 18 0.042534485 
349 388 10 15 0.04252891 
581 278 12 14 0.04250519 
795 300 14 17 0.0421114 
477 347 15 18 0.041956104 
314 385 24 28 0.04093094 
540 291 20 27 0.040871352 
681 270 10 13 0.04034041 
558 313 13 18 0.0399625 
531 309 15 21 0.03893544 
522 314 14 19 0.038854122 
732 302 17 21 0.03877513 
351 307 13 16 0.038319282 
579 327 17 21 0.037953462 
345 325 15 18 0.037876435 
372 291 10 13 0.037820224 
365 280 14 19 0.03711524 
356 264 14 17 0.036955535 
577 279 11 14 0.036768522 
220 269 12 15 0.03669663 
617 316 14 17 0.035443626 
379 362 18 24 0.034901552 
267 294 11 14 0.034822535 
325 518 49 67 0.03479003 
932 321 12 18 0.034661245 
648 323 12 16 0.033851366 
637 396 10 14 0.03383292 
491 282 14 18 0.033695426 
464 320 11 16 0.03359293 
347 277 15 22 0.03354466 
822 303 10 12 0.033378165 
363 346 30 35 0.03320257 
681 291 11 13 0.03306024 
451 238 11 16 0.03277072 
671 334 10 14 0.032220017 
267 245 13 16 0.032189142 
55 364 45 59 0.0321394 
48 482 46 49 0.032091584 
329 323 11 15 0.032081824 
549 229 27 31 0.03200914 
-3 280 30 56 0.032004252 
373 285 10 14 0.031808518 
790 314 12 17 0.031605 
716 288 14 16 0.03088142 
176 276 26 31 0.03081629 
158 290 42 56 0.030490423 
376 385 18 18 0.03048625 
938 372 16 23 0.029811017 
479 292 14 19 0.029612744 
562 322 15 21 0.029555311 
574 290 27 34 0.0293124 
136 237 11 13 0.029187305 
288 500 59 86 0.029155243 
437 229 15 19 0.028849967 
659 280 13 17 0.028611379 
775 306 21 28 0.028603345 
422 278 10 12 0.028593684 
395 406 12 15 0.028496202 
519 441 14 19 0.028356006 
9 338 43 65 0.028255438 
651 290 13 16 0.028249705 
809 341 11 13 0.028211474 
99 257 18 20 0.028059155 
940 345 24 32 0.027880466 
496 379 25 37 0.027766168 
-1 417 21 35 0.027253179 
376 235 11 13 0.027055215 
1011 305 11 17 0.026989533 
838 316 12 14 0.026747793 
545 255 15 20 0.026540345 
174 298 41 55 0.02651623 
60 238 90 92 0.026456181 
97 250 29 34 0.02642117 
609 348 13 17 0.0261878 
331 330 15 20 0.026082551 
209 299 31 40 0.02590397 
501 333 12 16 0.025869913 
662 326 11 13 0.025811356 
669 272 20 26 0.02577469 
262 257 15 17 0.025768604 
496 336 12 14 0.025731616 
584 316 26 33 0.025670284 
336 419 11 13 0.025339076 
629 291 9 12 0.025266197 
247 403 45 58 0.025209393 
347 314 15 17 0.02492896 
239 214 10 11 0.024900151 
346 265 24 32 0.024792725 
623 443 9 10 0.024739673 
191 220 13 15 0.02472633 
374 392 13 16 0.024564767 
181 418 27 35 0.024559971 
546 250 26 29 0.024537114 
681 237 8 10 0.024406848 
254 261 10 13 0.024294233 
251 449 29 33 0.024257278 
840 505 24 30 0.024231184 
860 551 10 13 0.024115881 
371 404 12 15 0.024091773 
254 253 11 14 0.024079535 
389 311 15 22 0.024015794 
954 323 13 16 0.023818089 
692 316 13 15 0.02374533 
473 313 15 19 0.023739452 
671 275 10 14 0.023619376 
39 481 30 39 0.023566142 
223 499 49 69 0.02343905 
973 322 10 12 0.023266219 
260 413 27 29 0.023232099 
852 316 12 15 0.023202209 
985 322 11 14 0.023197098 
122 304 49 60 0.022973754 
540 303 14 20 0.02290295 
277 226 12 16 0.022816394 
931 316 21 27 0.022766704 
669 254 12 14 0.02275696 
244 222 12 16 0.022694778 
230 450 60 76 0.02263794 
444 414 10 13 0.022421667 
635 323 11 16 0.022365026 
247 252 12 14 0.02234852 
518 310 13 17 0.022195516 
71 342 34 43 0.022078294 
247 268 10 14 0.022049172 
377 345 26 33 0.021963071 
662 333 13 15 0.02189525 
95 198 9 11 0.021821024 
170 323 18 23 0.021786895 
108 431 118 132 0.02174965 
796 312 14 18 0.021703394 
614 246 8 10 0.021677488 
234 442 15 19 0.02167399 
333 47 11 14 0.021626268 
422 258 14 18 0.021547547 
230 281 14 18 0.021508008 
846 318 15 20 0.021464087 
309 413 10 14 0.02138881 
260 450 18 20 0.021357613 
989 320 14 17 0.02135025 
441 231 19 25 0.021349879 
661 318 12 14 0.021339808 
503 377 14 19 0.021291524 
85 198 9 11 0.021213634 
303 411 12 17 0.021198323 
828 503 25 33 0.021169081 
476 240 11 13 0.021134857 
815 355 13 15 0.02111093 
435 299 11 15 0.021063171 
258 403 14 21 0.021034107 
118 465 30 35 0.020912042 
923 303 23 28 0.020907147 
72 428 24 29 0.02089087 
526 293 22 29 0.020884259 
460 395 12 15 0.02039615 
918 312 26 35 0.02027454 
372 356 17 20 0.02014547 
486 275 15 20 0.020136079 
733 293 14 15 0.020047601 
750 288 14 18 0.020046026 
513 417 36 54 0.020015152 
269 212 11 14 0.020010276 
