0_Parade_marchingband_1_490
570
614 284 12 16 0.9616348 
884 357 16 21 0.9553831 
719 238 9 13 0.9546313 
787 392 14 18 0.9544317 
538 437 16 21 0.9541375 
702 203 10 13 0.9432275 
662 359 14 19 0.9398855 
32 393 14 18 0.93652374 
483 355 15 19 0.9277337 
974 396 14 17 0.9276322 
262 392 15 19 0.9252703 
308 387 14 19 0.9179784 
237 283 12 17 0.9162068 
413 331 13 16 0.91289634 
438 358 15 19 0.9127799 
573 360 12 17 0.90910566 
504 386 15 20 0.9064529 
357 205 10 14 0.9017945 
668 202 11 15 0.8952196 
556 191 8 11 0.88992625 
409 451 16 21 0.88914496 
290 453 16 19 0.88841105 
923 339 14 18 0.8861415 
788 211 12 15 0.8833686 
265 198 9 12 0.88289416 
882 333 13 16 0.8824919 
545 204 9 13 0.8813184 
839 247 10 14 0.88111633 
587 330 14 17 0.87947816 
390 358 15 19 0.87856823 
123 353 14 18 0.877801 
630 331 13 17 0.8768135 
670 454 16 20 0.87666935 
652 389 14 19 0.8715073 
149 242 11 13 0.86739606 
551 389 15 19 0.85939103 
878 389 16 21 0.85938126 
276 284 12 16 0.8470323 
453 235 10 13 0.83980525 
592 267 12 16 0.83899766 
405 190 9 12 0.8360311 
261 354 13 18 0.83492315 
295 200 9 11 0.8313751 
430 246 12 14 0.8299905 
79 397 13 17 0.82570624 
545 331 12 16 0.8244328 
620 185 11 16 0.82437223 
628 271 10 14 0.8082032 
304 266 11 15 0.8048914 
217 394 15 19 0.803558 
341 266 11 14 0.80334 
498 211 10 14 0.8008583 
746 230 9 13 0.8007593 
640 306 12 16 0.8002341 
526 355 14 19 0.79810005 
576 204 9 12 0.7973994 
376 193 9 11 0.7925433 
590 187 10 12 0.78784794 
391 205 8 12 0.78719324 
704 248 12 15 0.7870958 
931 367 14 17 0.786939 
170 354 13 18 0.7863942 
752 359 14 18 0.7834228 
525 191 8 10 0.78005445 
637 250 11 14 0.778836 
459 330 12 17 0.7786449 
564 306 12 16 0.77681905 
350 285 11 15 0.776141 
697 390 15 19 0.7713762 
718 307 12 16 0.77040803 
360 304 12 16 0.7681604 
293 247 12 15 0.7674086 
538 250 10 14 0.76561016 
576 282 12 16 0.76317185 
811 230 9 12 0.76233405 
304 217 9 11 0.75026643 
373 264 11 15 0.74544716 
772 250 10 14 0.7436611 
729 202 10 13 0.7382097 
245 326 12 16 0.73697275 
313 285 11 14 0.7369464 
679 307 12 15 0.73547083 
836 390 14 18 0.7339746 
651 236 11 14 0.7251489 
549 234 9 13 0.71986365 
595 219 9 13 0.71121293 
346 231 11 14 0.70816153 
583 234 10 13 0.7075777 
460 284 12 16 0.70668894 
561 214 11 15 0.7066699 
662 267 11 15 0.70102257 
686 234 11 15 0.69989365 
196 264 11 14 0.69374037 
235 197 8 12 0.6902652 
245 215 9 12 0.68458265 
380 231 11 14 0.6826187 
605 201 10 13 0.67942697 
245 304 12 15 0.6735853 
330 326 14 18 0.67335284 
327 245 13 15 0.6707163 
369 330 13 17 0.668589 
207 305 11 15 0.6626853 
86 333 13 17 0.6580607 
497 185 8 10 0.6552283 
635 203 9 13 0.6524592 
454 392 15 18 0.65138125 
407 264 11 15 0.6443496 
500 328 14 16 0.63831556 
933 388 12 17 0.63569754 
79 361 13 16 0.6328701 
743 390 15 19 0.6306585 
669 250 12 14 0.6260866 
340 189 10 13 0.62602794 
386 284 11 15 0.6194723 
800 267 11 14 0.6157454 
406 387 16 20 0.611814 
400 306 12 16 0.6088796 
231 264 11 13 0.6088434 
749 333 13 15 0.5971301 
523 306 13 16 0.5948673 
440 301 13 17 0.59026766 
205 325 13 17 0.5892603 
686 286 12 15 0.58531517 
674 331 13 17 0.58049333 
357 389 15 19 0.5799573 
166 285 12 14 0.5790706 
794 358 13 18 0.5786681 
556 266 12 16 0.5731718 
734 267 11 14 0.5675935 
419 232 11 14 0.56177384 
258 247 10 13 0.5613217 
651 287 11 14 0.5577212 
740 250 10 13 0.5481214 
570 248 10 14 0.5477679 
396 245 12 15 0.5458183 
287 327 13 17 0.5440505 
435 214 11 15 0.54243886 
372 216 9 12 0.53901553 
164 304 13 16 0.53856224 
302 356 14 18 0.532103 
217 211 8 10 0.5296119 
718 213 10 12 0.52577984 
453 201 10 13 0.5045272 
420 202 9 12 0.50021577 
200 283 12 16 0.49760795 
483 306 12 16 0.4914398 
760 287 10 13 0.4894544 
468 185 9 12 0.48200387 
283 304 12 17 0.48162466 
599 389 14 19 0.47992802 
361 247 10 13 0.4704124 
698 267 10 15 0.4687052 
467 215 9 12 0.44645423 
799 310 12 15 0.4450093 
467 248 11 14 0.44284606 
347 358 13 16 0.43987653 
185 210 10 12 0.43569767 
436 193 9 12 0.43537092 
838 286 11 14 0.43181214 
535 283 13 16 0.43113986 
494 286 12 16 0.42772412 
606 247 11 14 0.42732987 
835 359 13 18 0.42353195 
503 250 11 14 0.4150714 
684 188 9 12 0.41449386 
484 232 10 13 0.41020396 
335 214 10 13 0.40824747 
218 359 13 18 0.40557846 
484 202 9 13 0.404654 
528 212 12 15 0.4036803 
281 188 9 11 0.40271416 
627 220 8 11 0.40062007 
126 327 11 14 0.39727256 
311 187 8 12 0.39215422 
404 214 11 15 0.38674667 
615 357 14 16 0.38501438 
480 268 12 16 0.3772027 
846 267 10 13 0.37608486 
512 202 10 12 0.36856592 
794 330 12 16 0.36825383 
310 233 11 15 0.36710954 
837 310 13 17 0.36334023 
873 298 11 14 0.3625873 
509 349 11 15 0.35552832 
443 266 11 15 0.34759864 
169 396 15 19 0.34036502 
601 304 12 16 0.33552328 
838 329 13 17 0.3292572 
707 358 13 16 0.32127118 
422 285 12 14 0.31913456 
726 287 10 14 0.31806824 
653 188 10 13 0.31683356 
798 286 11 15 0.31647047 
122 288 13 17 0.31369895 
224 248 10 13 0.30392978 
878 316 9 12 0.29265314 
757 202 10 12 0.2708444 
518 234 9 12 0.2662067 
619 233 8 12 0.26537135 
267 263 10 14 0.25905347 
759 309 11 15 0.2397587 
716 331 11 15 0.23383993 
653 461 11 15 0.22517154 
282 233 8 11 0.21988334 
660 219 10 13 0.21817821 
125 397 14 18 0.21429543 
767 271 9 12 0.21406731 
327 200 8 10 0.18445864 
322 302 12 16 0.1780957 
251 229 9 12 0.16572037 
190 227 9 12 0.15669084 
725 488 8 10 0.15273184 
556 353 12 15 0.14141019 
693 221 9 11 0.13951015 
521 269 11 15 0.13924323 
173 231 11 14 0.12833935 
119 467 9 11 0.12832974 
610 327 9 11 0.12046922 
688 326 11 14 0.11037581 
814 487 10 11 0.10310679 
215 268 12 14 0.10136048 
535 379 11 14 0.09953883 
422 350 11 13 0.085258074 
685 351 9 12 0.08506467 
129 380 10 13 0.08197468 
649 327 9 12 0.079452075 
776 231 8 12 0.07823766 
221 228 9 11 0.07596962 
167 325 12 16 0.07565932 
513 414 10 14 0.073392816 
669 286 10 13 0.0690899 
572 327 11 13 0.06853546 
123 308 10 13 0.06741185 
154 260 10 14 0.066758044 
207 230 8 10 0.06476332 
469 350 10 13 0.06445701 
165 467 10 12 0.064109355 
184 244 10 13 0.063272856 
466 356 9 12 0.062199194 
809 250 11 14 0.06209321 
644 220 10 12 0.06090707 
751 216 8 11 0.05987576 
493 378 11 14 0.0590638 
621 307 10 13 0.058872603 
598 351 10 12 0.058475368 
661 308 9 12 0.0582278 
613 220 9 12 0.057529125 
277 215 8 11 0.057343442 
611 413 13 17 0.05671569 
447 381 10 13 0.055667534 
580 385 11 14 0.05558948 
749 269 10 13 0.0548926 
783 349 10 13 0.054192126 
761 382 11 14 0.053386196 
719 261 9 11 0.053349193 
98 403 10 13 0.052645322 
414 414 12 15 0.05228944 
640 354 10 13 0.052094612 
861 322 13 16 0.051110044 
607 415 20 28 0.050622065 
661 414 12 15 0.050109368 
768 327 10 13 0.049952067 
446 325 9 12 0.049348637 
280 253 9 11 0.04858384 
247 269 12 14 0.0481933 
425 309 9 12 0.047656275 
769 488 8 10 0.047634903 
716 380 11 14 0.047118146 
760 238 9 11 0.04663599 
581 307 10 13 0.046606015 
942 414 11 13 0.04657602 
287 251 11 13 0.04550038 
724 350 10 13 0.04532252 
662 304 9 11 0.04448931 
416 253 9 11 0.042990264 
227 251 12 14 0.042653874 
203 279 12 17 0.04249248 
638 286 9 12 0.042349707 
543 309 9 12 0.04222348 
8 416 9 12 0.041992582 
376 355 9 13 0.04196687 
865 339 11 15 0.04178046 
429 308 10 13 0.041264407 
752 419 11 14 0.041174896 
375 301 10 13 0.041164536 
632 246 11 14 0.04114913 
784 217 10 13 0.041050624 
673 382 11 14 0.04075995 
258 467 11 13 0.040561758 
570 332 9 11 0.04024671 
399 240 10 13 0.03937914 
264 302 11 13 0.039119 
535 319 9 11 0.039034925 
809 333 10 13 0.038970407 
385 309 9 11 0.03864456 
782 276 10 13 0.038627535 
505 459 10 12 0.038292143 
613 268 9 12 0.03790074 
670 230 9 11 0.0378396 
977 409 9 14 0.03755208 
137 316 9 11 0.037329197 
781 231 8 11 0.03723701 
750 220 10 13 0.037159927 
718 375 9 12 0.037131686 
489 380 9 13 0.03701309 
377 234 10 14 0.03693645 
550 302 9 11 0.036821708 
136 285 11 16 0.03665531 
542 374 12 15 0.036614243 
104 483 9 11 0.036530603 
615 263 8 11 0.036512464 
961 380 10 14 0.03623676 
503 308 10 12 0.036204096 
712 277 9 12 0.036018446 
732 332 10 12 0.03590996 
589 372 12 15 0.035878323 
57 406 10 12 0.03564696 
709 286 9 11 0.03544482 
499 373 12 14 0.035263382 
109 315 10 13 0.03496362 
468 308 10 13 0.034714703 
538 278 13 16 0.034376856 
737 380 9 13 0.034243368 
765 343 10 14 0.03416368 
351 382 12 16 0.033992693 
644 269 9 13 0.033883993 
774 292 10 13 0.033883866 
774 270 9 12 0.033818807 
734 327 8 12 0.033665247 
448 232 11 13 0.03354225 
652 330 10 13 0.03301929 
702 302 9 12 0.032930892 
201 307 11 15 0.032844566 
647 262 10 12 0.03281071 
638 229 10 12 0.032626174 
781 269 9 12 0.032475445 
804 382 10 12 0.032435913 
213 468 10 12 0.032327052 
558 247 9 11 0.032217033 
514 221 8 10 0.031981774 
1012 421 10 15 0.031905767 
220 212 9 11 0.03175781 
741 268 10 14 0.031743493 
255 276 10 13 0.03170842 
392 250 10 14 0.03170616 
703 419 11 16 0.031467125 
533 324 9 12 0.03144421 
329 485 9 12 0.031099848 
846 416 10 11 0.031072589 
889 415 10 13 0.030765265 
741 309 8 11 0.030738652 
728 327 9 12 0.03073038 
311 463 11 13 0.030671978 
764 394 12 17 0.030577991 
843 464 11 12 0.030495696 
678 373 10 13 0.030490477 
798 414 10 13 0.03028652 
518 341 10 13 0.029936284 
532 383 14 19 0.029742807 
383 303 8 12 0.029740158 
176 380 9 13 0.029419754 
439 333 9 12 0.029394453 
632 238 8 11 0.029271001 
150 481 9 11 0.029180512 
895 383 12 14 0.029149346 
256 341 9 11 0.029089708 
392 389 10 13 0.029041156 
503 258 10 13 0.029025644 
308 220 11 13 0.028958155 
470 317 10 13 0.028948652 
628 387 10 14 0.0289374 
516 204 9 12 0.02890548 
244 366 11 14 0.02881534 
496 247 10 12 0.028808042 
391 308 9 13 0.028559746 
591 366 11 15 0.028553912 
246 349 10 14 0.028391274 
82 423 9 12 0.028364696 
22 402 11 15 0.028174696 
534 236 8 11 0.028100237 
267 419 12 15 0.027894974 
704 293 10 12 0.027891684 
463 363 10 14 0.027719006 
851 266 11 14 0.027647143 
958 398 11 15 0.027638888 
687 261 9 12 0.027627384 
231 316 11 15 0.027524395 
470 232 9 11 0.027413106 
742 291 9 12 0.027382951 
775 287 8 11 0.027382405 
499 206 11 15 0.027207172 
241 306 11 14 0.02717544 
192 348 12 13 0.027058003 
438 388 10 13 0.026967851 
562 288 8 11 0.026927087 
237 348 11 15 0.026864756 
847 349 11 13 0.026801066 
414 372 10 12 0.0267239 
842 249 13 17 0.026602926 
593 357 10 12 0.026422298 
759 245 9 12 0.02629593 
591 293 9 12 0.026242431 
613 329 10 14 0.026197825 
72 349 9 10 0.026168521 
748 501 10 12 0.026148181 
126 388 12 17 0.026126564 
272 318 10 12 0.02609892 
200 358 10 14 0.025998477 
884 461 10 12 0.025956694 
938 370 13 17 0.025892897 
543 304 9 11 0.025871214 
581 262 10 12 0.025765343 
666 247 10 14 0.025757328 
205 373 12 15 0.025673445 
632 372 10 13 0.025671255 
804 290 12 15 0.025612975 
171 235 9 13 0.025544556 
516 348 11 14 0.025283916 
135 270 11 14 0.025238154 
589 252 10 13 0.02521345 
934 383 11 14 0.025179064 
856 291 11 14 0.025153035 
587 236 10 14 0.02513514 
374 378 13 16 0.025087519 
151 267 10 13 0.025068443 
501 237 10 11 0.02504922 
277 220 9 11 0.024981977 
440 325 9 12 0.024959795 
517 221 9 11 0.024880538 
806 349 11 15 0.024804782 
823 380 12 14 0.024766477 
275 220 7 10 0.024625497 
408 287 7 10 0.024581166 
697 304 8 11 0.024492444 
716 268 10 13 0.024471028 
111 333 10 13 0.024324872 
205 363 10 14 0.024252042 
577 230 9 12 0.024218831 
708 292 10 13 0.024211695 
862 295 9 11 0.024160743 
477 379 11 16 0.024099985 
601 238 8 10 0.024050634 
629 382 10 13 0.024048574 
504 271 7 10 0.024020001 
830 267 11 14 0.023997433 
566 285 11 14 0.023954054 
469 303 10 13 0.023922784 
574 398 11 15 0.023903526 
405 237 9 12 0.023851708 
614 319 11 13 0.02372117 
611 357 10 14 0.023680719 
910 367 15 19 0.02368012 
643 349 11 15 0.023547841 
660 458 13 17 0.02350867 
352 330 11 14 0.023501862 
549 308 9 12 0.023482382 
499 290 11 15 0.023321677 
505 355 10 14 0.0232803 
715 385 13 17 0.023267567 
287 356 10 13 0.02323278 
389 228 10 13 0.023142327 
602 251 10 14 0.023131484 
178 356 11 15 0.023130968 
250 306 11 15 0.02306506 
327 232 9 10 0.023029227 
420 362 12 15 0.022986084 
455 373 11 13 0.022956433 
622 253 10 12 0.022809524 
712 327 12 15 0.022778295 
770 232 8 11 0.022748187 
576 383 10 14 0.022668583 
423 378 12 16 0.022663025 
462 417 14 19 0.02265122 
244 355 11 15 0.022546498 
517 374 10 13 0.02252461 
500 187 10 12 0.02250808 
457 424 17 25 0.022499435 
503 232 8 10 0.022474395 
653 241 11 14 0.022460796 
764 291 10 12 0.02243716 
587 419 23 31 0.0224027 
374 294 10 13 0.022396399 
269 307 11 14 0.022376323 
737 304 8 11 0.02231124 
524 273 11 13 0.022268862 
520 333 9 13 0.022262063 
109 342 11 13 0.022261025 
328 262 8 12 0.022255452 
506 325 12 14 0.02223219 
951 398 9 12 0.02222359 
511 344 11 14 0.022192176 
384 254 9 11 0.022101993 
479 292 10 12 0.022084514 
368 363 10 13 0.02204178 
866 276 10 14 0.02202658 
158 347 11 15 0.021992274 
604 427 16 24 0.021918109 
329 278 9 13 0.02184493 
455 318 9 11 0.02184348 
484 263 11 15 0.021767713 
140 267 11 15 0.02164703 
631 293 10 12 0.021631321 
630 356 10 14 0.0216096 
599 287 9 11 0.021581229 
251 331 11 15 0.02154573 
440 341 9 12 0.02147326 
637 364 11 14 0.021468377 
350 324 11 15 0.021434171 
771 331 11 13 0.021429313 
525 252 10 12 0.021367945 
142 349 9 13 0.021366943 
176 245 9 13 0.021362951 
502 366 10 13 0.02135255 
631 366 10 14 0.021312961 
767 222 9 11 0.021295486 
210 329 13 16 0.021283984 
294 291 12 14 0.021269366 
701 426 14 21 0.02122781 
793 309 11 15 0.02114126 
130 385 14 17 0.021081977 
845 273 11 14 0.021060219 
682 355 10 13 0.021010533 
456 464 10 11 0.020961553 
367 358 10 12 0.020949312 
480 332 9 12 0.020917667 
341 301 11 14 0.020899883 
675 251 10 14 0.02087598 
101 322 11 14 0.020874644 
745 466 11 13 0.020845044 
399 342 10 13 0.020818377 
512 270 8 11 0.020789586 
487 253 8 11 0.020763053 
208 350 9 13 0.020739177 
100 356 11 15 0.020709189 
652 193 12 15 0.020671519 
399 387 13 17 0.02062267 
73 361 13 17 0.020614658 
678 270 9 12 0.020609075 
741 350 10 13 0.020593103 
446 387 13 16 0.020566817 
287 269 9 13 0.02053827 
758 339 11 14 0.0204909 
672 278 9 11 0.020490281 
71 355 12 16 0.02048356 
808 340 11 13 0.02048125 
222 420 10 14 0.0204637 
175 265 10 12 0.020461116 
644 253 10 13 0.0204369 
305 235 10 13 0.02041385 
741 304 10 12 0.020383596 
363 382 13 17 0.020347396 
461 372 11 14 0.020298084 
629 395 12 16 0.020296149 
167 381 10 13 0.020290257 
811 291 12 15 0.020274533 
222 316 11 14 0.020270221 
423 317 10 12 0.020224787 
863 332 13 16 0.020220328 
112 496 11 13 0.020169277 
486 395 11 15 0.020158133 
437 395 12 15 0.02008887 
748 233 11 14 0.020087233 
534 206 9 12 0.020080915 
466 413 15 18 0.02007781 
217 238 8 10 0.020072248 
229 309 12 15 0.020063326 
733 287 9 12 0.020044142 
333 373 12 14 0.02003601 
328 357 10 13 0.020033043 
742 317 10 12 0.020008145 
