0_Parade_Parade_0_275
596
858 174 12 14 0.6751241 
45 667 12 16 0.5234716 
360 476 9 11 0.40894136 
168 774 14 16 0.36339194 
12 501 10 14 0.30260825 
928 642 10 13 0.29877242 
891 181 12 15 0.274395 
856 583 8 11 0.24059874 
109 568 10 13 0.22539505 
380 493 9 11 0.22004108 
776 206 9 12 0.21811758 
960 264 10 13 0.21667747 
471 579 8 11 0.21172313 
7 492 11 14 0.20755738 
629 492 12 15 0.19024645 
815 222 12 16 0.18985312 
702 320 9 12 0.18841335 
764 109 10 13 0.187357 
642 572 7 10 0.17736158 
920 232 10 12 0.16987394 
268 717 13 17 0.16412245 
845 76 10 14 0.16338879 
284 660 12 16 0.16228348 
377 742 9 11 0.1612071 
760 669 8 10 0.15637179 
217 766 12 16 0.14592913 
37 643 11 14 0.14007609 
48 485 12 15 0.1357893 
721 148 9 11 0.12635423 
546 702 9 12 0.12214516 
369 600 10 12 0.12139541 
1012 94 8 12 0.12017152 
471 644 10 13 0.11672143 
577 665 9 11 0.11437432 
585 728 8 11 0.11319284 
938 239 8 10 0.11300563 
781 535 8 10 0.111479566 
238 567 10 13 0.11126662 
59 420 7 10 0.11105235 
551 637 9 12 0.11104411 
43 599 8 11 0.110467635 
706 695 9 12 0.11000723 
872 732 9 11 0.10755193 
687 629 10 14 0.10204601 
805 159 8 11 0.09775514 
810 134 10 13 0.09655719 
879 210 9 12 0.09441464 
248 723 12 14 0.09291179 
569 604 10 13 0.089749135 
869 653 11 14 0.08762906 
711 546 10 13 0.086090654 
834 92 9 12 0.084911436 
69 407 9 12 0.08242361 
945 216 10 11 0.08195854 
932 639 10 14 0.08046916 
690 544 9 11 0.079733185 
994 489 9 11 0.07941793 
829 127 8 11 0.07862388 
849 104 8 11 0.076894484 
963 524 10 13 0.076429345 
818 189 8 11 0.075153634 
686 156 8 10 0.07392456 
352 617 9 11 0.07323852 
293 453 12 15 0.07313653 
705 148 7 9 0.07107071 
790 134 7 10 0.070662186 
863 79 7 9 0.07022298 
901 214 11 14 0.0695162 
658 405 7 10 0.06799248 
345 720 10 12 0.06774333 
746 118 8 11 0.067046516 
926 124 10 13 0.065569356 
206 407 11 13 0.06425896 
264 721 12 16 0.0641988 
669 141 9 11 0.06323013 
825 565 10 13 0.063190036 
530 622 8 10 0.063076064 
914 175 8 10 0.06286939 
866 129 7 9 0.06277407 
333 500 10 13 0.062265478 
918 176 8 11 0.06189617 
172 686 11 12 0.061125793 
968 180 9 11 0.06101029 
885 423 10 13 0.06032953 
653 596 7 9 0.059787888 
606 682 11 13 0.05846999 
703 126 7 10 0.058458544 
906 191 8 11 0.058010936 
925 120 9 11 0.05797733 
295 413 8 11 0.057193622 
56 508 13 16 0.05718889 
863 149 8 10 0.05715665 
31 637 11 13 0.056871217 
651 782 8 11 0.056776647 
705 759 9 11 0.055324055 
703 105 9 11 0.05531244 
633 162 10 12 0.05453402 
280 665 12 15 0.054529782 
600 628 10 14 0.05422737 
725 8 10 12 0.053948414 
753 199 9 12 0.052809466 
549 452 9 11 0.05217086 
95 574 10 13 0.051054474 
815 183 10 13 0.050438374 
799 97 6 8 0.050315037 
273 783 8 11 0.05024678 
929 383 9 12 0.04988066 
45 455 8 11 0.04941418 
187 663 9 11 0.049129263 
590 670 8 11 0.048668735 
529 756 9 11 0.048231974 
927 196 9 11 0.048144136 
1002 421 7 11 0.04810495 
552 685 11 14 0.04797581 
607 383 10 12 0.047895093 
928 221 8 10 0.047859184 
828 632 10 11 0.04783024 
550 409 8 9 0.047818087 
920 181 7 9 0.047805324 
389 729 8 10 0.047690373 
628 487 9 11 0.047563378 
463 151 8 11 0.047374338 
129 644 10 12 0.04680354 
865 21 9 11 0.046574157 
270 712 9 11 0.046268705 
961 245 8 12 0.04610361 
618 698 7 9 0.045966543 
437 65 8 10 0.045779668 
581 667 9 12 0.04495027 
511 670 9 11 0.044451386 
0 517 8 13 0.044338014 
800 125 8 11 0.04426351 
961 69 9 12 0.043910146 
670 679 9 11 0.04370957 
647 389 8 11 0.043695018 
571 265 7 8 0.043672107 
62 414 10 13 0.043439113 
798 32 8 11 0.043369632 
811 102 8 11 0.043226376 
193 765 9 12 0.042801697 
690 312 8 10 0.042612687 
698 319 8 11 0.04253001 
924 235 9 12 0.04160507 
951 264 9 11 0.041556124 
743 5 8 11 0.041426376 
595 12 14 17 0.04122948 
920 221 10 12 0.04118503 
896 217 11 14 0.04078235 
689 625 7 9 0.0406355 
641 389 8 12 0.040188443 
234 739 10 13 0.040169235 
13 526 10 12 0.04008393 
254 708 9 11 0.039733812 
904 136 8 11 0.03966979 
926 694 10 13 0.039515316 
494 636 9 11 0.03936913 
390 579 9 12 0.03932409 
903 238 8 10 0.0392816 
978 671 8 11 0.038905185 
125 574 11 13 0.038842726 
681 23 9 12 0.038809724 
109 499 9 12 0.038800023 
6 489 9 11 0.03871055 
29 495 9 11 0.038656663 
952 580 9 11 0.038501024 
750 167 7 9 0.038451064 
996 132 9 12 0.0384387 
879 144 8 9 0.038387205 
0 479 8 12 0.03824787 
356 701 9 12 0.038134027 
727 641 9 10 0.037716005 
737 21 7 10 0.03753911 
998 152 10 12 0.037534524 
840 151 7 9 0.0373509 
806 181 9 13 0.037196405 
620 516 12 16 0.037177727 
830 149 9 12 0.037168544 
966 47 11 12 0.037063688 
648 637 8 11 0.036659647 
751 205 9 11 0.03656996 
967 254 9 11 0.036303706 
873 248 9 12 0.03617929 
871 87 7 9 0.03590855 
665 257 6 8 0.035892554 
447 561 8 9 0.035849642 
933 222 9 11 0.03574515 
295 447 10 14 0.03573715 
174 653 10 13 0.03551794 
889 608 9 12 0.035414744 
82 551 10 12 0.03528778 
398 464 8 11 0.035242803 
453 619 9 13 0.035237048 
688 429 12 15 0.035215784 
983 67 9 12 0.035150133 
871 127 7 10 0.035123717 
367 620 12 17 0.03506722 
935 276 9 11 0.03482266 
670 169 7 10 0.034743775 
776 431 8 10 0.034732163 
471 337 7 9 0.034507472 
760 136 8 10 0.03444088 
938 117 9 11 0.03431939 
857 70 8 10 0.03396064 
823 709 13 17 0.033762895 
989 264 8 11 0.033672925 
63 491 10 12 0.033608448 
961 239 8 10 0.033602633 
545 581 9 11 0.0333476 
1 485 8 12 0.033322394 
850 583 8 11 0.03329899 
619 41 8 10 0.033248093 
725 144 9 12 0.033227444 
519 565 11 14 0.033119496 
58 513 13 17 0.033085674 
457 359 9 12 0.032746237 
833 245 10 12 0.032716054 
690 422 8 10 0.032547597 
136 677 10 13 0.032480635 
936 231 9 11 0.03238205 
554 463 8 10 0.03225013 
447 565 8 11 0.03213417 
617 271 8 9 0.032105267 
229 472 9 11 0.031641737 
53 489 11 14 0.031460445 
177 567 9 12 0.031393062 
334 446 8 11 0.031358533 
505 601 8 9 0.031250045 
822 184 9 12 0.031184198 
688 377 7 9 0.031144148 
761 724 9 11 0.031034146 
832 118 8 11 0.030929394 
905 196 8 10 0.030865846 
439 685 9 12 0.030756716 
687 174 7 9 0.03066929 
186 476 9 10 0.030665183 
700 128 6 8 0.03053785 
330 454 7 10 0.030452175 
105 572 9 12 0.03045081 
596 260 9 12 0.03038779 
764 668 9 12 0.030058568 
984 172 11 14 0.029973762 
25 432 7 9 0.029884841 
685 23 9 12 0.029750183 
39 422 8 10 0.029718278 
490 229 8 10 0.02961725 
166 589 8 11 0.029548764 
768 143 7 10 0.029546924 
717 550 10 12 0.029518874 
298 581 10 12 0.02934325 
93 680 22 26 0.029337829 
696 33 8 10 0.029250305 
487 381 10 14 0.029196491 
630 399 9 11 0.029180426 
640 384 9 11 0.029039556 
789 482 13 16 0.029008454 
866 110 7 9 0.028985709 
364 477 10 12 0.028977733 
575 710 10 13 0.028943378 
7 437 10 13 0.028869556 
965 247 9 11 0.028820561 
422 335 8 11 0.028807353 
1013 238 10 15 0.028807284 
218 391 9 11 0.028695343 
426 599 8 10 0.028686816 
718 133 8 10 0.02866143 
824 701 11 14 0.028646437 
902 232 8 11 0.028595407 
378 694 7 10 0.0285393 
802 164 8 12 0.028520586 
849 343 8 9 0.028493026 
270 694 9 10 0.028367188 
361 721 9 10 0.028238295 
693 547 10 13 0.028232865 
71 377 8 10 0.028179081 
40 447 9 12 0.028173301 
586 473 7 9 0.02816629 
183 361 7 9 0.028143832 
615 700 10 12 0.028018763 
874 121 7 8 0.028015343 
37 542 9 12 0.027965395 
705 699 14 16 0.027883936 
735 48 8 10 0.027867798 
825 148 9 12 0.02782525 
565 476 9 11 0.027765887 
181 790 14 16 0.027742736 
762 533 9 12 0.027741944 
303 664 10 11 0.027730279 
855 342 7 10 0.02770856 
918 14 11 14 0.027681883 
881 685 10 14 0.027662516 
920 216 9 11 0.027637202 
338 662 9 12 0.027514484 
927 130 11 13 0.027478667 
854 105 7 10 0.027452376 
158 477 8 11 0.02745169 
897 231 9 11 0.027442375 
281 677 10 13 0.02741683 
519 182 10 14 0.027411167 
149 783 11 13 0.027385198 
779 318 6 8 0.027358517 
691 415 8 11 0.027317347 
775 182 8 10 0.027262969 
551 256 10 12 0.027259264 
692 635 10 13 0.027233344 
546 448 10 12 0.027202327 
128 471 9 12 0.027197275 
803 64 7 8 0.027150333 
833 517 8 10 0.027108235 
248 708 10 12 0.027104944 
29 471 9 11 0.02709951 
647 724 10 12 0.026891401 
151 379 11 14 0.026866129 
678 365 7 9 0.026762107 
998 97 7 10 0.026743183 
94 567 10 12 0.026697213 
575 588 10 12 0.026696362 
221 732 9 12 0.026662333 
966 164 10 12 0.02663315 
710 439 8 11 0.02658458 
802 49 7 9 0.026518535 
745 208 8 11 0.026516035 
797 432 11 12 0.026500314 
549 582 9 12 0.026434612 
589 676 8 11 0.026432078 
402 231 7 10 0.026390824 
855 64 9 11 0.026334796 
802 182 8 12 0.026311152 
481 77 7 10 0.026289426 
412 419 10 12 0.026265174 
339 518 9 11 0.026206136 
815 176 8 10 0.026203772 
238 358 8 9 0.026147144 
437 88 9 11 0.026063325 
986 223 7 9 0.025996177 
974 493 9 10 0.025984004 
943 183 7 11 0.025972687 
521 448 8 12 0.025964435 
723 440 8 10 0.02591037 
239 472 8 10 0.025874862 
578 304 8 10 0.025857763 
150 469 9 11 0.025744064 
488 634 11 14 0.025722083 
967 159 9 11 0.025705079 
647 406 8 10 0.025656417 
864 334 8 10 0.025618024 
688 487 8 10 0.025603527 
977 35 10 13 0.025578577 
26 636 9 12 0.025578476 
617 759 10 12 0.025555048 
673 311 9 11 0.02555108 
14 591 9 11 0.025523715 
417 740 8 11 0.025492191 
23 438 8 10 0.02545623 
655 637 9 11 0.0254113 
767 8 7 9 0.025404867 
415 670 8 11 0.02540428 
784 41 7 9 0.025381843 
705 45 8 11 0.025289832 
790 142 9 11 0.02524802 
876 252 9 11 0.025233475 
45 349 9 12 0.025233464 
822 571 11 15 0.025185023 
377 422 8 10 0.025146103 
785 604 9 12 0.025070982 
939 184 6 8 0.025021296 
631 374 8 11 0.024911547 
764 719 10 13 0.024820633 
356 615 9 11 0.024790488 
944 174 7 9 0.024789894 
888 184 12 15 0.024778401 
791 762 14 20 0.024742756 
716 606 13 15 0.024701728 
450 616 9 11 0.024686242 
664 261 8 10 0.024638044 
277 783 9 12 0.024636142 
979 61 12 15 0.02462246 
842 167 8 9 0.024621231 
881 404 8 11 0.02460685 
31 476 10 11 0.02453311 
816 152 7 9 0.024523238 
490 590 9 12 0.024515584 
941 299 14 17 0.024463136 
953 439 8 10 0.024452487 
666 420 10 14 0.024448894 
549 706 12 15 0.024419818 
343 694 7 9 0.024359008 
638 344 8 10 0.02435019 
59 503 11 14 0.024336202 
247 766 9 11 0.02431357 
149 692 9 12 0.024281055 
775 15 8 10 0.0242803 
246 770 11 14 0.024236925 
347 724 9 12 0.02411196 
798 150 8 11 0.024095919 
688 7 10 13 0.024070596 
831 467 9 12 0.024027051 
489 541 8 10 0.023957552 
124 579 13 17 0.023922939 
873 527 8 10 0.023914361 
384 734 10 13 0.02391259 
425 604 9 11 0.023907585 
271 377 7 9 0.023845533 
143 500 10 12 0.02380122 
878 660 9 12 0.023798976 
785 130 8 9 0.023794768 
962 615 9 11 0.023727693 
992 222 9 11 0.023707103 
432 342 8 10 0.023701945 
470 520 9 10 0.023687355 
698 678 8 11 0.02359354 
707 286 9 11 0.02354927 
399 342 10 11 0.023540342 
182 782 11 15 0.023470838 
607 387 13 16 0.023452882 
383 415 9 11 0.023428617 
646 479 8 10 0.023351282 
268 20 8 11 0.023345523 
941 243 8 11 0.023343785 
96 637 10 12 0.023327475 
837 241 9 11 0.023324838 
970 205 8 11 0.023303913 
917 86 9 11 0.02327722 
942 436 9 12 0.023269655 
639 646 8 11 0.023261601 
826 32 7 9 0.023235058 
683 674 10 14 0.023205288 
911 197 9 12 0.02318257 
777 539 10 12 0.023181293 
390 435 11 14 0.023106575 
850 134 7 9 0.023082532 
381 448 8 11 0.023073688 
469 247 8 11 0.023073558 
505 605 8 11 0.023072375 
351 469 8 11 0.022987606 
477 576 9 11 0.022970926 
574 653 9 11 0.022886477 
826 131 8 11 0.022868007 
632 342 9 10 0.022845525 
241 645 8 9 0.022841047 
230 684 9 11 0.02283914 
377 532 9 12 0.022808671 
661 463 9 10 0.022802785 
232 433 8 10 0.022771506 
893 622 10 12 0.022705566 
961 231 8 9 0.022637533 
823 501 11 13 0.022631416 
289 621 8 10 0.022628145 
834 46 8 11 0.022623245 
966 621 9 11 0.0226127 
165 583 9 11 0.02258555 
991 84 8 10 0.022577466 
415 484 10 12 0.02256645 
126 586 13 15 0.02255947 
126 568 11 13 0.022553077 
218 646 8 10 0.022549894 
136 312 7 9 0.02254137 
846 197 10 12 0.022536261 
487 705 12 15 0.022510858 
886 231 8 10 0.022505984 
830 687 8 10 0.022503212 
465 199 8 10 0.022500098 
571 652 7 10 0.022499844 
568 697 9 11 0.022454454 
754 192 8 10 0.02242401 
588 372 10 13 0.022421638 
241 391 8 9 0.022416402 
888 128 9 11 0.022414656 
518 409 8 10 0.02238687 
669 682 12 16 0.022382438 
469 585 11 15 0.022303732 
80 433 7 9 0.022270128 
138 485 9 12 0.022244236 
634 127 8 11 0.022207052 
414 446 9 12 0.022167282 
408 115 11 14 0.022132827 
610 232 7 8 0.022129845 
728 656 9 11 0.022129262 
781 749 9 11 0.022108963 
713 61 8 11 0.022078032 
888 133 9 12 0.02200873 
839 15 7 9 0.021941338 
768 207 9 10 0.021937273 
543 278 8 11 0.021913132 
366 141 8 10 0.021893222 
837 511 8 10 0.021885492 
693 692 10 13 0.021863053 
885 658 10 13 0.021842754 
703 549 9 11 0.021836122 
414 760 8 10 0.021810839 
487 446 9 13 0.021799844 
746 174 9 12 0.021792788 
1013 264 9 13 0.02179001 
467 575 9 12 0.021764081 
830 31 7 9 0.02166944 
710 686 9 11 0.021587668 
634 48 8 10 0.021587217 
526 63 9 10 0.021587085 
900 182 10 13 0.021558613 
546 636 10 13 0.021550098 
145 468 10 11 0.02152847 
449 343 8 10 0.021487735 
786 142 7 10 0.021447105 
863 213 10 13 0.021423463 
622 45 7 9 0.021374097 
747 415 7 8 0.02137327 
799 197 8 11 0.021325195 
928 166 8 10 0.021309134 
680 301 8 11 0.021308452 
800 100 7 10 0.021281937 
464 463 7 9 0.021274192 
665 416 8 11 0.021268763 
560 246 10 13 0.021244077 
551 588 11 15 0.021240588 
1014 88 9 15 0.021234872 
575 421 7 10 0.021227699 
453 344 8 9 0.021191427 
645 71 8 11 0.021178026 
736 117 7 9 0.021176212 
354 420 8 11 0.021153951 
634 494 12 15 0.021127008 
901 555 8 11 0.02112163 
920 198 8 11 0.021119444 
816 214 10 14 0.021119382 
602 678 12 14 0.021090915 
32 512 7 9 0.021047713 
704 120 9 11 0.021031925 
967 238 8 10 0.021020168 
768 188 9 11 0.021015283 
468 254 8 10 0.021013161 
16 445 9 11 0.020991568 
754 151 6 9 0.020978281 
754 668 9 11 0.020974731 
942 189 8 11 0.020927824 
785 111 7 10 0.020926993 
730 346 10 13 0.020923693 
665 31 9 13 0.020922069 
664 533 11 13 0.020912135 
907 214 10 12 0.0208984 
853 637 12 16 0.020885242 
72 559 9 11 0.020847198 
806 176 9 10 0.020839352 
706 543 9 12 0.020834574 
949 587 11 14 0.020823946 
50 432 7 10 0.020808967 
834 512 8 11 0.020785876 
812 139 10 12 0.020758582 
758 191 8 9 0.020742247 
41 458 10 13 0.020680374 
816 196 9 11 0.020641014 
828 228 9 13 0.020630203 
57 470 8 10 0.020590894 
889 177 10 13 0.020582221 
271 381 9 11 0.020545628 
710 149 7 10 0.020536967 
587 731 11 12 0.020535663 
606 152 7 9 0.020530099 
196 717 11 14 0.020528842 
816 606 9 12 0.02048335 
645 766 10 12 0.020476291 
517 100 9 11 0.02046946 
121 557 9 11 0.020465095 
568 669 9 12 0.02046283 
711 126 9 11 0.020462077 
4 494 19 24 0.020444391 
791 182 7 10 0.02039968 
742 23 8 11 0.020390587 
464 566 9 10 0.020378023 
344 388 9 11 0.020361617 
64 739 11 14 0.020345006 
293 366 9 11 0.020344514 
800 131 9 12 0.020343697 
882 367 9 11 0.02034254 
735 54 7 9 0.020337597 
705 439 9 11 0.020322183 
853 247 8 11 0.020313488 
305 605 8 10 0.020300472 
554 713 14 17 0.020297434 
470 373 9 12 0.02029506 
898 237 8 10 0.02028739 
552 567 8 9 0.02028433 
872 190 9 11 0.02027678 
38 478 9 12 0.020257114 
831 189 8 10 0.020238526 
791 599 8 10 0.020228127 
797 623 12 15 0.02020695 
272 5 9 11 0.020205345 
395 463 8 10 0.02019441 
558 702 11 13 0.020187635 
845 150 8 10 0.02017664 
671 660 11 13 0.020138515 
872 212 10 13 0.02010789 
904 159 7 9 0.020099442 
954 445 9 12 0.020089634 
21 444 10 13 0.020074114 
884 27 10 13 0.020058863 
813 128 9 11 0.02000137 
