0_Parade_Parade_0_688
92
454 532 25 29 0.9798028 
881 522 15 19 0.96549714 
534 462 17 21 0.9339817 
844 568 15 21 0.88135713 
278 526 22 26 0.85936964 
566 542 17 21 0.8055424 
809 526 15 21 0.6611216 
448 502 22 27 0.5808407 
215 537 19 29 0.4340442 
968 512 8 12 0.4216337 
839 532 10 12 0.3906242 
532 594 17 20 0.37325564 
821 531 13 17 0.2776881 
1004 546 11 14 0.13892749 
829 532 11 14 0.109040014 
449 519 27 32 0.09544518 
268 525 13 22 0.08757493 
206 554 13 18 0.080613315 
587 586 23 31 0.07649492 
528 495 11 15 0.073578835 
216 531 13 17 0.07224043 
272 522 18 26 0.0688041 
254 547 11 16 0.068558596 
209 545 19 27 0.06701159 
4 570 14 21 0.06368041 
943 531 9 11 0.061370842 
309 516 11 15 0.053603634 
355 485 14 17 0.053258505 
310 620 42 47 0.05239624 
736 484 11 17 0.04588254 
227 546 12 16 0.043888167 
747 539 12 15 0.041614678 
508 515 19 21 0.040246624 
74 531 12 16 0.040204305 
122 514 18 20 0.039665975 
26 560 9 12 0.039439756 
93 539 9 12 0.036828574 
373 476 13 15 0.035739105 
810 576 24 31 0.03441006 
238 536 12 18 0.034090955 
484 539 22 27 0.032739654 
465 533 24 31 0.031846907 
843 532 10 13 0.030990073 
287 527 22 28 0.030983917 
694 562 13 18 0.030954342 
911 534 8 10 0.030571545 
267 580 15 17 0.030031068 
784 543 8 11 0.029918537 
832 557 11 13 0.02963437 
861 571 15 20 0.029536866 
294 60 212 231 0.028685361 
957 542 8 11 0.027924944 
740 528 15 20 0.027664736 
366 531 11 13 0.027564451 
972 511 9 12 0.027308783 
751 494 10 13 0.027275503 
831 527 11 14 0.0264752 
867 552 25 32 0.026363228 
53 549 12 16 0.026357433 
905 532 10 12 0.02592847 
435 487 42 50 0.02577841 
257 579 21 22 0.025759267 
769 540 10 13 0.02517032 
800 529 15 18 0.024698103 
588 599 31 31 0.024001066 
949 527 10 13 0.023851221 
980 567 16 20 0.023496442 
902 575 17 22 0.023495074 
276 518 14 18 0.02316366 
872 534 9 12 0.022911467 
445 500 17 21 0.022904256 
1010 602 14 21 0.02241414 
427 513 12 18 0.022293631 
975 589 13 15 0.022182481 
195 554 22 28 0.022090457 
493 540 27 34 0.021491485 
271 519 12 18 0.02146073 
379 477 11 14 0.021419559 
557 530 26 28 0.021405205 
1014 532 9 12 0.02119488 
337 585 32 38 0.02113283 
964 720 33 46 0.020779738 
581 541 12 16 0.020729689 
759 539 10 13 0.020624576 
524 596 20 22 0.020572577 
773 536 10 13 0.020532947 
840 537 10 13 0.020431144 
862 533 10 12 0.020392142 
431 484 26 34 0.020150686 
981 602 14 19 0.020117939 
872 539 12 14 0.020047052 
254 529 14 19 0.020041281 
