0_Parade_marchingband_1_410
971
565 468 23 34 0.997387 
876 450 32 42 0.99714726 
696 485 27 40 0.99544144 
465 485 24 38 0.9938226 
176 260 11 14 0.99157274 
685 323 12 15 0.9669107 
892 70 11 14 0.9411962 
358 316 12 15 0.93859696 
469 129 12 15 0.93858457 
221 480 21 30 0.9367086 
249 36 11 14 0.931964 
783 224 12 16 0.93006253 
838 317 11 13 0.9293141 
16 502 18 23 0.9283935 
349 414 12 15 0.9224736 
181 177 12 16 0.92134756 
96 52 11 14 0.92082834 
313 479 20 31 0.91762835 
48 132 11 14 0.91070235 
94 177 12 17 0.9099624 
276 436 12 15 0.9070707 
262 76 11 16 0.9059021 
405 348 12 16 0.9054195 
901 337 12 15 0.894968 
568 377 13 17 0.8946987 
89 504 17 24 0.89160836 
653 397 12 16 0.8879132 
389 413 12 15 0.8865683 
822 107 11 14 0.88633484 
236 338 14 16 0.8855341 
85 210 17 19 0.8722356 
861 209 12 16 0.8707491 
829 299 12 15 0.86816555 
38 346 12 15 0.86475384 
385 481 21 30 0.8631246 
824 339 12 16 0.8600027 
207 38 12 16 0.8565376 
660 219 11 15 0.8470743 
221 74 12 14 0.8448161 
926 246 12 15 0.8441766 
129 36 10 14 0.8372862 
266 330 11 15 0.8315303 
838 132 10 12 0.828783 
941 216 11 14 0.8208439 
124 461 13 16 0.8183673 
198 215 12 15 0.817896 
437 258 13 17 0.81762105 
847 281 10 13 0.81719565 
355 22 14 16 0.81466234 
121 333 14 17 0.8118768 
470 26 12 15 0.8108874 
651 318 11 15 0.8081426 
966 298 12 15 0.8072339 
917 47 10 13 0.80204916 
982 210 11 15 0.8002616 
734 123 11 14 0.7986161 
938 28 12 15 0.79575944 
567 169 12 14 0.7845461 
608 169 13 16 0.77722514 
885 318 9 12 0.77612793 
164 381 11 14 0.7744901 
309 334 14 17 0.7731772 
313 413 11 16 0.7598374 
797 483 17 23 0.7596184 
109 312 12 15 0.7590037 
665 333 11 14 0.75029767 
144 269 9 12 0.7476967 
705 191 11 14 0.73922807 
61 461 13 16 0.73566484 
547 148 13 17 0.7347964 
609 395 11 14 0.7275791 
809 89 8 10 0.7178082 
204 376 11 14 0.70942295 
808 273 12 16 0.70323807 
679 156 12 15 0.70304984 
99 146 10 13 0.7022639 
156 218 11 14 0.70158017 
48 29 12 17 0.6858337 
420 45 9 12 0.6849248 
677 263 12 14 0.6848586 
496 315 12 16 0.66371906 
39 110 11 15 0.65765303 
74 84 12 15 0.65551496 
657 67 10 13 0.651766 
398 6 11 14 0.6488823 
896 212 11 14 0.63041675 
537 66 12 16 0.6252893 
768 121 12 16 0.6223972 
722 162 10 13 0.62153995 
924 280 15 18 0.6189446 
969 333 11 15 0.6180404 
237 294 11 15 0.6163496 
38 229 11 14 0.6136909 
586 156 12 15 0.6085327 
742 263 12 14 0.6078549 
29 310 11 14 0.6011891 
145 74 11 13 0.5980098 
629 289 12 15 0.5953651 
472 79 9 11 0.5863802 
139 177 11 15 0.58494383 
453 39 11 14 0.5813665 
381 78 11 13 0.5805109 
982 138 10 13 0.56234777 
255 313 12 16 0.5582693 
245 446 12 15 0.55247337 
266 478 14 19 0.55166835 
644 9 13 15 0.5489147 
873 1 9 11 0.5357004 
835 -1 10 10 0.53483015 
662 122 10 14 0.5324138 
750 281 13 16 0.5300888 
225 137 12 15 0.5291183 
240 218 12 16 0.5267515 
261 146 12 14 0.526039 
454 7 10 13 0.52140707 
140 49 13 16 0.5073977 
126 230 12 15 0.5007399 
841 83 11 13 0.49965867 
846 202 9 13 0.49541682 
543 24 11 13 0.4947062 
647 416 13 17 0.49191353 
72 311 11 14 0.48701754 
597 61 10 13 0.48074073 
166 313 13 15 0.47745275 
806 134 10 12 0.4689344 
287 114 10 13 0.46213022 
317 7 18 21 0.45740172 
869 29 11 14 0.45356348 
64 68 11 14 0.45058668 
138 389 11 14 0.45035955 
658 173 10 13 0.4499763 
685 67 9 13 0.43073785 
324 28 11 13 0.43045095 
487 71 11 14 0.42758152 
14 137 13 16 0.4271398 
931 72 10 12 0.42157513 
140 367 10 14 0.42040026 
49 488 12 16 0.41804567 
774 334 13 15 0.41426665 
627 226 12 15 0.39727372 
727 350 12 16 0.3948304 
742 196 10 12 0.3940306 
603 77 10 12 0.39381588 
831 174 13 15 0.39242637 
194 13 14 16 0.38352543 
657 446 11 13 0.38101628 
577 110 11 14 0.37838703 
70 242 17 19 0.3731897 
546 36 13 15 0.35409856 
1010 341 12 16 0.35205156 
613 377 14 17 0.3505561 
171 465 13 15 0.35018408 
168 230 12 14 0.3496331 
331 450 13 18 0.34737742 
177 494 18 26 0.34259048 
117 213 11 14 0.34258857 
789 380 11 14 0.33907637 
358 84 9 12 0.33696437 
0 108 9 17 0.33280906 
142 486 11 16 0.32784554 
907 0 10 9 0.327238 
182 76 9 11 0.32406273 
19 86 12 14 0.31978944 
209 236 12 16 0.31935868 
866 444 14 20 0.31853527 
213 309 13 16 0.30393845 
508 25 9 11 0.30031872 
492 114 11 15 0.29900154 
715 66 11 15 0.29202992 
261 251 13 16 0.28792754 
444 365 11 14 0.28421006 
432 421 11 13 0.27322778 
790 299 12 15 0.271584 
942 134 9 11 0.26975253 
241 241 11 15 0.25912884 
957 159 9 12 0.2539187 
0 163 8 13 0.2454824 
237 17 12 15 0.24492875 
348 351 12 15 0.24100748 
577 27 11 14 0.24078615 
231 426 11 13 0.23909195 
340 466 15 19 0.23033266 
1000 277 13 17 0.22864696 
346 116 9 13 0.22606552 
983 414 13 16 0.2254687 
915 319 12 15 0.21635681 
777 96 9 11 0.21611968 
640 100 10 13 0.21591409 
616 63 10 12 0.21415405 
0 18 8 13 0.21360958 
840 26 10 13 0.21349886 
323 316 14 19 0.21201749 
927 302 11 14 0.21004924 
176 151 10 13 0.2099598 
273 411 11 14 0.20899518 
221 325 12 16 0.20867047 
879 45 12 15 0.20425285 
139 146 11 15 0.20262922 
561 30 9 12 0.19746341 
220 126 9 12 0.19425151 
387 99 12 14 0.19199628 
118 54 12 15 0.18788333 
87 334 12 14 0.1875055 
574 131 12 15 0.18262677 
448 319 10 14 0.18210503 
518 171 13 17 0.1816664 
763 357 14 18 0.17088793 
812 166 10 13 0.16893038 
77 15 9 12 0.168627 
387 37 15 18 0.16712512 
503 5 11 13 0.1663107 
944 245 12 15 0.16484268 
966 173 9 12 0.16398661 
519 319 11 14 0.1632854 
940 190 10 13 0.15901522 
647 291 10 13 0.1571745 
617 117 10 14 0.15254511 
26 326 13 16 0.14622673 
604 322 10 14 0.14597096 
638 335 11 14 0.14263545 
1009 179 11 13 0.14142148 
802 319 10 13 0.14126976 
1 305 9 15 0.14013831 
377 251 16 19 0.13975567 
127 12 11 13 0.13957283 
145 292 9 12 0.13945977 
498 454 14 15 0.13923351 
821 205 9 12 0.13895321 
557 59 10 12 0.1371403 
190 455 8 11 0.13442627 
80 211 13 16 0.12774593 
509 77 10 13 0.12709288 
412 435 13 17 0.12577483 
485 283 14 17 0.12311404 
852 264 9 11 0.12075397 
639 62 10 12 0.11864031 
33 228 11 14 0.118593484 
160 415 10 14 0.115961604 
687 36 9 13 0.11589789 
178 350 9 11 0.115814045 
24 75 11 13 0.1153014 
25 220 9 11 0.114433885 
976 435 13 18 0.114147805 
294 218 15 17 0.11261497 
804 204 9 12 0.11140849 
600 293 9 12 0.11029565 
271 270 11 14 0.109604195 
285 149 10 13 0.10912185 
613 6 9 12 0.109062046 
109 109 12 14 0.108825535 
227 45 11 13 0.10735633 
220 412 13 16 0.10675737 
670 472 12 16 0.10566509 
903 43 10 13 0.10514746 
253 382 12 15 0.10270619 
500 136 12 16 0.10200842 
675 309 11 13 0.10191841 
356 0 10 12 0.09934786 
574 260 9 12 0.09780855 
931 119 13 15 0.09730901 
588 1 9 9 0.09622742 
868 127 14 15 0.09536731 
661 50 11 14 0.09527807 
421 86 13 17 0.09494016 
942 54 11 14 0.09453736 
338 285 11 15 0.09442591 
113 450 10 13 0.09382231 
56 405 11 14 0.09321134 
965 246 11 13 0.09294873 
723 269 15 18 0.09276434 
593 27 10 13 0.09138603 
58 54 9 11 0.09107949 
113 379 11 16 0.09076051 
218 258 11 15 0.08971687 
148 288 11 13 0.08963039 
982 0 10 11 0.089029424 
0 264 6 12 0.08836186 
62 228 12 14 0.08767216 
855 75 9 13 0.08638845 
805 396 11 15 0.086062565 
60 269 14 16 0.08495687 
27 71 9 13 0.084935375 
222 476 15 21 0.08355173 
181 53 10 14 0.08280039 
43 229 10 13 0.08266941 
391 342 10 14 0.08262959 
358 107 10 13 0.082117654 
44 11 11 14 0.08200466 
939 7 7 9 0.081603356 
492 282 12 16 0.08128849 
2 208 9 13 0.08016746 
610 340 8 11 0.07903088 
229 399 9 13 0.07898105 
337 429 11 13 0.07886784 
931 474 11 15 0.078718804 
191 460 9 11 0.07715714 
255 0 11 11 0.07688411 
221 465 14 18 0.07554722 
245 123 9 12 0.075432576 
930 352 9 12 0.07543057 
567 333 13 16 0.07424796 
547 28 12 14 0.07396931 
583 349 9 12 0.0732326 
485 128 12 17 0.07317401 
46 171 13 16 0.07271116 
279 375 10 13 0.07148485 
20 268 10 13 0.070853285 
133 514 15 18 0.07074787 
437 131 8 12 0.07056277 
964 81 13 19 0.07024201 
215 414 13 16 0.070190296 
654 278 9 12 0.069980815 
125 176 9 12 0.06899337 
428 10 12 14 0.06887867 
303 162 13 15 0.06860718 
785 111 9 12 0.06851227 
468 415 10 11 0.067703724 
221 28 10 13 0.067588404 
662 154 10 13 0.06743584 
62 61 12 16 0.06625176 
157 180 10 13 0.06397166 
683 278 12 16 0.06363301 
75 396 11 15 0.063583024 
857 134 10 12 0.063458845 
950 236 12 15 0.06343356 
534 410 9 14 0.063376166 
862 133 10 13 0.06272992 
557 171 12 15 0.0627217 
883 374 8 11 0.06260186 
44 70 11 14 0.060188755 
8 129 13 16 0.059306663 
173 364 11 13 0.058964327 
16 53 11 15 0.058793727 
626 494 9 11 0.058781095 
769 279 10 12 0.05876875 
986 204 12 17 0.058646657 
244 77 12 15 0.05853873 
181 139 11 13 0.05853588 
646 54 9 12 0.058514085 
558 396 10 14 0.058332276 
103 99 10 12 0.05726372 
416 86 11 14 0.057128105 
751 397 13 18 0.057120454 
897 27 10 13 0.056555413 
709 117 13 19 0.056383386 
212 141 12 16 0.056186274 
671 301 10 12 0.05572004 
13 315 11 15 0.055351477 
285 352 8 12 0.054728296 
884 51 11 13 0.054387715 
659 7 12 14 0.05411583 
805 261 12 16 0.05399575 
452 448 10 13 0.053962097 
180 404 10 14 0.05387732 
75 163 12 17 0.0538583 
638 109 11 14 0.05306563 
597 22 11 15 0.052698452 
308 442 12 14 0.05250165 
757 93 8 11 0.052217357 
682 386 11 14 0.051741377 
884 261 11 13 0.051406898 
88 34 10 13 0.05138431 
468 -1 13 13 0.05111618 
658 439 36 53 0.05063531 
63 134 10 13 0.04993029 
970 120 8 10 0.049767215 
141 23 10 13 0.04964901 
15 23 9 11 0.049427032 
737 156 10 14 0.049310762 
426 92 11 14 0.048842177 
118 24 9 11 0.048435993 
738 196 9 12 0.048188284 
520 562 14 18 0.04782652 
310 187 11 13 0.04768603 
318 17 15 18 0.04748588 
964 287 14 17 0.046547614 
994 445 12 15 0.046435624 
693 124 11 14 0.04607159 
922 106 24 30 0.046008136 
871 443 26 37 0.04583501 
339 431 13 17 0.04565369 
394 10 11 14 0.045611884 
174 357 11 14 0.045393758 
485 335 10 13 0.044841953 
875 37 14 16 0.04410851 
286 173 9 11 0.04399747 
245 408 8 11 0.043927796 
894 42 10 14 0.043429878 
172 474 12 16 0.043116685 
856 205 13 16 0.043094274 
671 449 39 53 0.043086886 
80 463 9 11 0.042831186 
374 243 18 20 0.042776287 
118 246 10 13 0.0423783 
100 419 11 14 0.042265896 
45 6 13 14 0.042194784 
536 21 10 14 0.042094324 
974 119 8 11 0.042018116 
527 220 14 16 0.04181681 
69 36 10 13 0.041797373 
665 295 9 11 0.04174179 
784 8 8 10 0.04140932 
170 26 13 18 0.04123677 
767 111 11 13 0.040970482 
782 580 9 12 0.0408043 
549 415 8 11 0.040272843 
1004 466 20 41 0.039865706 
225 404 11 15 0.039622545 
480 285 11 14 0.039376263 
888 39 10 14 0.039351266 
336 259 11 14 0.039330136 
855 4 11 12 0.039133694 
679 281 12 15 0.039132636 
835 419 13 17 0.039062727 
379 130 12 15 0.03893146 
431 245 10 13 0.038922258 
493 60 11 13 0.038868878 
206 31 12 15 0.0386464 
431 254 15 18 0.03841778 
355 355 13 15 0.038408913 
496 459 18 22 0.03839666 
844 22 12 15 0.03837918 
831 93 9 11 0.038215533 
366 85 10 13 0.03818647 
673 144 9 11 0.03806425 
1 540 8 13 0.037794624 
553 55 11 14 0.03776775 
256 142 13 15 0.037548482 
173 223 11 13 0.037531607 
43 431 9 12 0.03750016 
554 172 9 13 0.037441198 
652 499 13 19 0.03710521 
191 302 9 11 0.037035856 
772 283 10 13 0.03700529 
669 462 24 32 0.03695048 
128 160 8 10 0.036949184 
881 456 49 50 0.036939997 
870 179 9 13 0.036927402 
189 237 9 12 0.036880482 
791 364 9 10 0.036860198 
85 70 10 13 0.036749646 
1014 380 9 15 0.036737815 
152 38 9 11 0.036529537 
386 75 14 16 0.036518067 
304 52 10 13 0.036475517 
56 11 11 14 0.036467373 
620 112 11 13 0.036365353 
607 39 9 12 0.03629417 
96 398 9 12 0.03623485 
31 1 10 13 0.036077626 
297 375 9 12 0.03598238 
209 292 10 13 0.03593653 
886 196 9 13 0.035823204 
139 229 13 15 0.035541404 
120 464 12 15 0.035348453 
158 15 9 12 0.035305258 
194 3 26 28 0.03526479 
395 42 12 15 0.03519002 
630 54 11 13 0.03490112 
780 214 18 21 0.034575455 
227 410 13 15 0.034533672 
296 165 9 13 0.034416627 
42 115 12 14 0.034271467 
802 88 8 10 0.03408576 
604 70 12 15 0.034048807 
130 233 13 15 0.03401324 
636 316 11 14 0.03386327 
568 348 11 15 0.033666037 
217 468 11 16 0.03363305 
603 61 12 15 0.033609264 
262 381 10 13 0.033565838 
624 336 8 11 0.033505764 
631 443 10 14 0.033493154 
473 124 14 18 0.033275664 
245 67 14 16 0.033275243 
620 66 10 13 0.033261087 
245 108 9 13 0.033251435 
785 294 10 13 0.033240046 
23 45 10 13 0.033179384 
66 270 15 17 0.033116985 
938 53 10 13 0.033099305 
813 262 11 14 0.033085726 
1007 183 14 18 0.033072326 
662 36 12 14 0.033052053 
591 171 12 15 0.032950304 
103 14 9 12 0.032936733 
458 4 13 15 0.03292955 
127 164 9 13 0.032881737 
791 183 11 13 0.032785535 
936 11 9 12 0.03277047 
169 35 10 13 0.03271935 
829 168 12 14 0.03271002 
229 40 11 13 0.03265594 
598 299 11 14 0.03263891 
895 389 9 13 0.032598007 
682 151 13 16 0.032424916 
961 245 10 14 0.032337848 
421 98 11 14 0.032288242 
134 28 11 14 0.032233376 
413 71 10 13 0.032193877 
639 55 11 14 0.032081205 
584 5 10 11 0.032034006 
875 125 14 17 0.031988766 
910 39 11 14 0.031928055 
524 177 11 15 0.03183676 
636 134 10 12 0.0317614 
812 91 9 12 0.031690724 
288 169 9 10 0.031650145 
652 283 11 14 0.031628378 
96 299 12 16 0.03157603 
46 62 10 14 0.031497344 
987 135 11 13 0.03148702 
167 71 10 12 0.03147833 
637 477 10 12 0.03136102 
1010 43 13 19 0.031316087 
136 22 10 13 0.031266693 
980 429 14 18 0.031251505 
632 59 11 13 0.031236853 
885 125 12 14 0.031197961 
290 109 12 16 0.031122832 
784 188 11 13 0.031042365 
558 360 10 13 0.030935893 
669 118 10 13 0.030898638 
185 302 10 12 0.030855116 
39 150 10 13 0.030826567 
962 173 9 13 0.030822242 
746 265 13 16 0.030780526 
915 131 11 14 0.030778036 
838 245 10 12 0.030744927 
206 416 13 17 0.030674823 
594 335 9 12 0.030608159 
13 4 11 13 0.030577922 
219 316 12 17 0.03053449 
561 310 10 12 0.030504338 
496 133 11 15 0.030452617 
78 4 13 15 0.030451275 
163 419 11 14 0.030304577 
709 22 9 11 0.03024838 
630 158 11 13 0.030175015 
954 199 9 12 0.030103818 
275 98 11 15 0.030022744 
864 34 10 12 0.02998276 
893 175 10 12 0.029982235 
478 374 10 13 0.029980373 
211 7 12 13 0.029961912 
70 31 11 13 0.029810624 
841 278 11 15 0.029791642 
930 334 10 12 0.029689321 
629 453 10 15 0.029653514 
919 215 10 12 0.029615304 
24 315 12 16 0.029603122 
655 441 20 26 0.029558595 
646 46 10 15 0.029440334 
297 159 11 14 0.029417045 
910 377 25 32 0.029389685 
537 180 12 15 0.02935246 
66 518 13 15 0.029326536 
397 342 12 15 0.029313188 
253 188 15 19 0.02930177 
113 184 9 12 0.029234251 
418 50 10 14 0.029131033 
924 213 10 14 0.02911649 
18 195 9 12 0.02910862 
644 59 10 15 0.02910792 
872 42 13 16 0.029107098 
113 23 9 12 0.029106377 
132 466 12 15 0.029071614 
301 374 9 12 0.02894028 
809 373 11 14 0.028872753 
123 282 13 15 0.028833183 
479 380 10 12 0.028727226 
884 220 11 13 0.02868774 
978 205 12 17 0.028676493 
527 13 10 13 0.028650254 
869 357 12 16 0.028647136 
610 95 10 13 0.028635144 
647 507 12 15 0.028616164 
68 1 10 10 0.028610863 
944 238 11 15 0.02860027 
625 158 9 13 0.028542707 
288 94 9 12 0.028536934 
590 4 8 11 0.028535705 
417 323 10 13 0.028535347 
93 36 10 13 0.028530048 
753 382 10 13 0.028491152 
437 362 20 23 0.028489351 
22 227 10 15 0.028454233 
702 282 10 13 0.02840715 
333 471 17 21 0.028400378 
238 81 12 14 0.028276552 
582 71 10 12 0.028252358 
871 137 12 15 0.028209705 
442 252 13 21 0.028114812 
332 76 11 14 0.028108265 
719 37 9 13 0.028100401 
386 82 14 17 0.02809896 
344 418 11 15 0.028098727 
922 471 21 26 0.028045647 
208 515 11 14 0.028023083 
226 461 15 19 0.02801527 
185 173 13 17 0.027941013 
674 261 19 23 0.027804432 
181 223 9 12 0.02780347 
834 127 10 14 0.027764605 
214 389 12 16 0.027736602 
1005 151 11 13 0.027715143 
724 263 12 16 0.02768859 
117 292 10 14 0.027673239 
974 388 10 13 0.027657246 
18 222 9 10 0.027649896 
637 292 11 13 0.027555011 
437 151 12 16 0.027529147 
169 358 10 12 0.027523436 
721 43 10 15 0.027493492 
80 1 12 11 0.027475595 
4 51 26 39 0.027420625 
380 466 13 16 0.027354417 
632 110 10 14 0.027320443 
653 312 12 15 0.027313495 
58 275 12 15 0.027281106 
506 306 13 15 0.027268188 
139 268 10 14 0.027232762 
76 278 11 12 0.027139502 
558 34 11 13 0.027137227 
470 286 10 12 0.027131945 
635 220 11 16 0.027126411 
808 235 12 15 0.027122166 
972 123 9 12 0.027117424 
726 50 11 14 0.027050698 
853 21 8 12 0.026961649 
108 164 11 14 0.026954964 
583 361 12 17 0.026725551 
979 414 21 25 0.026690325 
790 115 8 11 0.026678862 
226 323 13 17 0.026630659 
734 53 10 13 0.026521092 
57 228 9 13 0.026459621 
862 429 9 10 0.026452336 
98 211 13 17 0.026448525 
584 75 10 14 0.026444763 
254 281 14 18 0.026375176 
666 34 14 15 0.026342876 
103 483 11 13 0.026327725 
404 138 12 14 0.026301764 
912 128 10 12 0.026291754 
406 44 10 14 0.026286356 
120 181 8 11 0.026261458 
182 228 10 13 0.026227757 
636 310 12 15 0.026141558 
672 315 10 13 0.02611353 
730 277 12 15 0.026107833 
894 135 11 14 0.026083231 
705 148 9 12 0.026069883 
755 387 12 16 0.026049336 
53 221 11 14 0.02600635 
81 485 10 13 0.025914134 
741 151 12 16 0.025912564 
198 109 8 12 0.025877135 
7 3 13 16 0.025875978 
42 76 9 11 0.025864933 
677 143 10 12 0.025807638 
574 348 10 15 0.025781823 
350 505 12 16 0.025718551 
4 12 11 15 0.025698015 
609 119 9 13 0.025684189 
913 219 9 12 0.025654856 
0 281 16 22 0.025621723 
263 428 9 14 0.025583286 
418 190 10 13 0.02556007 
669 103 9 11 0.02552965 
561 380 11 15 0.02547071 
231 28 10 13 0.025468415 
319 42 21 25 0.025379462 
332 124 9 13 0.025333032 
126 17 10 14 0.02527569 
679 48 13 17 0.025243856 
637 324 10 14 0.025231682 
110 39 9 12 0.025215331 
492 74 11 13 0.025187902 
103 39 10 13 0.02517838 
89 23 8 10 0.025145886 
632 148 11 13 0.025140656 
52 387 11 14 0.025137063 
514 456 22 30 0.025129803 
492 213 10 13 0.025082093 
479 94 11 13 0.025077254 
178 76 9 12 0.024914386 
242 119 10 13 0.024910785 
332 10 11 14 0.024850346 
886 245 9 11 0.02483227 
431 365 11 16 0.024811286 
197 171 12 15 0.024791013 
351 167 10 14 0.024752643 
660 63 11 15 0.024747198 
575 147 9 14 0.024717443 
488 221 8 12 0.024685645 
958 29 10 12 0.02462862 
474 328 8 10 0.024621502 
253 94 11 13 0.024612986 
110 276 9 12 0.024541527 
191 6 15 18 0.024534708 
284 284 11 14 0.02439464 
405 415 10 13 0.024376018 
582 352 14 20 0.02435784 
695 133 9 11 0.024345249 
881 196 10 14 0.024252612 
630 44 12 15 0.024252582 
271 380 8 12 0.024244953 
543 143 14 17 0.024194965 
589 356 12 17 0.024179634 
503 72 10 14 0.024177847 
675 244 13 15 0.024176903 
237 25 11 15 0.024146963 
631 334 11 14 0.024137627 
279 3 14 14 0.024099996 
223 236 11 15 0.024091596 
961 78 12 16 0.024022536 
557 149 11 15 0.02399283 
356 88 13 16 0.023972219 
571 326 12 14 0.02394936 
330 365 16 19 0.023943018 
823 87 11 13 0.02393001 
509 316 12 15 0.023924615 
39 203 11 15 0.023909856 
363 429 11 15 0.0239041 
21 236 9 12 0.02389165 
406 204 11 14 0.023888674 
170 260 11 14 0.023876237 
525 190 10 13 0.023842638 
297 2 15 16 0.023825254 
679 117 9 13 0.02381488 
936 193 11 14 0.023790177 
220 357 14 19 0.02374429 
670 108 9 11 0.023727914 
588 350 11 15 0.02372717 
108 102 11 13 0.023666352 
653 10 11 14 0.023626668 
950 115 10 13 0.02358323 
58 340 11 15 0.023569075 
993 180 8 10 0.02354122 
486 300 12 16 0.023494218 
517 0 10 10 0.023434104 
55 465 14 16 0.023429506 
682 110 9 11 0.02340273 
7 473 11 16 0.023397265 
188 36 12 15 0.02333861 
50 4 14 15 0.023309628 
678 123 8 12 0.023297532 
27 416 7 10 0.02323699 
303 168 13 17 0.023215698 
28 29 12 15 0.023206336 
263 436 10 14 0.023175456 
205 10 12 15 0.023158427 
110 4 10 12 0.023142198 
636 43 13 15 0.023129849 
281 109 11 15 0.023090312 
712 211 10 14 0.023064753 
162 315 10 13 0.023039531 
87 140 10 14 0.022999434 
216 24 10 11 0.0229756 
569 45 11 14 0.022973293 
688 217 14 17 0.022957895 
493 26 11 14 0.022929464 
887 132 11 13 0.022926642 
128 514 13 16 0.022921024 
165 165 10 14 0.02292071 
232 333 14 17 0.022902299 
669 50 13 16 0.022892945 
268 261 14 16 0.022888443 
277 275 12 15 0.022838514 
47 223 11 13 0.022810573 
804 413 12 16 0.02280765 
277 317 13 15 0.022803083 
2 362 12 17 0.022772903 
656 109 9 11 0.022766614 
822 188 9 12 0.022762543 
366 57 12 16 0.022720065 
578 103 14 18 0.022715438 
100 268 12 14 0.022710603 
685 461 47 62 0.022613712 
143 205 11 14 0.02259283 
629 2 11 13 0.022572637 
216 131 12 15 0.022539478 
55 68 10 14 0.02251578 
779 98 11 14 0.022508169 
625 0 11 11 0.02250634 
767 418 9 13 0.022499593 
60 333 13 17 0.022489911 
286 71 9 12 0.0224721 
251 68 14 16 0.02245854 
342 19 11 16 0.022451198 
682 261 12 15 0.02244848 
5 405 8 12 0.022444768 
672 154 12 16 0.02244143 
200 419 10 14 0.022436557 
564 149 11 14 0.022432152 
474 22 12 16 0.022424322 
598 352 10 13 0.022406925 
635 286 11 14 0.022404606 
134 43 13 15 0.022387756 
152 158 9 12 0.022384971 
984 431 24 30 0.022379378 
669 460 14 21 0.022377087 
215 28 11 13 0.022376664 
563 420 12 15 0.022336857 
342 498 15 19 0.022334987 
245 132 11 15 0.02232515 
158 52 13 16 0.022289634 
1 221 10 15 0.022287142 
924 384 14 20 0.022249611 
141 493 13 18 0.022246996 
376 83 10 14 0.022242311 
613 433 15 19 0.022236397 
525 90 12 15 0.02223442 
801 21 9 12 0.02219567 
48 210 10 14 0.022138668 
966 206 11 15 0.022130514 
61 158 10 12 0.022125522 
73 212 10 14 0.02210847 
928 15 9 11 0.022100126 
486 65 19 23 0.022091504 
860 57 15 18 0.022071904 
946 53 13 16 0.022026204 
665 103 9 12 0.022024417 
242 19 12 15 0.022018882 
100 46 12 15 0.021998294 
809 170 9 12 0.021988297 
758 454 16 22 0.02196146 
198 133 10 13 0.02195603 
41 179 8 12 0.02195322 
829 87 11 13 0.02195282 
72 170 10 12 0.021894865 
415 23 11 14 0.021888087 
28 215 10 12 0.021871084 
151 30 8 12 0.021866832 
88 52 11 14 0.02185466 
87 3 10 12 0.021827988 
266 142 11 15 0.02182709 
52 167 11 14 0.021822529 
999 174 9 13 0.02180187 
609 10 10 13 0.021798806 
296 222 19 22 0.02178981 
27 85 12 14 0.021757726 
269 236 12 14 0.021753421 
929 228 10 13 0.021740356 
1012 276 11 17 0.021733716 
641 462 10 15 0.021705953 
989 200 11 14 0.021705883 
490 420 11 14 0.021654135 
605 140 10 14 0.021607975 
206 407 10 14 0.021590078 
102 19 11 14 0.021578668 
396 83 12 14 0.02157006 
353 102 10 13 0.021553222 
160 367 8 10 0.021550708 
20 58 11 15 0.021542411 
950 73 12 15 0.02151471 
393 407 15 18 0.021459704 
675 253 15 21 0.021453856 
179 354 10 14 0.02143118 
722 348 12 16 0.021425527 
323 33 14 16 0.021409642 
250 451 12 16 0.021395514 
860 150 11 15 0.02139442 
481 333 9 13 0.021393163 
911 29 11 13 0.02138245 
6 50 13 17 0.021354962 
754 279 12 15 0.021331934 
724 250 11 14 0.021282554 
631 175 11 13 0.021250198 
709 144 9 12 0.021244071 
622 3 11 12 0.02123288 
47 0 14 14 0.02123137 
51 126 11 15 0.02123137 
452 46 14 18 0.021205794 
279 505 15 19 0.021165727 
930 248 14 16 0.021144148 
901 193 12 16 0.02114272 
910 382 14 17 0.021126162 
158 26 10 13 0.021119878 
95 13 9 11 0.02109 
176 408 11 16 0.021076178 
430 262 14 17 0.021074282 
180 344 11 15 0.02106229 
924 43 11 15 0.021061935 
595 99 13 16 0.021059977 
317 382 10 14 0.021032073 
831 186 11 14 0.021029545 
804 466 19 21 0.021013485 
395 69 13 16 0.021003593 
846 114 13 16 0.020992592 
383 146 13 16 0.020987922 
829 277 12 14 0.02098653 
30 91 12 14 0.020966452 
1 469 9 13 0.02096577 
972 29 10 13 0.020954711 
67 63 11 15 0.020937743 
657 151 10 14 0.02092129 
622 43 10 13 0.020915978 
21 289 10 14 0.020907778 
822 142 9 10 0.020899326 
615 55 11 15 0.020896409 
613 219 12 14 0.020873532 
906 333 12 17 0.020856867 
111 218 12 14 0.020848112 
620 121 12 14 0.020842789 
864 180 10 13 0.020830074 
107 11 11 14 0.020807015 
852 12 12 16 0.020784462 
260 209 13 18 0.020783458 
776 308 11 14 0.020781543 
0 295 15 27 0.020746935 
821 316 11 13 0.020733334 
220 390 12 16 0.020732466 
244 175 13 16 0.020731382 
52 99 10 12 0.02068945 
436 387 12 14 0.020683162 
805 2 13 14 0.020675002 
6 85 10 14 0.02066727 
999 164 10 13 0.020660553 
901 98 10 14 0.020649817 
926 21 9 13 0.020641457 
492 303 12 15 0.020635156 
350 110 10 14 0.020632593 
506 456 20 26 0.0206155 
535 164 10 13 0.020612389 
841 199 11 14 0.020609163 
724 356 15 20 0.020600298 
624 55 9 12 0.02058295 
926 220 10 13 0.020582119 
39 453 11 15 0.020512369 
870 159 11 14 0.020491794 
979 135 19 24 0.02048355 
695 158 10 12 0.020476377 
153 517 10 13 0.02046795 
902 284 10 12 0.020460695 
119 156 10 12 0.020443032 
250 315 11 16 0.020431465 
648 85 9 12 0.02042344 
347 120 13 15 0.02041292 
209 495 10 14 0.020409627 
573 437 9 11 0.020407677 
476 351 10 12 0.020397117 
126 483 11 14 0.0203878 
657 37 10 15 0.020384887 
45 201 11 16 0.020379098 
63 4 11 12 0.020375635 
135 478 9 11 0.020352641 
157 286 10 13 0.020329548 
857 191 10 12 0.02031438 
133 134 12 15 0.020309247 
629 403 12 16 0.020291323 
189 243 11 14 0.020283438 
714 37 9 12 0.02027763 
254 394 12 15 0.020258704 
73 20 10 11 0.020250581 
800 117 10 13 0.02023118 
927 29 9 13 0.020223185 
280 154 10 14 0.020195464 
744 365 10 12 0.020191828 
481 69 11 14 0.020174246 
409 75 11 13 0.02015916 
71 79 13 15 0.020151358 
1002 269 14 20 0.020146552 
893 195 12 16 0.020137362 
34 114 11 15 0.02012346 
853 127 12 16 0.020102687 
68 221 13 17 0.020076057 
800 473 24 30 0.020021392 
160 455 10 12 0.020015696 
703 117 13 17 0.020006157 
