0_Parade_Parade_0_559
20
438 344 67 73 0.77758265 
327 311 32 50 0.6290771 
778 342 46 61 0.08925679 
216 321 35 47 0.08678401 
536 356 25 32 0.07138322 
641 380 53 55 0.065868035 
623 186 10 13 0.056172173 
647 404 46 57 0.05579879 
637 212 11 17 0.048052583 
431 367 55 77 0.03533788 
576 30 10 13 0.03512891 
627 183 10 13 0.03253404 
79 468 47 61 0.025972817 
926 462 87 189 0.02573409 
709 546 10 12 0.0242625 
539 11 12 15 0.022998955 
309 287 48 51 0.02233456 
619 198 15 20 0.020986669 
434 602 8 8 0.020134708 
435 240 15 18 0.020062976 
