0_Parade_Parade_0_266
233
954 338 26 32 0.99684817 
866 574 24 38 0.8749879 
29 419 13 17 0.6580448 
656 389 71 75 0.6339575 
163 333 14 17 0.47774452 
685 366 62 85 0.43816084 
451 411 18 21 0.3859863 
907 443 17 21 0.31600156 
263 437 12 15 0.31490335 
67 332 14 16 0.27802104 
908 434 27 31 0.2504065 
209 325 9 13 0.24423112 
172 413 14 18 0.19446714 
8 331 9 13 0.1881717 
69 442 12 16 0.17666802 
861 317 10 13 0.165365 
993 314 29 40 0.16528252 
46 337 13 17 0.16265717 
77 436 13 18 0.15339805 
763 316 10 13 0.15309039 
70 339 12 15 0.13233618 
27 448 13 17 0.12979566 
204 452 10 12 0.12890722 
894 369 11 15 0.1287358 
88 338 13 17 0.12508276 
997 411 26 41 0.11916728 
367 355 20 24 0.11457392 
864 309 10 13 0.112938076 
13 333 9 13 0.109581575 
813 316 8 11 0.108087875 
125 329 12 15 0.10794839 
224 339 11 13 0.104111925 
933 342 14 18 0.101969056 
142 340 11 14 0.09971878 
872 582 40 41 0.09558067 
894 431 28 32 0.09245446 
584 313 13 18 0.08416406 
796 323 10 13 0.082959324 
923 432 18 26 0.08230734 
192 348 10 12 0.07585716 
27 333 11 14 0.074167304 
857 312 9 12 0.072589844 
969 407 36 48 0.07237286 
116 341 13 17 0.07182284 
144 415 12 15 0.06910771 
501 342 11 15 0.068034425 
165 415 16 19 0.066111624 
780 310 10 11 0.06498196 
215 382 9 13 0.06392509 
32 412 16 20 0.06300944 
151 399 10 13 0.06209966 
779 316 11 14 0.06125205 
13 428 9 12 0.06104642 
343 145 12 15 0.06071125 
6 437 11 15 0.058869217 
461 292 11 15 0.05401441 
865 304 9 11 0.051711347 
76 333 12 17 0.051398996 
525 310 8 11 0.05076018 
911 317 9 11 0.050261557 
226 317 10 13 0.049152035 
534 262 13 15 0.049106844 
198 341 11 15 0.048834234 
294 194 10 13 0.048215415 
7 429 10 14 0.04778532 
33 356 12 16 0.047567952 
828 326 10 12 0.045987837 
120 331 12 15 0.04416653 
277 336 7 10 0.044125978 
829 309 9 10 0.043335106 
109 400 15 19 0.04332405 
269 483 9 12 0.043305505 
87 324 11 14 0.042930644 
180 327 10 14 0.042835243 
872 343 9 11 0.042835213 
30 315 11 15 0.042742252 
205 338 12 16 0.04257976 
72 363 11 15 0.042388223 
567 325 9 12 0.042066198 
166 127 9 11 0.04162708 
895 311 9 12 0.041566286 
841 318 8 11 0.041326474 
852 511 10 13 0.039824765 
715 369 36 68 0.039681114 
231 439 8 11 0.039306484 
935 400 27 49 0.039243396 
199 175 7 8 0.039057054 
211 175 8 10 0.039042175 
488 291 9 11 0.03892265 
25 381 403 399 0.038900644 
217 460 9 12 0.038893595 
266 442 12 15 0.038692817 
776 324 11 12 0.038491864 
143 141 11 15 0.038422037 
174 330 12 15 0.03811454 
132 330 12 16 0.038012926 
911 310 9 12 0.037849247 
231 421 8 10 0.037657026 
826 305 8 9 0.037560884 
44 345 12 16 0.036657035 
191 206 14 18 0.036556333 
846 351 10 12 0.0364488 
127 405 11 16 0.03582846 
157 325 15 19 0.035754845 
159 417 13 17 0.035279736 
951 307 11 16 0.035271402 
98 444 14 17 0.03446029 
502 310 10 14 0.034251712 
203 283 11 15 0.03417306 
509 407 18 22 0.034141973 
438 405 32 36 0.033605684 
200 447 11 14 0.033150952 
459 282 13 18 0.03310076 
942 307 12 16 0.032026716 
792 351 8 10 0.031683203 
839 356 9 12 0.031085396 
264 478 11 15 0.03101533 
929 412 23 40 0.030948987 
41 340 11 15 0.03090146 
815 340 8 11 0.030769378 
953 391 40 60 0.03073656 
810 314 8 9 0.030343762 
923 521 13 16 0.02970907 
24 316 10 13 0.029601123 
38 349 11 14 0.029591054 
216 405 9 10 0.029526278 
901 328 8 11 0.029297573 
931 334 13 18 0.029277418 
903 357 9 11 0.029220559 
65 438 12 15 0.029182576 
793 320 10 12 0.02909267 
263 432 10 12 0.028796025 
117 429 10 14 0.02866311 
711 522 36 39 0.028520431 
508 416 25 35 0.028049596 
956 333 17 22 0.0280392 
419 242 11 13 0.02797657 
411 367 14 18 0.027883004 
968 715 49 55 0.027477685 
471 294 10 14 0.027326705 
248 453 9 12 0.027267646 
843 605 12 14 0.027109265 
93 448 16 19 0.027092444 
150 323 11 16 0.026978796 
217 446 9 11 0.02690752 
830 305 7 10 0.026894776 
217 399 9 12 0.026893554 
831 340 9 12 0.026846224 
44 284 12 14 0.0268378 
245 436 9 12 0.026569001 
224 429 9 10 0.026458478 
137 338 11 15 0.02629357 
525 305 9 11 0.026223227 
1 423 8 12 0.026050031 
888 365 10 13 0.025374506 
517 336 11 13 0.025340708 
188 446 10 13 0.02533582 
208 271 9 11 0.02527363 
121 326 11 14 0.025247402 
253 453 10 13 0.025203735 
965 307 11 14 0.025178608 
872 335 10 14 0.02503888 
180 446 14 14 0.024992544 
134 357 13 15 0.024940688 
837 366 9 12 0.024905257 
152 317 10 13 0.024696123 
87 406 13 17 0.024689587 
929 300 9 12 0.024613546 
214 254 11 13 0.024409711 
161 147 11 14 0.024406211 
234 400 8 10 0.02414706 
947 301 23 29 0.02411527 
922 444 16 21 0.024078248 
13 444 10 15 0.024066832 
478 295 9 11 0.024058064 
845 318 8 11 0.024037553 
830 317 9 12 0.023689814 
257 429 9 11 0.023652744 
918 302 8 10 0.023590432 
87 320 9 11 0.023510778 
855 572 22 35 0.0235106 
84 441 13 18 0.023509638 
30 325 11 14 0.023412375 
149 330 12 16 0.023324918 
318 357 12 16 0.023113305 
491 368 23 30 0.022916414 
984 291 35 54 0.022826364 
210 330 12 15 0.022759762 
829 333 10 12 0.022688027 
278 452 15 18 0.02268069 
179 418 10 14 0.022589508 
270 462 28 29 0.022461833 
888 316 9 13 0.022392211 
248 147 10 12 0.022324383 
15 423 11 14 0.022319635 
123 337 13 18 0.022317074 
22 424 13 16 0.02231259 
930 295 8 11 0.02228005 
13 327 10 14 0.022186004 
904 310 8 11 0.022101093 
910 355 9 12 0.02209891 
22 414 14 17 0.022024818 
857 358 9 12 0.021947712 
10 436 11 15 0.021943102 
0 435 20 32 0.02192798 
142 325 11 15 0.021881923 
240 446 9 11 0.021864638 
38 356 25 33 0.021793067 
104 316 10 12 0.02170407 
469 285 11 15 0.021703664 
224 438 10 12 0.021460708 
797 338 10 13 0.021331355 
511 302 8 10 0.021236693 
35 451 12 15 0.021162473 
953 480 37 53 0.021141503 
459 340 23 29 0.021042233 
63 448 13 17 0.020931637 
332 157 11 14 0.020923452 
542 309 9 11 0.020885658 
839 323 9 13 0.0208853 
46 363 14 19 0.020839473 
899 365 12 17 0.020798946 
5 424 10 13 0.020793281 
76 345 11 15 0.0207846 
240 437 9 12 0.020624032 
549 309 10 12 0.020535585 
217 308 11 14 0.020387258 
957 307 12 16 0.020368684 
880 365 10 13 0.020269457 
933 300 10 12 0.020256206 
238 455 10 12 0.020214215 
521 316 9 10 0.02018015 
902 316 9 13 0.020059872 
