0_Parade_marchingband_1_227
200
597 132 22 30 0.9919186 
461 136 29 37 0.988848 
287 138 24 33 0.9731065 
914 139 40 53 0.9693811 
413 112 23 32 0.9568921 
175 106 24 31 0.9566505 
512 108 21 27 0.9350427 
559 85 19 24 0.92411715 
292 101 20 27 0.8434069 
842 126 27 34 0.836289 
488 95 20 27 0.8189725 
636 98 15 22 0.6560765 
347 104 17 21 0.5829996 
248 88 21 27 0.5340558 
503 80 22 28 0.47682136 
213 74 12 16 0.45741758 
429 100 14 19 0.40090966 
133 90 12 15 0.35239652 
709 81 61 52 0.3070071 
99 81 17 22 0.26885423 
369 81 25 30 0.25414968 
641 97 18 25 0.2163784 
788 86 23 27 0.18177779 
35 93 14 16 0.16561566 
247 82 18 21 0.16018431 
59 72 14 18 0.13897064 
374 53 13 16 0.138208 
379 96 14 18 0.12747782 
771 106 22 31 0.123737134 
607 109 13 16 0.12361444 
28 113 13 17 0.11931957 
328 90 15 18 0.118702196 
507 94 23 29 0.11398551 
383 142 11 14 0.10954419 
646 84 12 16 0.106199756 
599 82 10 14 0.10395912 
69 75 11 14 0.09559579 
68 95 17 21 0.09437455 
421 89 13 16 0.091605015 
650 99 15 22 0.08598212 
588 91 9 12 0.08436861 
474 147 27 34 0.08420034 
124 104 16 21 0.083812214 
149 99 15 20 0.082645975 
631 94 15 18 0.08102287 
533 121 22 29 0.07578485 
23 63 12 15 0.071854346 
100 107 14 17 0.06828244 
309 93 13 17 0.067468256 
525 112 23 30 0.06605431 
289 74 9 13 0.06192167 
523 91 14 17 0.060717586 
515 84 15 19 0.060095858 
358 75 26 31 0.05936989 
276 170 16 21 0.0591955 
136 100 22 28 0.058982573 
615 69 22 29 0.058419332 
419 107 17 23 0.056956217 
746 86 56 60 0.056804027 
630 105 14 17 0.055629913 
0 84 11 20 0.05466405 
129 97 17 20 0.054447792 
198 70 8 11 0.052858792 
712 101 42 42 0.051686328 
42 114 18 23 0.05151204 
45 108 14 16 0.04993572 
938 101 28 37 0.04853124 
775 95 26 32 0.048172858 
942 202 38 44 0.045557674 
544 100 11 14 0.045295745 
350 70 15 18 0.04527405 
142 161 15 20 0.04510871 
623 115 12 15 0.04443104 
312 115 10 14 0.0436533 
140 92 13 15 0.04320642 
94 76 17 24 0.042746272 
308 108 14 18 0.042391315 
79 -3 39 46 0.040675394 
166 76 13 16 0.040437624 
611 112 13 18 0.04028877 
53 63 23 29 0.039359197 
250 77 26 31 0.038940918 
368 155 13 18 0.03765025 
106 88 13 17 0.037398916 
590 87 10 14 0.037090655 
619 92 13 15 0.036137797 
283 178 14 16 0.035603005 
5 101 20 30 0.035069373 
497 80 38 47 0.034223597 
380 135 13 16 0.033943824 
811 103 27 35 0.03381648 
702 54 97 88 0.033495765 
277 107 10 14 0.033087444 
582 102 10 13 0.03295395 
219 75 12 15 0.032870863 
315 110 12 16 0.031495452 
34 113 16 20 0.030805754 
414 86 14 17 0.030696863 
394 100 15 17 0.03060338 
268 99 14 19 0.030568847 
639 85 14 17 0.030323835 
618 83 22 28 0.029942993 
403 106 26 32 0.029914424 
338 243 22 28 0.029148327 
386 146 12 14 0.028348256 
840 102 49 61 0.0283336 
363 60 29 34 0.028288314 
703 90 37 45 0.0282467 
293 93 15 18 0.027826693 
0 82 19 31 0.027659701 
616 137 27 33 0.027629856 
725 7 102 92 0.02749381 
448 107 10 14 0.027439522 
853 129 28 36 0.027389796 
300 97 21 25 0.027258417 
128 87 13 16 0.027245011 
783 285 226 308 0.027144564 
418 86 22 25 0.027009383 
359 89 15 19 0.02675626 
475 107 14 18 0.02668418 
919 90 46 58 0.02658648 
620 120 13 18 0.026401762 
388 97 14 18 0.026310908 
783 89 43 60 0.02617551 
522 118 16 21 0.025639854 
375 124 9 12 0.025615843 
356 112 12 16 0.025321737 
470 113 15 17 0.025085239 
613 101 13 16 0.024971208 
194 110 15 24 0.024866845 
106 105 15 19 0.02482674 
893 91 51 63 0.024808478 
222 180 14 22 0.024667006 
532 97 13 18 0.024429081 
847 12 48 53 0.024406498 
582 165 12 15 0.024394386 
293 72 8 11 0.024393076 
42 100 15 19 0.024278067 
536 116 16 17 0.024133146 
691 84 34 42 0.024107896 
364 55 20 21 0.024025854 
353 100 16 21 0.024006682 
642 71 23 30 0.023973648 
880 113 42 51 0.023970345 
22 110 14 20 0.023866057 
490 150 28 34 0.023645898 
30 86 14 16 0.023620762 
747 106 28 34 0.023606854 
97 92 20 26 0.023552177 
942 107 16 20 0.023398742 
958 -1 54 58 0.023340749 
5 67 10 13 0.023335813 
363 93 17 22 0.022870831 
147 86 14 17 0.022845155 
245 104 15 18 0.02281943 
714 151 38 41 0.022708442 
475 92 14 18 0.02269028 
478 101 22 27 0.022660213 
435 94 14 17 0.022601658 
660 93 13 17 0.022566536 
276 75 13 16 0.022529881 
105 76 15 20 0.022459995 
389 162 31 46 0.02242534 
559 140 13 17 0.022305144 
819 81 94 117 0.02228751 
316 63 9 11 0.022236923 
322 225 28 37 0.022076737 
379 78 15 19 0.022069942 
985 150 26 29 0.02189796 
407 83 11 14 0.021886434 
367 115 11 14 0.021866413 
317 91 14 18 0.021758493 
22 56 27 29 0.02162488 
146 74 13 17 0.021597683 
366 108 12 14 0.021358948 
373 117 12 15 0.02132529 
3 15 25 34 0.02130626 
180 74 11 14 0.021182386 
786 107 15 18 0.021169541 
471 90 13 16 0.021128178 
4 77 13 19 0.021042038 
38 56 29 33 0.020886028 
278 81 12 17 0.02083403 
394 109 17 23 0.020816844 
613 121 13 18 0.02077201 
199 65 8 11 0.020742334 
604 77 12 16 0.020690223 
534 45 9 12 0.020684948 
619 98 14 17 0.020582518 
536 86 10 13 0.020581165 
69 81 14 17 0.020445896 
16 61 12 15 0.020441964 
491 49 32 36 0.020261489 
355 58 24 27 0.020157449 
341 191 23 28 0.020143658 
987 155 16 18 0.020098917 
171 80 14 17 0.02009163 
624 124 24 34 0.020084819 
44 91 27 33 0.020026632 
241 127 10 12 0.020025723 
