0_Parade_marchingband_1_606
45
258 139 31 38 0.99846566 
486 136 35 40 0.9974636 
841 155 29 34 0.99726295 
46 157 32 39 0.99665785 
703 175 27 32 0.99543685 
616 195 27 29 0.9951899 
132 212 23 28 0.9866745 
783 151 42 49 0.97708434 
429 180 25 32 0.52776426 
796 101 23 34 0.2950046 
421 138 21 29 0.26361412 
213 395 14 16 0.26153496 
365 413 14 18 0.110401906 
1 132 25 38 0.10744613 
345 140 37 51 0.0908994 
849 111 19 25 0.079710476 
489 86 27 32 0.07028599 
993 318 10 13 0.061314434 
603 166 17 21 0.057857078 
439 183 18 22 0.056611765 
15 212 16 19 0.048751853 
0 419 14 24 0.03960195 
595 194 25 34 0.037926935 
206 383 8 11 0.0338052 
187 3 42 47 0.033417664 
1 138 16 23 0.030645574 
423 176 39 53 0.02970078 
200 384 9 12 0.02483053 
981 332 10 14 0.024692826 
179 217 13 15 0.02430822 
360 394 10 14 0.024209177 
196 215 14 19 0.023861906 
961 351 10 12 0.023568187 
582 198 29 36 0.023124203 
347 313 16 19 0.021919703 
572 213 12 16 0.021859776 
784 115 41 57 0.021681959 
193 314 32 40 0.021548662 
14 241 11 15 0.021161484 
2 148 16 23 0.020921614 
708 145 17 20 0.020793758 
404 276 11 14 0.020730048 
632 138 16 19 0.020519296 
209 398 20 23 0.020513862 
996 322 10 12 0.020121133 
