0_Parade_marchingband_1_139
57
715 251 137 118 0.9864971 
459 100 29 39 0.9297543 
392 91 31 43 0.9131628 
831 89 88 109 0.8712525 
303 48 33 40 0.79029495 
232 90 33 38 0.67904556 
40 92 87 116 0.57870436 
363 194 30 34 0.16343307 
55 83 59 78 0.1281504 
293 87 95 110 0.10972599 
695 156 209 208 0.085545845 
47 70 43 63 0.08139556 
230 79 94 124 0.07833088 
50 69 25 41 0.07433892 
687 255 209 187 0.06724607 
312 60 35 38 0.06580328 
782 77 12 16 0.05510439 
686 77 22 29 0.050838355 
795 365 42 47 0.049718402 
779 136 18 23 0.04896363 
498 145 54 59 0.042795807 
783 89 22 25 0.041367874 
230 89 57 72 0.038623907 
745 116 15 16 0.036559112 
339 123 14 18 0.03403459 
730 70 215 220 0.03114192 
37 66 28 45 0.028859096 
79 86 36 42 0.028634124 
633 117 33 50 0.027746964 
-42 287 411 558 0.027573274 
-1 36 35 53 0.027440071 
791 102 61 65 0.02740903 
337 119 10 12 0.025803786 
16 218 56 98 0.025705235 
163 156 15 16 0.025528027 
233 139 67 75 0.025477553 
470 120 103 115 0.025281094 
439 188 46 64 0.025039755 
914 133 32 53 0.025002053 
171 145 16 22 0.02439409 
266 109 99 122 0.024326969 
320 51 21 25 0.023543369 
160 151 24 26 0.02344249 
144 89 37 47 0.023003858 
409 243 48 60 0.02240022 
174 117 34 40 0.022154292 
65 77 37 44 0.02186929 
320 68 21 24 0.021510452 
767 100 133 126 0.021340745 
11 40 92 139 0.021222275 
103 78 92 121 0.021096202 
351 53 187 205 0.021071332 
874 105 60 81 0.02102379 
774 143 16 22 0.020947931 
710 128 28 32 0.02081821 
360 171 47 59 0.020800594 
299 53 21 26 0.020635812 
