0_Parade_marchingband_1_765
442
452 341 17 22 0.9917265 
605 242 13 18 0.9916825 
316 305 16 20 0.99103516 
195 373 18 21 0.9896052 
493 367 17 22 0.9887307 
308 371 16 22 0.9867573 
622 347 14 19 0.98303336 
555 377 16 20 0.9797834 
429 373 17 21 0.9751829 
612 382 16 20 0.9749543 
501 313 16 20 0.97079957 
253 268 12 16 0.96580964 
726 382 17 21 0.96580106 
249 370 17 21 0.9651169 
540 347 14 20 0.96310425 
405 309 15 20 0.9620199 
351 343 15 20 0.9453721 
691 351 15 19 0.94497913 
845 373 16 20 0.9418918 
89 323 19 25 0.9416352 
500 264 12 16 0.9397617 
113 300 16 21 0.9381188 
457 290 14 18 0.93646455 
340 265 13 17 0.93483895 
583 314 14 19 0.934558 
369 369 17 21 0.9321361 
286 290 14 18 0.930043 
905 382 17 21 0.9282319 
806 323 14 18 0.91753083 
913 290 14 18 0.9157658 
663 379 16 19 0.9153367 
368 291 14 18 0.91031593 
397 243 13 16 0.90739775 
650 316 14 18 0.90673655 
256 342 18 21 0.9023264 
152 380 17 20 0.89980215 
858 354 13 18 0.8993475 
420 268 14 18 0.8524865 
766 351 15 19 0.8491015 
615 295 13 17 0.84548134 
503 234 12 15 0.8439054 
226 317 14 19 0.82825935 
312 249 12 15 0.8120618 
769 293 15 18 0.80628264 
663 210 12 17 0.8037975 
893 267 13 17 0.7935814 
833 297 14 18 0.7879891 
784 383 17 20 0.77936834 
688 295 13 17 0.7431422 
598 165 9 11 0.74201375 
727 312 13 17 0.73957103 
442 234 11 15 0.71860164 
674 248 12 15 0.71115535 
362 230 12 16 0.7083963 
536 253 12 16 0.6972826 
640 234 11 13 0.693144 
873 247 11 14 0.6908811 
715 271 12 17 0.67033726 
138 273 15 20 0.6419281 
834 203 13 17 0.6372916 
286 234 9 12 0.6372274 
764 230 11 14 0.61744636 
202 220 13 18 0.6019284 
705 231 11 14 0.58265406 
745 251 11 16 0.57901627 
332 218 10 14 0.5672518 
781 221 9 13 0.55569607 
465 250 11 15 0.523744 
476 215 10 12 0.5066165 
802 254 11 15 0.50525826 
628 151 11 14 0.4956005 
786 273 14 17 0.46289778 
568 234 11 14 0.4537937 
414 213 11 15 0.42948335 
422 191 8 11 0.41245034 
542 297 12 16 0.4018629 
630 199 10 13 0.39151117 
849 226 11 14 0.38658616 
578 269 11 15 0.38576898 
658 163 9 11 0.37391728 
549 165 9 12 0.3733619 
541 187 10 13 0.36514902 
232 198 13 16 0.36469945 
758 189 9 11 0.36041954 
350 184 11 13 0.3457396 
511 171 10 13 0.34224632 
523 119 26 29 0.326842 
506 204 9 13 0.32618535 
541 208 12 16 0.3229767 
648 267 12 16 0.31408238 
569 172 10 12 0.30119145 
383 204 10 13 0.29324648 
283 147 11 16 0.27412936 
397 172 12 14 0.26241618 
329 172 9 11 0.2566252 
705 165 9 12 0.25083274 
746 204 9 12 0.24998373 
448 202 10 13 0.24809487 
311 204 9 11 0.23707783 
691 200 11 14 0.23615935 
486 191 9 11 0.23518927 
436 162 10 13 0.2332895 
245 186 11 15 0.20080754 
739 162 8 10 0.19576204 
188 243 10 12 0.19069502 
823 180 11 15 0.18975067 
607 210 9 13 0.18475486 
457 173 9 12 0.17601211 
577 130 18 21 0.16244163 
573 150 8 12 0.1511968 
724 214 10 13 0.15066399 
601 189 9 12 0.1425495 
173 258 12 16 0.13831499 
679 125 26 27 0.13678437 
590 294 9 13 0.13645226 
629 179 10 12 0.1341424 
655 191 8 11 0.13062477 
718 155 9 11 0.12126775 
783 318 9 11 0.11986986 
804 158 9 12 0.11671617 
689 235 10 12 0.116467014 
682 183 8 10 0.11499786 
463 146 10 13 0.10926871 
567 202 10 13 0.10624708 
734 181 8 12 0.10541544 
366 455 11 14 0.10359581 
623 325 10 14 0.09989337 
677 153 9 11 0.09921876 
489 162 9 12 0.09405751 
237 344 11 16 0.09226983 
712 191 10 12 0.09104877 
718 191 9 11 0.08930463 
373 215 9 13 0.08824474 
621 125 15 18 0.08465721 
589 179 10 12 0.082454935 
628 324 10 13 0.080907494 
493 216 10 12 0.07795678 
616 194 10 12 0.0775924 
297 142 10 13 0.07619169 
701 319 9 12 0.074388914 
639 339 9 14 0.072955206 
369 162 10 13 0.06773735 
349 294 11 16 0.0668437 
831 375 12 16 0.065635465 
135 303 12 16 0.06421791 
321 232 9 11 0.061076082 
891 293 13 16 0.060863543 
437 191 9 11 0.060456138 
538 127 14 20 0.05998901 
697 278 9 12 0.05773269 
530 299 9 12 0.05766285 
261 173 10 13 0.05653743 
452 203 11 13 0.05630363 
470 146 12 15 0.053159893 
776 330 12 16 0.052536055 
750 309 11 13 0.050945573 
750 236 8 11 0.050544925 
639 166 9 10 0.049608264 
521 147 10 12 0.049132723 
582 168 9 10 0.04860534 
862 325 10 13 0.04798408 
359 167 9 11 0.047763996 
430 300 10 14 0.0477395 
482 191 9 11 0.04760404 
646 205 9 11 0.047481503 
501 462 12 15 0.047192592 
303 453 14 19 0.047089044 
397 477 10 15 0.045910623 
478 175 10 13 0.04558924 
596 294 11 13 0.044877525 
236 270 10 12 0.04481399 
773 126 10 12 0.04480525 
705 206 7 10 0.044510793 
662 347 8 13 0.044453137 
733 461 12 13 0.04416641 
296 220 9 11 0.043330107 
605 365 12 14 0.042795185 
427 453 12 16 0.042134643 
390 189 9 11 0.042070415 
625 124 25 27 0.04170037 
511 355 12 16 0.04136806 
461 236 9 11 0.040718984 
589 229 10 14 0.040609878 
822 354 10 15 0.040257834 
558 189 10 12 0.04016331 
438 216 9 11 0.04015207 
626 176 9 12 0.039116107 
812 362 11 14 0.03901771 
517 354 11 16 0.038980447 
692 137 14 17 0.03830049 
622 215 8 10 0.038245305 
149 335 13 16 0.03805825 
524 142 12 15 0.037811693 
367 328 13 17 0.037648384 
617 327 10 13 0.037511867 
448 189 9 11 0.03739112 
584 173 10 13 0.037210017 
614 212 9 12 0.03643467 
727 255 9 12 0.036397737 
615 166 10 12 0.03637528 
360 173 9 11 0.036077302 
406 199 9 11 0.036009267 
838 376 13 17 0.03564136 
670 342 11 14 0.035369776 
976 364 25 29 0.035271622 
816 311 11 13 0.034846086 
272 163 11 13 0.034728218 
791 456 16 19 0.034359336 
598 358 9 12 0.034333084 
657 214 10 13 0.034220856 
367 183 7 9 0.034177188 
526 237 9 13 0.03415113 
757 308 10 12 0.0339641 
159 466 14 17 0.033742357 
544 327 8 12 0.033565957 
462 205 8 11 0.033414163 
345 152 7 10 0.033051554 
735 216 8 10 0.033036664 
476 282 15 19 0.032937616 
748 316 12 14 0.032888006 
329 20 222 232 0.03281301 
342 299 12 17 0.032694127 
533 299 11 14 0.03264846 
488 466 11 14 0.032634858 
648 357 11 13 0.03242404 
750 302 11 13 0.032354653 
705 198 8 11 0.03232099 
455 167 10 14 0.03222063 
213 353 15 18 0.032201093 
591 205 9 13 0.032069612 
741 182 8 10 0.031947043 
792 308 10 12 0.031912092 
402 204 9 12 0.03190289 
366 198 10 12 0.031764556 
624 251 11 13 0.031146696 
488 253 10 12 0.030910365 
653 254 10 12 0.0306455 
593 371 9 12 0.030632077 
425 175 9 11 0.030384159 
190 257 12 16 0.030339377 
486 283 10 13 0.030293476 
855 318 12 15 0.030235603 
461 214 9 12 0.029998314 
706 190 8 11 0.02969824 
373 325 11 15 0.02968927 
743 300 12 15 0.02958164 
369 190 8 11 0.02939315 
926 373 9 12 0.029344171 
270 275 9 12 0.029194867 
371 26 130 153 0.02879507 
472 198 8 11 0.028696602 
646 214 11 13 0.028680883 
478 209 10 13 0.028587297 
779 322 13 18 0.028562438 
944 378 23 24 0.028520705 
309 131 10 12 0.028500121 
270 238 9 11 0.028467573 
324 235 10 13 0.02828791 
677 371 11 15 0.028201014 
343 174 8 10 0.028117862 
817 255 9 12 0.028117336 
676 194 11 15 0.028088316 
233 271 8 10 0.027875172 
693 251 10 14 0.027787648 
248 454 10 13 0.027784752 
493 190 10 12 0.027700748 
787 316 10 15 0.027659368 
599 364 11 13 0.027589811 
673 196 9 12 0.027583774 
674 156 9 11 0.02753382 
273 523 24 31 0.027493823 
637 199 9 11 0.027472697 
477 338 15 20 0.027452584 
623 196 9 13 0.027442515 
404 228 11 13 0.027347274 
471 175 10 13 0.027275424 
827 353 14 17 0.027203357 
309 534 13 14 0.027127832 
646 373 12 16 0.027094746 
681 215 9 12 0.026929047 
721 218 10 13 0.026925517 
351 246 11 13 0.026751058 
199 253 12 15 0.026706226 
628 137 15 18 0.026703853 
546 294 13 16 0.026675913 
607 182 8 11 0.026439391 
501 189 9 12 0.0264148 
592 224 8 10 0.026309066 
748 338 13 15 0.02616241 
599 298 11 14 0.02615863 
811 318 14 18 0.026106382 
671 231 9 12 0.025993817 
935 350 10 13 0.025947252 
631 231 10 14 0.02590394 
526 205 10 13 0.025850767 
732 274 13 15 0.025807658 
446 209 11 14 0.025701722 
528 225 7 10 0.025582522 
489 219 11 13 0.025446657 
358 182 9 12 0.025335327 
314 151 8 12 0.025304379 
463 116 13 16 0.025274556 
536 183 11 14 0.025214633 
279 143 18 25 0.02520883 
742 343 10 13 0.025184618 
748 247 12 15 0.025162702 
909 356 10 13 0.025036786 
630 396 12 15 0.025023522 
526 229 9 12 0.02500136 
334 168 10 13 0.024996987 
597 371 12 14 0.02493383 
847 300 10 13 0.02492013 
700 284 11 13 0.024910785 
664 236 9 13 0.02490943 
384 235 10 13 0.024902984 
642 129 14 18 0.024900904 
692 231 10 13 0.024859097 
710 208 8 9 0.024755428 
721 232 8 10 0.02468757 
696 271 9 12 0.024577934 
334 364 12 17 0.024508525 
676 341 11 15 0.024500502 
529 197 8 12 0.024454907 
671 172 9 12 0.024441289 
727 232 7 10 0.024426468 
150 355 11 14 0.024408054 
519 121 16 20 0.024356915 
653 184 9 12 0.024282133 
535 173 10 12 0.024279656 
429 174 10 13 0.024243299 
284 530 15 21 0.02424324 
645 380 11 14 0.024225472 
853 301 9 11 0.02414277 
696 181 9 12 0.02411183 
424 300 11 16 0.02408626 
648 176 8 10 0.02406152 
198 481 14 17 0.023995595 
438 285 11 13 0.02390655 
678 187 11 15 0.023901474 
517 254 10 12 0.023898695 
558 214 8 11 0.023874646 
377 205 11 14 0.023857152 
342 198 9 11 0.023801906 
425 470 10 13 0.023798833 
391 325 11 14 0.023797376 
857 295 9 12 0.023766376 
123 380 10 13 0.023747507 
150 -31 410 487 0.023661558 
977 403 11 14 0.023608908 
433 197 10 11 0.023526995 
790 149 9 12 0.023496682 
863 329 11 16 0.02348383 
648 221 9 10 0.02333154 
698 324 10 13 0.02331866 
524 347 15 18 0.023278587 
598 229 9 11 0.023227815 
316 474 11 15 0.023148926 
553 197 8 11 0.023138307 
416 175 8 11 0.023102036 
596 332 11 14 0.023092315 
727 238 8 10 0.02305427 
614 173 10 12 0.022991259 
533 158 10 12 0.022984684 
552 190 9 12 0.022937752 
233 315 15 18 0.022926439 
436 300 13 16 0.02291409 
574 138 14 18 0.022912897 
792 332 10 14 0.022877835 
468 284 14 18 0.022811214 
863 295 9 11 0.022764819 
925 381 11 15 0.022759166 
273 253 9 13 0.022730622 
696 284 10 12 0.02265427 
599 309 11 15 0.02259071 
712 325 10 12 0.022442335 
301 300 12 16 0.022422599 
365 204 11 14 0.022243777 
300 322 14 16 0.022221038 
245 319 15 18 0.022083726 
887 298 11 14 0.022072956 
456 214 10 12 0.02203785 
463 221 9 10 0.021981178 
893 386 12 17 0.021914866 
417 156 10 12 0.021904426 
650 181 7 10 0.021893252 
464 326 10 14 0.021773025 
402 225 8 10 0.021761643 
300 307 13 17 0.02166164 
325 363 16 20 0.021511845 
796 307 11 13 0.021508252 
335 253 8 11 0.021464229 
560 279 8 10 0.021460855 
448 136 12 17 0.021386296 
863 228 10 13 0.021343255 
710 318 11 13 0.021340976 
730 246 8 11 0.021325056 
453 138 12 16 0.021307241 
505 172 10 13 0.02125009 
358 291 12 17 0.021228023 
630 389 11 15 0.02120809 
625 145 19 23 0.021194603 
721 237 9 11 0.021185005 
527 307 11 14 0.021139843 
448 184 8 10 0.021119842 
470 326 10 13 0.021093016 
337 198 8 12 0.021072002 
607 300 11 13 0.02104467 
392 483 13 18 0.021043517 
639 158 11 14 0.021027891 
357 284 11 14 0.020947287 
310 209 11 14 0.02092023 
902 476 13 15 0.02090159 
721 208 9 12 0.020881128 
479 165 11 13 0.020873396 
222 240 9 10 0.020839809 
368 271 9 12 0.020836873 
671 301 10 12 0.020832244 
241 237 9 11 0.020783762 
403 173 10 14 0.020765942 
733 285 15 17 0.020605437 
694 334 9 12 0.020519182 
688 333 10 14 0.020482048 
505 266 13 16 0.020470936 
286 274 12 16 0.020455064 
534 165 11 12 0.020452192 
847 261 11 14 0.020415276 
822 255 9 11 0.020414922 
760 234 11 14 0.020401772 
170 285 19 22 0.020379493 
736 220 8 11 0.020364866 
703 182 8 12 0.020353517 
515 166 12 16 0.020297987 
718 308 11 15 0.020255098 
485 172 10 13 0.02023171 
236 276 12 15 0.02020508 
929 334 8 11 0.020191418 
243 340 16 20 0.020133374 
518 342 13 16 0.020116415 
718 182 10 13 0.020108419 
478 157 12 13 0.020101214 
558 247 9 11 0.020052917 
815 351 13 16 0.020022584 
