0_Parade_Parade_0_459
27
120 634 121 151 0.99707866 
421 784 117 155 0.9962212 
287 628 122 169 0.9664851 
392 749 110 152 0.9569671 
169 810 93 166 0.7614526 
334 675 153 226 0.30710378 
-1 448 51 135 0.18752243 
239 605 135 235 0.17926651 
287 696 101 160 0.12816362 
306 779 66 92 0.12074925 
337 762 86 126 0.050999846 
815 842 136 163 0.041350607 
425 -1 63 73 0.035484385 
660 376 56 72 0.03172844 
436 603 66 66 0.030747011 
305 631 75 105 0.028480925 
831 381 135 166 0.027112382 
329 830 34 50 0.026853254 
593 1030 13 16 0.026284318 
339 623 119 137 0.02547097 
428 474 380 511 0.025149092 
18 913 75 78 0.023637908 
386 929 39 53 0.0232419 
357 231 11 13 0.022539858 
957 675 36 46 0.021794476 
931 832 35 43 0.021023592 
415 620 63 66 0.020266995 
