0_Parade_Parade_0_829
25
485 155 317 448 0.99339575 
410 1204 14 18 0.10926353 
59 962 208 254 0.071049936 
80 1095 188 205 0.06754133 
617 -49 416 633 0.06650679 
441 506 234 292 0.06038236 
356 347 425 525 0.050587524 
591 1252 16 19 0.039145056 
555 672 403 470 0.033987213 
461 1140 38 49 0.030577753 
638 850 260 258 0.030519197 
183 43 429 533 0.030130336 
483 689 136 133 0.029921338 
8 1281 68 82 0.029854191 
31 830 384 425 0.029266924 
798 520 183 197 0.028160375 
324 548 413 507 0.026024753 
575 276 425 447 0.025883425 
404 1195 15 18 0.023161583 
614 1271 11 14 0.023142498 
52 954 145 167 0.023089308 
397 1248 8 10 0.022587867 
619 1258 12 15 0.02062004 
454 1245 10 14 0.020337101 
652 1265 46 37 0.020035965 
