0_Parade_Parade_0_854
23
793 436 39 50 0.99068695 
984 457 34 46 0.9815622 
527 266 39 48 0.97929573 
123 727 25 31 0.92063165 
160 729 19 24 0.89573765 
609 519 68 83 0.15692748 
617 487 23 34 0.09346341 
749 605 20 25 0.09153352 
398 161 13 16 0.08855784 
744 590 10 13 0.080331795 
491 601 66 50 0.0705726 
19 745 27 23 0.049007524 
941 459 25 36 0.044930506 
615 501 52 58 0.03843846 
619 525 43 52 0.038104977 
926 563 14 16 0.032106485 
466 587 64 64 0.02867617 
249 714 46 52 0.02762904 
854 430 22 25 0.02530707 
749 596 13 15 0.024490977 
407 174 12 14 0.023933936 
401 166 26 31 0.023347372 
940 469 16 25 0.02123893 
