0_Parade_marchingband_1_561
26
824 1033 59 78 0.9977708 
186 649 120 124 0.99389935 
-1 1215 70 130 0.1776165 
492 314 397 507 0.06918423 
816 670 50 59 0.06209848 
230 1105 404 447 0.059386123 
986 1051 36 60 0.05870773 
50 504 55 103 0.043491717 
0 630 37 62 0.04188379 
87 1152 35 42 0.040039785 
565 757 367 464 0.039504975 
39 388 422 586 0.03295837 
146 332 244 286 0.03052588 
998 1189 26 37 0.029180441 
-2 494 54 89 0.029178407 
85 1210 28 34 0.029049326 
170 1225 217 296 0.02836276 
312 690 59 85 0.027321529 
73 1206 55 74 0.026798291 
24 1206 79 121 0.022991624 
154 559 209 229 0.021707997 
744 617 260 336 0.021092191 
282 689 62 89 0.021014163 
52 1187 90 121 0.020764647 
195 559 33 46 0.020461692 
71 1033 37 52 0.020209027 
