0_Parade_marchingband_1_311
84
478 298 15 24 0.942967 
264 301 12 16 0.90375286 
543 336 10 13 0.8569416 
717 342 12 16 0.5293759 
831 326 11 14 0.47925594 
203 294 11 14 0.3450336 
608 339 11 16 0.3242664 
413 310 12 15 0.30786532 
612 341 12 15 0.28022912 
574 340 14 19 0.263065 
337 320 9 11 0.2590161 
222 315 13 17 0.2359208 
332 348 27 36 0.23111252 
412 338 12 14 0.21599513 
585 319 9 12 0.1812197 
772 334 11 14 0.12141932 
390 340 11 14 0.10921778 
407 310 12 14 0.10456602 
666 334 9 11 0.1026549 
620 342 11 14 0.09577576 
218 292 11 15 0.08883669 
373 335 12 15 0.06719086 
308 328 9 12 0.058731124 
620 358 11 13 0.05678742 
384 320 10 12 0.055826288 
251 287 8 11 0.054511696 
710 324 8 11 0.053531148 
547 334 11 14 0.05157334 
713 346 11 14 0.05134005 
237 285 9 11 0.048754632 
158 317 9 12 0.045464326 
390 317 10 12 0.041130655 
428 84 472 567 0.040628117 
244 314 10 13 0.0390077 
152 317 9 12 0.036835812 
319 336 9 11 0.03559645 
729 324 11 14 0.03556331 
538 334 11 13 0.03547032 
192 294 8 12 0.032536555 
769 339 12 15 0.03253103 
590 331 12 15 0.03242795 
399 325 10 14 0.03183927 
396 333 11 14 0.031657755 
328 319 9 10 0.03162957 
833 332 12 14 0.0314917 
704 351 9 12 0.030777013 
389 324 12 14 0.030096315 
391 311 10 11 0.0298803 
226 310 12 15 0.029764645 
552 317 8 11 0.02962243 
213 323 13 19 0.02814691 
729 321 8 10 0.028010663 
656 349 10 13 0.027771918 
587 323 13 15 0.027104566 
718 336 11 14 0.026716001 
398 317 10 13 0.026564868 
409 309 22 26 0.025687989 
384 339 11 15 0.025421625 
601 341 10 14 0.025071092 
295 315 12 13 0.02472599 
199 287 10 13 0.024708968 
597 333 11 13 0.023833498 
707 320 8 11 0.023693034 
410 320 15 20 0.023329867 
455 318 9 11 0.023300355 
481 310 17 22 0.02269576 
405 323 12 16 0.022508645 
719 326 11 13 0.02219164 
431 330 12 18 0.022092737 
831 338 12 13 0.022074686 
228 302 12 14 0.021910215 
627 342 11 13 0.021839444 
327 325 9 11 0.02152551 
186 311 7 9 0.021483464 
190 301 10 12 0.021243937 
194 287 7 9 0.020842176 
98 312 6 8 0.020824539 
575 319 10 12 0.02069548 
400 311 8 11 0.020407494 
216 316 14 19 0.02038692 
824 325 10 13 0.020208113 
419 315 12 14 0.0201632 
614 324 11 13 0.020145101 
720 346 13 15 0.02001491 
