0_Parade_Parade_0_12
91
325 154 34 40 0.9986835 
395 175 32 41 0.99844736 
831 115 34 43 0.99810934 
640 141 28 32 0.99742645 
727 131 48 65 0.99730384 
483 165 40 52 0.9869599 
912 148 24 30 0.986864 
252 169 23 29 0.9672018 
575 178 23 29 0.94792646 
1005 134 19 30 0.8850082 
125 194 23 26 0.65767354 
372 198 16 20 0.3432294 
756 17 16 21 0.34230357 
100 266 11 15 0.20357281 
189 208 15 20 0.15049678 
155 200 15 19 0.12354205 
277 194 24 30 0.09089486 
909 113 28 37 0.0868287 
803 36 15 18 0.08468629 
421 172 22 31 0.083082594 
176 204 11 14 0.07513809 
131 190 15 19 0.0709769 
410 176 26 34 0.06485861 
129 172 8 11 0.063952476 
49 -95 488 559 0.057060722 
136 197 17 22 0.055566594 
71 261 11 13 0.054445323 
623 320 9 11 0.051155884 
138 250 14 18 0.045392152 
208 266 10 14 0.04358389 
544 189 11 14 0.043215435 
980 59 41 65 0.0405499 
63 235 9 11 0.039299812 
196 213 16 20 0.039048374 
280 134 10 12 0.038511183 
291 172 17 20 0.03812279 
678 368 417 520 0.03749446 
792 60 11 15 0.03688971 
638 106 12 15 0.036783908 
182 209 14 18 0.036437005 
182 230 9 12 0.035823055 
803 63 23 32 0.03497588 
105 240 7 10 0.03490112 
942 155 15 18 0.034815468 
176 221 10 13 0.03280357 
787 36 13 15 0.03211713 
159 344 8 10 0.032080106 
297 134 10 12 0.031942293 
598 187 12 17 0.03141833 
615 153 17 23 0.031272992 
536 203 13 16 0.03066945 
112 197 11 16 0.030003514 
798 121 21 28 0.029660854 
586 300 11 14 0.029157998 
805 48 14 17 0.029019484 
117 198 14 19 0.02855217 
147 326 8 11 0.027629431 
13 124 8 12 0.02661318 
233 197 11 14 0.02569718 
180 220 12 14 0.025381172 
183 234 9 13 0.024731418 
906 129 29 37 0.024692224 
702 387 10 15 0.024608841 
252 192 15 19 0.024546893 
644 104 10 13 0.024403237 
809 40 14 18 0.024138039 
105 215 8 10 0.024056934 
160 238 9 13 0.023992332 
761 22 16 20 0.023741527 
278 128 11 12 0.023293644 
86 244 9 11 0.02275433 
793 14 10 13 0.022653712 
140 189 13 18 0.022603415 
105 229 8 11 0.02259893 
541 193 14 19 0.022307077 
533 195 23 31 0.022289293 
588 182 21 26 0.022173341 
608 466 66 62 0.021895459 
427 161 26 34 0.021674586 
175 246 9 11 0.021668091 
1 204 7 13 0.02155576 
935 170 14 18 0.02146875 
164 221 10 13 0.021296235 
619 119 16 19 0.021171952 
283 180 25 29 0.020819858 
168 188 11 13 0.020771092 
697 373 11 15 0.020657986 
78 228 9 12 0.02063482 
177 228 10 13 0.02042221 
559 141 10 12 0.020298565 
296 161 21 28 0.020004066 
