0_Parade_Parade_0_913
34
262 139 193 247 0.999025 
618 206 210 225 0.9990043 
35 106 64 98 0.9928746 
79 43 67 80 0.78487855 
867 66 41 55 0.38826105 
575 20 69 95 0.35117188 
554 50 52 88 0.20570788 
171 68 85 122 0.16063857 
24 67 44 54 0.13932393 
496 35 46 55 0.11303427 
184 80 51 70 0.10495669 
868 43 44 55 0.078934446 
482 50 82 115 0.0714075 
196 68 38 46 0.07082995 
765 46 41 50 0.07024592 
648 31 39 64 0.067743465 
967 61 40 51 0.06464889 
518 48 75 110 0.0480238 
34 58 57 71 0.041578844 
622 30 49 72 0.040424846 
262 446 10 15 0.038908273 
268 440 13 19 0.03402385 
662 19 48 64 0.033642538 
52 76 72 104 0.033301283 
471 59 63 71 0.027505988 
174 475 146 136 0.02685808 
239 432 19 24 0.026676876 
-2 150 43 86 0.025776973 
682 8 48 61 0.025404168 
652 108 227 274 0.025306048 
837 37 84 102 0.025058236 
451 0 36 40 0.024468714 
278 421 9 10 0.021533601 
20 299 367 431 0.020785857 
