0_Parade_Parade_0_137
108
715 447 14 20 0.8614572 
705 351 21 26 0.76080024 
953 461 15 20 0.72542477 
751 447 16 24 0.6595159 
237 468 15 18 0.59953195 
250 446 17 21 0.30078056 
903 338 12 16 0.2926786 
0 431 11 16 0.2143835 
661 486 15 20 0.17528109 
508 348 17 21 0.111260146 
62 343 11 14 0.08029725 
987 399 22 29 0.066619 
104 279 24 30 0.053275622 
929 304 8 11 0.050238114 
734 356 11 15 0.04940397 
398 342 13 18 0.048949733 
379 345 13 16 0.046989065 
900 369 15 16 0.045651566 
335 366 12 16 0.044595826 
335 461 18 22 0.042000953 
300 106 12 15 0.04106443 
895 311 8 10 0.0399468 
929 367 21 30 0.038971793 
998 514 12 14 0.038890414 
247 423 15 19 0.038868815 
401 332 8 11 0.038459364 
247 433 25 31 0.038393676 
707 364 17 21 0.037795544 
655 460 28 39 0.03771924 
896 337 11 16 0.036481768 
378 444 25 31 0.036436275 
371 377 14 18 0.03565736 
613 388 15 18 0.034834094 
885 340 11 14 0.034579087 
702 358 15 21 0.034107435 
965 488 17 21 0.033245806 
405 332 10 12 0.03269608 
774 301 7 9 0.03194705 
868 352 15 19 0.03156291 
933 307 9 12 0.031393208 
618 393 15 18 0.031065945 
733 316 8 10 0.030992305 
670 366 11 15 0.030768279 
739 361 15 19 0.030097622 
328 357 24 34 0.030015195 
900 275 9 12 0.029808976 
737 491 56 64 0.029527552 
387 377 16 19 0.029183453 
905 342 15 19 0.029086044 
649 357 9 11 0.0289166 
889 310 9 11 0.028447008 
5 23 11 14 0.027857332 
508 168 31 41 0.027069872 
895 326 9 12 0.027051361 
376 469 28 34 0.026639769 
717 470 25 30 0.026636517 
685 402 26 29 0.025868261 
221 99 11 15 0.02548631 
824 348 32 38 0.025142439 
880 339 10 15 0.024911419 
373 437 47 60 0.024832133 
973 451 9 12 0.024824318 
685 372 17 20 0.024822162 
256 147 12 17 0.024804307 
735 332 8 11 0.024271281 
1014 314 9 15 0.023980772 
188 345 14 18 0.023710916 
0 248 46 60 0.02370357 
937 317 9 12 0.023391476 
1013 282 10 17 0.023364274 
758 448 18 22 0.023322709 
508 359 16 18 0.023220662 
650 450 22 33 0.022884209 
727 333 9 11 0.022797355 
913 317 9 11 0.022724954 
582 391 31 41 0.022424856 
969 284 11 15 0.022357238 
392 342 12 17 0.022219516 
944 309 13 16 0.022057466 
340 353 15 18 0.022050256 
680 87 7 9 0.022008933 
393 326 9 12 0.021840269 
734 352 9 12 0.02158907 
908 391 13 15 0.021427011 
924 332 16 22 0.021399232 
821 163 9 12 0.021387285 
243 453 21 24 0.021350153 
512 342 24 31 0.021328071 
1005 335 11 15 0.021251785 
30 473 11 16 0.021195343 
47 350 10 12 0.02118994 
943 315 12 16 0.021119498 
660 450 15 20 0.021103729 
614 400 13 16 0.021091465 
933 366 13 18 0.020989902 
243 129 13 18 0.020983178 
332 374 16 21 0.020925475 
944 303 11 13 0.020783605 
857 381 10 12 0.02074462 
137 307 36 41 0.020635806 
713 53 6 9 0.02060306 
719 332 9 12 0.020586604 
912 301 7 10 0.020417659 
569 118 8 11 0.020374482 
752 343 9 11 0.020330407 
113 157 9 12 0.020176975 
744 326 9 11 0.020133452 
258 108 10 14 0.020075848 
