0_Parade_Parade_0_205
87
264 299 74 99 0.9852325 
666 328 39 48 0.9430729 
595 330 21 29 0.93514585 
811 316 27 33 0.7290176 
521 463 15 19 0.30341372 
577 319 18 21 0.15382792 
472 218 13 17 0.14472026 
474 370 16 21 0.12306198 
732 357 12 18 0.12148976 
659 331 28 38 0.09783203 
440 439 13 14 0.086827435 
647 335 23 32 0.086664274 
713 339 27 38 0.07576948 
446 357 11 13 0.07475883 
351 493 10 13 0.07388823 
774 437 9 13 0.07209919 
963 524 11 15 0.06854094 
398 269 16 20 0.06821618 
470 673 18 20 0.06545156 
339 188 39 52 0.06151796 
461 358 12 15 0.0614062 
847 564 10 12 0.06010758 
861 557 10 12 0.05661877 
947 402 17 20 0.055533532 
477 343 11 13 0.04728902 
510 452 10 13 0.044835996 
393 174 9 11 0.0441287 
160 35 11 13 0.041777525 
398 175 11 13 0.040962882 
854 322 11 15 0.039993905 
621 243 14 17 0.0399155 
511 471 8 10 0.03954041 
462 320 15 19 0.039357755 
426 234 25 30 0.039222766 
853 298 11 14 0.03863588 
954 403 18 20 0.038458787 
452 361 26 30 0.038125474 
518 526 14 20 0.036274858 
469 364 16 19 0.035902277 
542 471 12 14 0.035635952 
452 357 13 15 0.035474356 
553 506 34 56 0.033140708 
174 301 10 14 0.032900177 
583 322 25 31 0.032872654 
419 229 22 27 0.032360878 
546 384 39 54 0.031869743 
873 421 8 12 0.03071109 
1012 619 11 17 0.029793486 
480 368 16 20 0.029475253 
410 576 16 19 0.029131647 
712 304 32 39 0.02764425 
380 583 12 14 0.027090466 
360 510 10 12 0.026977226 
354 377 8 10 0.026379138 
943 398 13 17 0.026160914 
1011 517 12 17 0.026132856 
870 355 10 12 0.025888726 
331 471 10 13 0.025658242 
317 502 8 10 0.025624653 
963 404 12 18 0.025050642 
583 434 28 31 0.024769196 
687 522 13 17 0.023871357 
438 258 12 14 0.023819618 
331 564 14 17 0.023719642 
848 295 12 15 0.0236955 
776 287 11 14 0.0230152 
511 155 9 14 0.022938838 
337 504 8 10 0.022932092 
664 267 10 13 0.02289575 
526 662 21 30 0.022632692 
492 452 9 11 0.022530004 
753 372 11 14 0.022378746 
506 435 10 13 0.022367502 
828 289 13 17 0.022312298 
147 24 15 19 0.022187099 
355 171 14 15 0.022126988 
470 206 21 29 0.021830019 
493 210 12 15 0.02173484 
652 251 12 16 0.021291181 
678 273 9 11 0.021042982 
586 324 35 44 0.020960983 
760 315 33 46 0.02047422 
455 348 11 13 0.020365717 
325 174 12 13 0.020354126 
824 328 17 20 0.020253167 
877 376 16 19 0.020175511 
568 321 23 33 0.020140614 
