0_Parade_marchingband_1_172
466
852 182 28 33 0.99628603 
244 168 32 40 0.99541086 
570 239 38 49 0.9947194 
510 142 24 30 0.9888898 
747 124 23 30 0.9849161 
113 83 24 29 0.9826492 
672 179 26 30 0.97296304 
375 108 22 28 0.9639904 
250 46 18 22 0.94540906 
69 32 14 17 0.9425129 
405 64 16 20 0.93791056 
171 80 21 26 0.92582107 
228 85 19 22 0.9252702 
988 131 16 20 0.92111075 
650 103 20 25 0.90784335 
492 109 21 26 0.898587 
869 101 22 26 0.89764774 
279 92 22 27 0.8896455 
908 96 17 21 0.88231397 
253 94 19 25 0.87571484 
841 98 21 26 0.86222434 
783 43 14 17 0.8545962 
778 101 21 27 0.84332967 
561 132 22 27 0.84170526 
1005 75 14 18 0.84149534 
524 94 19 24 0.8226731 
71 80 20 26 0.8170991 
943 126 23 27 0.81668925 
304 77 19 25 0.8123914 
542 68 14 18 0.80434537 
587 77 18 21 0.7961746 
560 48 17 21 0.7820776 
694 74 15 19 0.76305354 
606 47 14 17 0.7534864 
200 37 12 16 0.7520596 
113 26 14 17 0.75070477 
440 104 22 26 0.74839675 
443 71 17 21 0.7399186 
652 41 13 17 0.73748404 
484 65 21 27 0.72439045 
468 39 13 17 0.70775884 
698 137 22 27 0.69189024 
196 95 18 22 0.6755959 
712 68 11 15 0.6717018 
840 25 11 15 0.6522618 
742 49 12 15 0.63404584 
812 35 9 12 0.63292825 
676 53 14 17 0.60515106 
812 78 16 19 0.5815173 
929 87 16 20 0.57321244 
882 169 20 25 0.5628672 
0 30 13 23 0.54394025 
891 141 18 22 0.52190477 
331 123 18 22 0.51821804 
970 119 15 20 0.5138351 
955 85 14 18 0.48370734 
824 21 10 13 0.4725339 
203 116 19 22 0.4715936 
51 75 12 14 0.43188864 
506 49 13 17 0.3940883 
459 4 17 22 0.39101502 
773 26 13 16 0.38579684 
403 11 12 15 0.36737004 
129 20 11 15 0.35450497 
646 76 14 16 0.35202324 
290 65 13 17 0.33705053 
2 4 10 15 0.33586192 
373 83 17 21 0.33533096 
315 19 12 15 0.2979287 
714 101 15 18 0.2950807 
18 5 11 13 0.29130575 
212 66 13 17 0.2873096 
524 43 12 15 0.28408167 
952 55 12 15 0.2829489 
926 35 13 16 0.2622292 
729 36 10 14 0.25974178 
978 243 22 27 0.24549189 
694 30 12 15 0.22759853 
376 42 13 16 0.22746414 
400 101 18 26 0.22425024 
381 13 10 14 0.21529655 
262 92 20 28 0.20431004 
95 62 13 15 0.20045702 
409 28 11 13 0.19943306 
873 76 10 12 0.19253796 
317 13 12 16 0.17720652 
284 37 16 18 0.17532212 
705 194 17 21 0.17370482 
429 11 12 16 0.17091675 
363 0 13 13 0.16793068 
631 47 12 15 0.16180559 
102 4 15 17 0.16175362 
912 75 11 13 0.16140485 
579 4 11 14 0.14954954 
444 23 11 14 0.14801899 
327 92 15 17 0.14139177 
200 101 21 25 0.13103205 
970 63 10 13 0.12807493 
278 170 21 30 0.12572445 
552 107 15 19 0.12455866 
523 21 11 15 0.123276725 
545 27 10 13 0.12286916 
675 17 12 15 0.12028882 
750 29 9 12 0.11975283 
321 4 11 15 0.11928317 
188 88 21 27 0.1170186 
47 6 14 16 0.11637407 
902 37 11 14 0.11316709 
606 26 11 14 0.11162669 
511 65 15 20 0.11058727 
596 110 17 21 0.1066293 
923 12 11 14 0.1061108 
333 15 10 13 0.10475868 
71 1 12 12 0.10326187 
736 15 10 12 0.10300116 
299 12 14 19 0.098372415 
692 19 12 15 0.09192358 
567 19 10 13 0.091496 
797 21 10 14 0.090164326 
768 28 12 15 0.08768495 
371 69 15 17 0.085489035 
765 13 10 13 0.08544349 
247 242 40 46 0.0835453 
634 22 9 12 0.08326733 
262 164 26 36 0.08049405 
977 121 20 25 0.077980965 
628 13 11 13 0.07677517 
579 34 13 15 0.07468044 
241 3 11 12 0.07377507 
654 22 9 12 0.07359528 
699 70 14 19 0.072930455 
310 60 13 18 0.07198297 
195 2 11 10 0.07085743 
149 148 16 21 0.0698297 
223 2 13 11 0.0693354 
860 146 12 15 0.06894006 
488 30 11 14 0.06627058 
478 68 17 22 0.06334973 
519 13 12 14 0.06321615 
916 93 13 19 0.06281524 
863 95 18 29 0.06225695 
242 88 19 27 0.060643975 
487 3 11 14 0.060491994 
857 147 10 12 0.060185764 
535 137 16 22 0.05931223 
340 5 10 12 0.058632847 
715 21 12 15 0.058375083 
441 138 27 33 0.057868626 
542 42 10 13 0.057069216 
88 15 10 12 0.056870982 
405 19 13 17 0.056791093 
284 7 11 13 0.056073874 
292 69 21 26 0.05589559 
18 125 16 20 0.05322936 
310 14 13 17 0.053205147 
621 157 12 15 0.053094067 
278 140 22 26 0.052697003 
858 28 8 12 0.052388772 
444 38 13 17 0.05101699 
371 96 23 27 0.05089143 
307 67 16 19 0.05084334 
327 11 11 15 0.050808564 
267 4 16 18 0.050315887 
920 18 13 16 0.050207406 
15 44 12 15 0.050056536 
341 28 10 14 0.050020255 
209 92 16 22 0.049590975 
578 58 13 17 0.04909653 
134 4 10 12 0.048487686 
602 100 13 16 0.048149552 
144 0 19 19 0.04799289 
759 29 8 12 0.047479693 
462 0 12 13 0.046579972 
800 58 12 15 0.04611176 
284 29 15 18 0.045747124 
180 2 13 12 0.04552121 
87 19 13 16 0.04527677 
3 37 14 20 0.04515882 
214 12 11 13 0.045025166 
573 87 12 18 0.044887915 
440 43 11 15 0.043899875 
813 159 29 33 0.043670904 
959 122 19 25 0.043319147 
864 21 9 11 0.043277796 
1003 175 17 24 0.042090725 
878 27 10 12 0.040731315 
434 5 13 17 0.040588915 
87 66 13 17 0.040359177 
443 154 15 19 0.04015955 
777 46 11 14 0.039865684 
493 81 12 16 0.039445214 
328 19 11 14 0.039305314 
834 6 9 11 0.03887063 
614 2 12 14 0.038759515 
985 106 10 14 0.038515087 
388 151 26 35 0.038380492 
636 26 10 13 0.03822534 
278 39 16 20 0.037833504 
549 22 11 16 0.037669297 
90 24 14 18 0.03743824 
613 29 9 13 0.03736077 
733 31 10 13 0.037280757 
20 43 13 16 0.037276015 
700 20 12 14 0.036656313 
271 0 11 12 0.036119033 
454 43 11 14 0.03608972 
250 110 16 20 0.03603581 
516 191 28 32 0.035918087 
849 13 8 10 0.03584433 
779 23 10 12 0.035795595 
-1 107 20 31 0.035779756 
865 15 9 11 0.035309516 
300 6 12 15 0.035276085 
965 109 14 18 0.035012234 
629 8 10 12 0.03470947 
856 69 10 13 0.034585685 
534 28 11 14 0.03453289 
213 4 14 15 0.0345117 
284 20 14 17 0.03409871 
601 20 12 14 0.034074474 
36 0 14 13 0.034040026 
689 14 11 13 0.034020897 
4 112 25 33 0.033687003 
371 0 13 12 0.032395832 
93 73 14 18 0.0322759 
901 180 21 28 0.032142915 
220 37 11 13 0.03205242 
235 20 12 15 0.03197682 
766 20 12 14 0.03195637 
722 106 12 16 0.031764526 
462 170 16 20 0.031592876 
676 6 11 15 0.031590745 
388 5 12 15 0.03157469 
682 220 28 33 0.031526595 
1008 115 11 17 0.03148332 
968 158 22 28 0.031411614 
937 88 13 18 0.03133922 
998 34 13 17 0.031331457 
213 42 13 16 0.031263605 
773 80 16 19 0.031205973 
925 91 15 20 0.030895002 
486 15 23 28 0.030842809 
622 29 9 13 0.030768968 
894 93 12 18 0.03076005 
167 50 14 17 0.030742854 
1010 78 14 19 0.030709464 
715 93 15 18 0.030672597 
653 26 12 14 0.030671751 
651 71 11 15 0.030523708 
474 116 15 21 0.030470977 
672 45 13 17 0.030428646 
759 45 9 11 0.030356055 
713 139 14 21 0.029990736 
213 36 12 15 0.029982723 
268 23 15 20 0.02991338 
553 51 14 17 0.029903986 
599 13 12 15 0.029795907 
903 94 15 20 0.02972084 
844 68 13 15 0.029718583 
136 148 28 29 0.029707776 
583 25 10 13 0.029350052 
570 51 13 19 0.02934659 
263 2 27 29 0.029149413 
670 25 13 16 0.029116498 
693 7 11 12 0.02910601 
387 11 12 15 0.029030638 
78 75 19 26 0.02902774 
118 0 10 10 0.028991917 
497 67 14 19 0.028968181 
559 14 13 16 0.02895253 
830 76 11 14 0.028935203 
620 244 13 18 0.028826494 
373 5 13 16 0.028747829 
308 130 13 18 0.028722793 
128 46 11 13 0.028632015 
134 124 33 43 0.028609922 
206 4 14 14 0.02860132 
349 3 13 15 0.028566135 
670 81 12 16 0.028391972 
919 25 14 18 0.028328666 
230 15 12 14 0.028281637 
974 82 14 19 0.028068492 
699 90 12 15 0.027983567 
310 103 15 21 0.027905423 
767 36 9 11 0.027870199 
221 43 12 16 0.027822956 
747 169 26 30 0.027791658 
378 67 15 20 0.02769972 
388 100 22 27 0.02739743 
512 22 10 14 0.027395254 
989 104 9 13 0.027390039 
266 69 14 18 0.02734138 
337 91 13 17 0.027276475 
662 22 10 14 0.02725749 
847 47 16 21 0.027203081 
659 38 11 16 0.027110085 
493 44 11 14 0.026910506 
805 69 16 20 0.026898995 
277 27 14 17 0.026882961 
829 84 12 16 0.02686172 
490 35 12 14 0.026819644 
387 61 12 15 0.02678482 
43 0 16 16 0.026780857 
367 10 11 13 0.026770461 
529 141 18 26 0.026584726 
64 83 13 18 0.026368864 
352 13 11 14 0.026263703 
423 6 15 16 0.026036961 
475 37 12 16 0.026025949 
593 0 9 9 0.025952064 
798 16 9 11 0.025917066 
224 170 23 32 0.025883818 
570 122 16 21 0.025873626 
75 1 14 15 0.025851607 
434 69 22 28 0.025842218 
479 12 13 17 0.025798667 
642 79 22 26 0.02573223 
325 118 17 22 0.02554402 
733 76 13 18 0.025519527 
724 113 12 16 0.025516463 
688 29 12 16 0.025460945 
908 80 16 18 0.025404241 
572 43 13 18 0.025344549 
653 17 10 12 0.025269335 
304 61 12 15 0.025255993 
647 88 23 27 0.025179697 
485 9 15 18 0.025117878 
413 4 10 12 0.02510819 
973 56 12 15 0.025016913 
716 110 16 19 0.024873005 
212 52 13 15 0.024862295 
216 0 22 21 0.024781803 
517 3 15 17 0.024773277 
140 66 12 16 0.024762843 
567 26 11 14 0.024755284 
615 240 22 29 0.024682557 
408 1 9 9 0.024640372 
719 53 11 13 0.024634814 
601 45 14 17 0.024559194 
557 112 21 25 0.024497498 
977 116 14 18 0.024491467 
588 35 13 16 0.02447798 
801 76 13 17 0.024471201 
685 185 24 32 0.02446383 
92 12 12 14 0.02444122 
400 17 13 16 0.02436264 
584 111 20 26 0.024325311 
763 7 13 15 0.02431868 
874 28 9 11 0.024306368 
727 20 9 12 0.024300631 
275 5 26 29 0.02429545 
221 30 10 13 0.02414125 
95 4 15 15 0.024096519 
1014 29 9 16 0.024080807 
878 220 29 40 0.023990486 
769 52 10 13 0.02395622 
316 112 14 19 0.023944985 
219 9 14 16 0.023887435 
780 144 16 19 0.023828361 
381 88 21 27 0.023789706 
539 98 13 19 0.023742897 
704 179 22 27 0.023620745 
661 92 11 15 0.023563446 
743 22 9 11 0.023554739 
164 66 14 18 0.023553746 
786 156 15 19 0.023428489 
191 62 12 15 0.023393106 
521 39 11 14 0.023301838 
663 52 12 15 0.023285633 
860 153 13 16 0.02325925 
721 38 10 13 0.023217008 
667 148 15 18 0.02321171 
581 68 20 25 0.023207447 
83 3 14 15 0.023169681 
614 85 11 14 0.023025235 
478 5 25 30 0.02288928 
750 34 10 13 0.02283722 
775 51 10 13 0.022801073 
839 70 12 14 0.022794595 
178 68 16 18 0.022731308 
316 99 14 20 0.02272348 
208 124 23 27 0.022692643 
421 75 13 17 0.02268842 
270 50 12 17 0.022622632 
582 136 12 18 0.022597918 
13 26 14 19 0.022596402 
610 203 24 31 0.02252792 
998 181 14 19 0.022511782 
884 28 10 13 0.02250955 
805 21 10 13 0.022432614 
412 0 10 10 0.022405379 
811 165 18 23 0.022375422 
212 131 25 30 0.022359474 
310 5 12 14 0.022332385 
726 83 14 18 0.022313925 
295 18 13 16 0.022238221 
487 41 12 16 0.022155832 
704 47 10 14 0.022149151 
916 83 14 18 0.022140909 
906 41 12 15 0.022080755 
452 11 21 25 0.02206867 
216 19 12 15 0.022054385 
854 14 9 11 0.022051701 
805 15 10 12 0.022003729 
704 101 12 15 0.021975048 
451 100 15 20 0.02196274 
991 68 11 14 0.02195875 
879 104 14 19 0.021926401 
312 83 19 26 0.021874381 
828 107 12 19 0.021845464 
278 9 14 16 0.021809114 
771 84 22 27 0.021790354 
728 14 10 13 0.021780422 
870 21 10 12 0.021733806 
351 20 11 14 0.02165453 
500 56 16 21 0.021645823 
398 94 15 17 0.021634974 
623 21 10 12 0.02161983 
15 39 21 26 0.021599848 
945 53 11 15 0.021550631 
29 74 13 17 0.021461796 
373 29 12 15 0.021451605 
648 29 11 13 0.021358429 
48 82 12 15 0.021329042 
816 3 9 12 0.02125223 
59 74 19 24 0.021139827 
593 13 10 13 0.02113662 
420 82 12 16 0.021118034 
848 6 10 12 0.021003993 
457 136 16 23 0.02100232 
546 134 21 27 0.020845672 
647 13 11 12 0.020844275 
1000 70 12 16 0.020808483 
933 108 13 17 0.02079934 
316 128 13 19 0.020780617 
348 0 23 24 0.02068286 
767 46 10 12 0.02067919 
573 63 14 18 0.02064978 
845 57 15 19 0.020632593 
357 37 14 17 0.020628985 
546 34 13 16 0.020619238 
491 380 15 20 0.020572627 
368 28 11 14 0.020560555 
348 48 12 16 0.020535061 
499 13 13 16 0.020530729 
664 59 11 14 0.020483421 
283 48 16 19 0.020449273 
277 49 13 17 0.02044204 
367 88 14 19 0.020431025 
170 55 17 19 0.02041805 
787 93 14 17 0.020376548 
290 2 24 27 0.020363001 
324 2 11 10 0.02030112 
609 0 11 11 0.020282181 
104 0 14 12 0.020282093 
460 73 14 19 0.020280806 
707 134 16 22 0.02027764 
452 144 24 33 0.020271717 
189 20 12 14 0.020254908 
533 22 10 15 0.020228336 
959 115 15 19 0.020179363 
787 148 14 18 0.02014907 
268 87 35 45 0.020098995 
802 75 20 26 0.020079497 
69 9 13 17 0.02005378 
637 15 11 13 0.020041417 
