0_Parade_marchingband_1_593
172
175 302 10 13 0.90593064 
647 303 10 12 0.8567214 
103 331 10 12 0.65458184 
624 378 8 10 0.6540416 
908 349 10 13 0.6410187 
722 292 9 12 0.6342925 
802 301 8 10 0.63007313 
468 379 8 12 0.5681707 
304 304 10 12 0.5036365 
473 340 9 12 0.4965684 
76 344 8 10 0.49482143 
137 305 8 10 0.48363125 
435 287 8 11 0.44911847 
697 346 10 13 0.41726345 
530 342 8 11 0.37167615 
206 305 9 11 0.3435209 
269 357 10 13 0.31888753 
343 311 10 13 0.31071454 
358 382 10 12 0.29612193 
393 376 8 12 0.29461738 
613 301 9 12 0.27477086 
400 320 9 11 0.2650767 
598 346 8 11 0.25854492 
541 375 8 10 0.2537579 
310 354 8 11 0.24452773 
152 392 10 13 0.23278417 
659 377 9 11 0.23188668 
351 359 9 11 0.22229502 
445 346 9 11 0.22157064 
864 336 9 11 0.20553018 
252 319 10 13 0.20485498 
272 302 9 11 0.20223399 
561 288 10 12 0.19898055 
532 292 8 12 0.17884228 
599 364 11 14 0.17747828 
154 336 8 10 0.17132935 
125 327 9 12 0.17011148 
454 301 9 12 0.16264717 
652 338 8 10 0.15869488 
109 310 8 10 0.15163197 
318 321 8 10 0.14851157 
762 311 8 12 0.14803648 
760 344 8 11 0.14125624 
503 287 9 11 0.13946229 
580 303 9 12 0.12758714 
183 319 11 15 0.12301798 
436 320 8 10 0.1200162 
693 308 9 12 0.11694308 
801 340 9 12 0.116199695 
486 304 10 12 0.11585356 
725 352 7 10 0.10313378 
584 378 8 10 0.0996181 
677 334 7 11 0.09900786 
471 311 9 12 0.09601979 
752 329 8 10 0.09232027 
630 307 10 13 0.09144155 
565 342 9 11 0.084226936 
679 316 10 13 0.08315506 
430 376 8 10 0.0827502 
890 379 9 13 0.07368102 
779 324 8 11 0.0700042 
226 358 8 11 0.06789724 
373 323 8 11 0.067865275 
237 304 10 12 0.063677885 
592 285 10 12 0.06001285 
506 378 8 9 0.05978444 
181 326 12 17 0.05963806 
815 332 9 12 0.056224357 
502 292 10 13 0.055405483 
803 325 7 9 0.054536745 
541 321 8 10 0.05441337 
624 340 8 10 0.05382572 
759 379 12 14 0.053288214 
518 304 9 11 0.052924827 
405 392 8 10 0.052305315 
734 320 7 10 0.051593274 
710 322 7 9 0.051276304 
563 291 11 14 0.050769817 
501 344 9 10 0.04983622 
286 319 10 12 0.049158275 
359 308 8 11 0.04819792 
903 344 12 15 0.0476421 
729 320 7 10 0.047566265 
599 318 9 10 0.047516603 
598 300 9 11 0.044044554 
562 351 8 10 0.042948585 
396 287 10 12 0.042695835 
358 303 10 11 0.041409183 
375 340 8 11 0.03978524 
223 319 8 11 0.039342597 
535 303 10 11 0.038960088 
360 343 8 10 0.03859024 
638 341 8 10 0.03828921 
568 324 10 13 0.03677259 
154 351 9 13 0.036483355 
807 334 10 13 0.036261983 
349 309 10 14 0.03519173 
223 407 10 13 0.0346385 
630 358 8 11 0.034434043 
405 303 8 10 0.032847185 
770 301 8 11 0.03267811 
120 321 8 10 0.032668285 
725 334 8 11 0.032464333 
425 229 440 562 0.032359827 
-104 231 412 560 0.031507023 
167 318 10 13 0.03146897 
264 388 8 10 0.03131562 
403 397 7 9 0.030924678 
360 296 8 10 0.030377878 
137 288 8 10 0.030159041 
794 319 6 9 0.029617202 
354 326 7 10 0.029208578 
800 321 8 10 0.029192235 
472 296 7 10 0.02896767 
790 340 9 12 0.028657224 
470 302 10 12 0.028644603 
643 301 9 13 0.028503865 
530 376 7 9 0.028268307 
699 328 8 10 0.028088233 
439 323 9 12 0.02792702 
578 307 8 11 0.027792813 
885 339 11 14 0.02773528 
892 374 12 16 0.027650576 
401 303 9 12 0.027642546 
209 333 9 12 0.026972022 
631 295 8 9 0.026755836 
309 306 9 13 0.026315883 
736 302 8 10 0.026259765 
764 342 9 13 0.025828915 
564 334 12 15 0.02576919 
437 270 8 11 0.025426943 
538 323 8 11 0.02502771 
369 352 7 10 0.02494726 
135 315 9 13 0.024828508 
575 358 9 11 0.024803737 
727 325 9 11 0.0247689 
145 390 10 12 0.02454561 
501 318 9 11 0.024366673 
649 287 8 10 0.024266241 
406 353 6 8 0.02420336 
865 338 12 15 0.023949347 
181 392 21 23 0.023875 
632 352 7 10 0.023810102 
145 319 8 10 0.023599183 
98 332 9 12 0.022996143 
692 389 13 16 0.022950388 
541 305 8 10 0.022787532 
775 310 8 11 0.022699343 
629 376 8 11 0.022232015 
277 358 8 11 0.021924192 
558 325 9 11 0.021854937 
177 331 10 13 0.021833014 
385 358 8 11 0.021562278 
127 319 10 13 0.02151478 
158 311 9 10 0.021502206 
336 327 9 11 0.021441493 
142 405 8 12 0.02130746 
314 323 8 11 0.02130232 
185 402 16 18 0.021278847 
311 336 8 11 0.021024005 
156 355 9 12 0.02085188 
108 327 10 14 0.02071464 
392 414 9 11 0.020600991 
140 307 9 12 0.020556571 
111 314 9 13 0.020522967 
437 289 9 13 0.020517437 
495 389 8 11 0.02051004 
561 335 9 13 0.020491095 
754 343 10 12 0.02037751 
136 342 8 10 0.020268757 
719 310 8 11 0.020245505 
567 302 9 11 0.020061128 
