0_Parade_marchingband_1_309
194
501 75 31 35 0.9876881 
46 84 24 28 0.97664547 
387 93 27 33 0.9519116 
272 95 23 27 0.78670186 
440 92 22 27 0.76913786 
125 114 26 30 0.6293114 
907 33 14 17 0.6104186 
729 90 26 31 0.55161256 
844 95 25 28 0.514913 
818 110 24 27 0.41980067 
299 93 23 28 0.3518735 
369 118 17 19 0.32945535 
709 104 20 27 0.30352414 
703 42 44 54 0.29265362 
315 12 15 18 0.25705156 
307 48 14 18 0.25375158 
893 92 34 38 0.23680037 
610 99 25 32 0.19915314 
296 97 15 19 0.19683678 
603 137 21 27 0.18924928 
486 44 37 40 0.18439469 
31 17 15 19 0.17867221 
925 108 17 20 0.17697123 
194 107 14 19 0.16719702 
720 98 23 30 0.165216 
1009 138 14 23 0.15402159 
116 0 11 10 0.14698264 
913 100 27 32 0.14388886 
796 68 24 25 0.13098611 
956 85 22 25 0.13001364 
258 114 13 16 0.1204144 
675 98 12 15 0.11224235 
340 0 13 12 0.111043595 
641 0 26 21 0.1012442 
230 123 11 16 0.09887661 
69 56 19 22 0.097104125 
798 140 11 14 0.09693202 
52 13 14 17 0.086753786 
28 131 13 17 0.08359086 
383 53 89 115 0.08126267 
164 41 45 54 0.079066984 
719 124 13 16 0.073375225 
851 52 13 17 0.073313974 
411 45 25 30 0.072039746 
209 87 23 32 0.070256434 
140 11 15 18 0.06443819 
836 99 23 29 0.06099599 
581 5 30 36 0.06025764 
715 50 16 21 0.058008634 
892 97 18 23 0.05408624 
984 98 18 23 0.053717077 
618 134 20 30 0.052374482 
838 286 15 19 0.050899137 
320 118 12 16 0.050426126 
628 131 23 31 0.049224466 
51 44 15 20 0.04685179 
795 47 29 33 0.04671904 
700 132 16 20 0.046463776 
91 90 16 20 0.04531851 
22 1 15 12 0.044800792 
0 2 18 21 0.044235256 
670 82 14 18 0.04399432 
712 39 28 36 0.043960296 
108 23 17 20 0.042645838 
56 72 24 29 0.042218495 
214 103 13 19 0.042051427 
57 46 22 28 0.04183781 
716 79 42 51 0.04106783 
257 0 17 14 0.04092846 
342 68 14 18 0.04017274 
660 62 24 30 0.038903993 
397 45 48 56 0.03831509 
361 75 14 16 0.037672684 
67 67 19 23 0.037375856 
237 132 9 12 0.037222244 
348 124 12 14 0.0365856 
79 8 15 19 0.036367174 
196 98 21 30 0.036290072 
364 225 31 39 0.03600797 
271 114 12 15 0.035396736 
121 106 41 50 0.035396025 
190 127 11 14 0.03526608 
1010 44 15 24 0.034903567 
45 70 38 47 0.034776922 
692 160 18 23 0.034554653 
269 92 18 21 0.034377363 
814 107 18 23 0.033450276 
477 28 60 66 0.03328882 
25 127 12 16 0.03321088 
0 85 10 16 0.032553457 
311 110 23 28 0.031732604 
266 101 24 30 0.03156579 
386 80 50 65 0.031459037 
437 85 16 20 0.03090088 
620 65 17 20 0.030509615 
185 104 21 27 0.030465247 
382 103 16 22 0.030335652 
530 0 28 23 0.030123789 
412 57 25 32 0.03010054 
372 191 26 32 0.030023867 
618 107 29 36 0.029842613 
818 102 17 19 0.029667957 
444 -1 35 37 0.029539399 
1 2 32 30 0.029333334 
46 15 15 20 0.02930599 
729 91 40 52 0.0290711 
382 0 16 13 0.028896146 
791 116 10 13 0.028711218 
235 126 11 14 0.028668478 
217 90 30 36 0.028293816 
497 49 21 23 0.028278058 
207 97 15 20 0.02827083 
136 72 23 27 0.0280973 
588 0 16 13 0.028026728 
985 71 16 19 0.02787255 
26 60 23 28 0.02778198 
123 38 24 30 0.02773432 
700 55 29 36 0.027716924 
593 18 18 21 0.027668662 
786 34 32 37 0.027468385 
708 57 17 20 0.027418813 
34 0 17 13 0.02673636 
919 111 15 18 0.02668201 
9 1 49 46 0.02661678 
592 92 27 34 0.026354074 
224 115 11 15 0.026092509 
726 93 18 20 0.026077466 
956 101 22 25 0.025812412 
894 122 11 15 0.02573052 
371 38 29 36 0.02565687 
287 141 13 16 0.025335902 
402 30 29 35 0.025274422 
47 17 24 28 0.025210872 
424 109 12 15 0.025149781 
22 0 27 21 0.024990788 
56 53 39 49 0.024790877 
650 59 26 27 0.024774784 
255 110 21 26 0.024756422 
251 24 15 19 0.024601785 
219 106 13 18 0.024522495 
588 93 13 17 0.024350518 
669 87 19 24 0.024150366 
956 77 15 18 0.024142627 
163 0 13 10 0.024124075 
960 115 12 15 0.023963436 
21 121 21 28 0.023800123 
359 116 22 26 0.02377194 
181 110 14 20 0.023752129 
81 1 24 25 0.02368561 
919 144 13 18 0.023653049 
583 24 28 30 0.023613224 
681 74 21 28 0.023555504 
268 86 14 18 0.02352123 
670 107 13 15 0.023162581 
814 120 26 33 0.023150446 
357 122 13 16 0.02286593 
361 116 13 16 0.022802886 
911 125 11 14 0.022794811 
917 125 11 14 0.022694135 
193 1 19 19 0.02263479 
297 75 17 18 0.022521384 
17 6 29 28 0.022443455 
687 132 13 17 0.022204174 
314 90 17 20 0.021849964 
240 38 11 14 0.021634476 
818 129 17 19 0.021575598 
114 29 23 26 0.021513412 
819 141 14 18 0.021496443 
790 55 42 48 0.021454133 
796 145 15 19 0.02133408 
239 0 34 32 0.02130272 
9 29 15 18 0.021202043 
926 118 13 17 0.02116302 
884 90 16 22 0.021135617 
865 125 10 13 0.021116694 
788 131 15 19 0.021099227 
317 106 14 17 0.021081889 
607 69 23 28 0.021050332 
831 114 16 20 0.02098112 
321 28 23 28 0.020896949 
667 59 14 18 0.020874498 
376 113 16 22 0.020865811 
597 77 26 31 0.020828327 
723 128 12 16 0.020815548 
170 50 20 24 0.020792961 
538 0 32 32 0.02075585 
693 133 13 17 0.020710971 
259 122 15 18 0.020662047 
258 81 22 26 0.020639354 
214 112 12 17 0.020505797 
205 114 12 16 0.020492997 
364 204 32 39 0.020424193 
12 0 16 13 0.02041598 
141 121 29 34 0.02019476 
