0_Parade_Parade_0_873
388
400 323 28 34 0.9995104 
821 503 60 81 0.9974546 
150 410 33 38 0.9972805 
319 461 47 61 0.99718994 
613 492 45 67 0.9908462 
715 407 33 42 0.9905648 
853 327 23 27 0.99050343 
452 525 66 81 0.9895723 
664 393 26 35 0.9892157 
745 354 23 31 0.98745394 
452 395 33 44 0.9834072 
930 401 46 55 0.9831566 
130 383 30 37 0.9796592 
868 567 103 105 0.97554 
371 323 18 23 0.974774 
97 585 76 98 0.97442156 
23 298 13 17 0.9744081 
818 317 23 30 0.97379196 
727 482 46 65 0.9716632 
30 432 33 43 0.97149426 
531 354 28 36 0.97018504 
959 345 26 33 0.96789515 
629 364 21 30 0.9671892 
13 360 25 34 0.9624045 
780 416 33 42 0.9623668 
772 357 24 30 0.95773286 
933 298 21 26 0.94740915 
744 314 20 26 0.942655 
808 352 21 27 0.925216 
211 308 18 23 0.92486084 
429 307 13 17 0.91576123 
300 354 22 27 0.9119402 
446 372 24 30 0.90358955 
702 290 13 17 0.8973562 
903 375 24 35 0.8966846 
480 310 17 22 0.8932984 
663 313 13 17 0.88366157 
278 374 21 26 0.8743718 
501 320 17 22 0.8681611 
315 403 34 46 0.86594236 
466 349 17 22 0.8644075 
512 372 20 28 0.8554449 
79 370 22 28 0.84096867 
189 357 18 23 0.83763665 
246 345 14 18 0.8261707 
337 370 23 27 0.8141682 
898 348 25 34 0.8046706 
994 311 18 24 0.7922151 
934 271 14 18 0.7653302 
858 380 26 36 0.7641535 
82 457 57 57 0.7639174 
581 344 23 30 0.7613825 
59 336 14 17 0.7517932 
981 296 14 18 0.75002503 
0 390 21 33 0.7402313 
660 613 68 66 0.73918927 
807 263 13 17 0.717347 
572 308 13 18 0.7169358 
979 460 43 71 0.6917268 
33 338 14 18 0.6657073 
153 327 11 13 0.663363 
670 364 17 23 0.6334584 
796 316 14 20 0.6274309 
634 310 14 20 0.6169443 
625 333 19 27 0.5896258 
177 336 16 19 0.5592121 
908 308 13 18 0.5176856 
966 298 12 15 0.50254196 
100 340 12 15 0.47637984 
736 300 13 16 0.47495052 
145 483 31 52 0.45448974 
248 323 12 15 0.4229198 
260 330 11 14 0.41842312 
587 322 14 17 0.41287056 
920 275 12 15 0.39346957 
460 319 12 16 0.3932781 
525 348 24 34 0.3883855 
293 330 13 17 0.37445283 
501 359 16 22 0.36266202 
319 322 16 19 0.33280855 
587 368 23 29 0.32589567 
534 317 13 18 0.32090226 
351 346 18 20 0.28863811 
524 344 16 22 0.2880213 
161 346 14 18 0.2863419 
217 354 15 20 0.27429798 
532 302 13 16 0.2575602 
260 353 16 22 0.25419837 
219 415 27 34 0.22762363 
786 302 14 18 0.2136503 
721 370 16 22 0.21342988 
276 321 15 18 0.20774215 
520 364 23 30 0.20313704 
88 466 31 36 0.1958976 
804 435 48 59 0.19214772 
550 423 37 51 0.19129221 
1001 365 20 32 0.18934764 
784 420 46 57 0.1840026 
876 268 11 15 0.17841269 
238 371 22 26 0.17816365 
102 471 58 63 0.17453054 
204 399 17 20 0.17161678 
574 396 20 25 0.16280164 
781 253 12 16 0.15225866 
708 269 10 13 0.13868503 
560 311 9 13 0.12879188 
832 300 11 12 0.12363153 
59 362 14 18 0.12362542 
775 322 14 16 0.1231366 
798 349 21 27 0.12067158 
567 330 12 16 0.11963283 
916 417 30 35 0.113462314 
708 352 17 20 0.10920779 
583 317 11 16 0.10815811 
986 281 14 17 0.1065586 
990 277 11 13 0.106024876 
79 349 14 17 0.10541402 
460 327 14 17 0.10415734 
236 326 12 16 0.09920956 
472 301 11 15 0.09893307 
807 292 13 15 0.0970229 
972 427 43 68 0.096694775 
294 429 22 31 0.09537261 
198 355 20 24 0.09481328 
682 309 10 14 0.09120029 
743 264 12 18 0.08962923 
60 455 98 96 0.08815393 
502 348 13 16 0.085273094 
204 340 10 13 0.08518647 
620 372 21 27 0.0850528 
855 280 10 13 0.08441868 
959 411 45 60 0.08402021 
99 364 17 21 0.08192057 
974 298 13 17 0.081154466 
549 332 12 14 0.07957981 
692 389 23 29 0.07895747 
609 377 18 22 0.078524075 
196 322 12 16 0.07737677 
1012 323 12 20 0.07443704 
251 348 18 24 0.07439532 
538 309 13 15 0.0738148 
870 304 16 19 0.07133022 
229 342 11 14 0.070153154 
709 309 15 19 0.068462126 
832 385 23 30 0.06818403 
216 388 46 56 0.06774111 
871 343 17 21 0.06739173 
764 295 9 10 0.06694706 
982 315 10 14 0.06688597 
656 525 50 56 0.0653014 
599 374 21 26 0.06519931 
209 409 25 35 0.0644244 
801 320 15 19 0.06433271 
630 508 53 69 0.062189866 
830 243 12 17 0.059878886 
199 405 23 29 0.059834745 
306 416 25 36 0.05962837 
901 358 41 53 0.058036774 
31 453 26 36 0.05711799 
599 393 23 28 0.056310162 
839 243 13 17 0.05444378 
251 358 20 25 0.054187655 
787 345 19 23 0.05416205 
646 309 11 15 0.054142293 
886 215 12 16 0.053170186 
980 304 14 17 0.053155884 
713 360 22 27 0.05311555 
907 428 29 38 0.052389853 
324 351 17 22 0.05194078 
538 320 15 17 0.051422816 
924 271 19 23 0.049423072 
725 313 15 20 0.049410857 
163 363 11 15 0.04937585 
170 382 15 19 0.048297025 
73 472 25 32 0.047962427 
251 319 13 16 0.04727168 
300 325 12 17 0.04726103 
726 334 13 17 0.04708302 
286 327 17 23 0.046654303 
543 381 23 29 0.04650894 
581 326 15 20 0.04631594 
909 344 24 31 0.045812175 
121 340 12 15 0.045577392 
351 456 41 58 0.04555738 
764 384 16 21 0.045556866 
911 312 17 19 0.045219854 
282 318 13 17 0.04265731 
773 303 10 13 0.042515606 
735 310 20 27 0.04227194 
4 369 23 36 0.042098045 
172 341 17 21 0.041796323 
428 540 57 65 0.041434612 
522 340 13 18 0.041082785 
275 337 15 19 0.040931065 
861 283 13 17 0.040910702 
654 314 14 17 0.040619787 
574 338 13 17 0.040598694 
269 367 22 28 0.039913442 
797 311 12 15 0.03956228 
702 354 15 18 0.039371487 
322 323 23 25 0.039266944 
867 284 12 16 0.03860734 
272 318 13 15 0.038337566 
69 481 18 24 0.03811615 
766 301 10 13 0.03749572 
126 373 27 34 0.037123606 
628 317 20 27 0.036521465 
761 300 10 13 0.036407858 
789 293 12 13 0.036376096 
761 352 22 32 0.03631864 
566 313 14 16 0.036065876 
199 332 12 16 0.03602198 
694 403 24 35 0.035412062 
166 318 10 13 0.03469683 
690 375 25 31 0.03467735 
39 316 11 13 0.03460117 
266 349 18 23 0.034512654 
90 368 23 28 0.034446914 
1001 294 12 15 0.034386005 
526 414 87 88 0.03409707 
371 451 39 62 0.033981513 
159 351 19 23 0.033839975 
470 308 20 27 0.03379511 
16 398 24 32 0.033663142 
586 358 20 25 0.033606797 
77 449 17 21 0.03332286 
901 326 12 16 0.033293802 
530 454 63 62 0.033272255 
0 372 9 16 0.03304521 
130 497 28 42 0.032981273 
905 242 10 13 0.032900803 
757 254 10 16 0.032839563 
958 270 12 13 0.03267568 
740 253 21 29 0.032594495 
670 476 42 55 0.032575537 
970 391 26 30 0.032557424 
33 471 18 23 0.0324741 
760 277 13 17 0.03237646 
911 269 9 12 0.032049913 
964 437 32 46 0.03192079 
9 524 50 64 0.031801045 
528 320 13 17 0.031708714 
120 324 10 12 0.03155747 
136 350 10 12 0.031324334 
951 270 12 13 0.03131394 
271 330 14 16 0.031182917 
101 357 15 17 0.030972881 
379 309 13 14 0.03055969 
819 278 11 14 0.030389562 
1005 319 15 22 0.030028908 
54 357 13 17 0.029949127 
829 372 23 32 0.029888539 
318 434 47 63 0.029860446 
484 330 13 17 0.029574223 
355 358 16 21 0.028961727 
684 314 13 17 0.028939126 
240 345 12 17 0.0289204 
751 246 9 12 0.028775984 
913 323 15 17 0.028715577 
339 328 16 18 0.028674735 
951 462 52 70 0.028447716 
747 283 12 15 0.028270511 
125 325 8 11 0.028008508 
183 355 15 22 0.027921302 
460 355 20 26 0.027845165 
778 330 14 17 0.027833752 
844 240 10 12 0.027681464 
14 355 14 20 0.027567828 
78 386 25 29 0.027559796 
957 391 31 39 0.027452761 
735 356 23 30 0.027263338 
331 363 22 26 0.027239459 
92 468 16 21 0.027133916 
827 386 17 23 0.027112668 
815 284 12 15 0.027073702 
67 448 24 29 0.026960323 
912 298 17 21 0.026764408 
0 481 13 23 0.026707232 
44 418 13 16 0.026623024 
440 384 29 41 0.026411697 
843 388 17 24 0.026285918 
587 402 14 19 0.026243525 
732 361 14 21 0.026209526 
556 331 13 16 0.026180282 
828 239 21 28 0.025831753 
494 362 15 19 0.025796654 
995 277 10 12 0.025781667 
919 339 23 28 0.025770841 
257 73 447 569 0.025689928 
833 229 8 11 0.025515381 
683 375 17 23 0.025479708 
48 333 10 13 0.025407635 
695 355 24 28 0.025317034 
690 359 16 20 0.024898509 
320 349 13 18 0.024883509 
822 237 10 13 0.024831355 
767 306 12 16 0.024796203 
836 296 10 13 0.024775293 
677 360 20 26 0.024700096 
555 351 22 29 0.024647111 
778 398 24 33 0.024599858 
820 373 21 29 0.024559347 
14 346 13 18 0.024484884 
280 393 19 22 0.024449464 
776 418 80 101 0.024409875 
155 319 14 16 0.024359988 
128 508 18 22 0.024208507 
135 323 12 15 0.024126459 
68 333 13 16 0.023816066 
78 451 27 33 0.02359941 
578 380 24 28 0.02357858 
898 335 18 21 0.023574663 
918 393 34 49 0.023522517 
779 339 15 17 0.023518791 
797 293 12 13 0.023477394 
176 316 10 12 0.02345629 
876 342 21 28 0.023393163 
145 366 23 28 0.023349866 
791 401 41 51 0.02333437 
808 379 26 30 0.02321616 
72 582 57 86 0.023185862 
103 394 19 29 0.023164468 
817 235 10 13 0.023107836 
227 353 14 18 0.023099247 
318 382 13 17 0.023062952 
691 368 15 21 0.0229878 
256 325 19 25 0.022965271 
644 321 14 19 0.022964885 
581 378 15 18 0.022828396 
854 385 17 23 0.022732358 
572 324 13 17 0.022552097 
870 275 11 15 0.022458712 
323 403 17 22 0.022379369 
890 336 17 21 0.02235256 
707 297 14 17 0.022345807 
297 335 18 20 0.022340769 
96 344 13 15 0.022335343 
894 351 18 24 0.022305643 
758 237 9 11 0.02222112 
79 403 25 29 0.022116885 
158 369 14 18 0.022076475 
951 282 12 16 0.021996202 
868 289 13 17 0.021937009 
739 296 12 14 0.021929856 
519 351 14 21 0.021913549 
184 338 14 17 0.021880012 
713 336 21 24 0.021847242 
89 399 21 26 0.021826576 
445 348 14 17 0.021802397 
26 397 23 30 0.021764683 
848 279 12 14 0.0217325 
987 362 25 31 0.021691378 
785 393 30 39 0.021643799 
652 309 12 15 0.021613363 
125 335 11 15 0.021596948 
764 331 13 18 0.021585941 
960 292 14 18 0.021568801 
100 324 13 15 0.021532683 
796 301 13 17 0.021482332 
125 344 12 15 0.02142157 
189 377 16 21 0.021390077 
696 337 23 29 0.021375684 
779 349 22 27 0.021349601 
436 329 14 18 0.021314958 
869 311 17 22 0.021181658 
147 384 22 28 0.02117816 
811 298 13 18 0.021029614 
222 390 30 34 0.020945039 
195 387 15 20 0.020891013 
225 413 18 22 0.020821832 
380 318 21 29 0.020763973 
142 323 10 14 0.020688966 
179 380 15 19 0.020582538 
592 351 18 23 0.02057371 
126 370 16 21 0.020563297 
915 329 16 20 0.020524384 
594 402 22 26 0.020497592 
862 350 26 33 0.020468732 
273 345 17 22 0.020454792 
538 437 36 43 0.02043424 
771 406 24 33 0.020426167 
750 291 11 14 0.020425005 
228 303 14 21 0.020411393 
452 349 21 25 0.020359179 
575 345 15 21 0.020332515 
819 260 11 15 0.020297838 
69 356 12 16 0.020134032 
68 362 13 18 0.020120243 
