0_Parade_marchingband_1_476
193
591 167 26 35 0.9988814 
858 101 32 41 0.9988153 
744 173 49 69 0.997976 
454 221 27 34 0.99638915 
675 160 33 39 0.9926972 
519 174 22 29 0.99267536 
284 254 22 39 0.99072284 
611 201 39 50 0.9903133 
797 127 42 53 0.98939204 
421 273 42 57 0.9872606 
354 223 18 27 0.98162305 
385 222 21 27 0.9711996 
207 249 21 33 0.96755934 
326 143 12 18 0.9561258 
432 189 19 26 0.94143254 
336 266 30 45 0.93903553 
242 257 20 31 0.9316986 
200 178 14 18 0.88692224 
314 217 17 25 0.85769063 
574 161 16 22 0.8572932 
174 185 13 18 0.8394296 
581 93 14 17 0.7697805 
73 252 21 28 0.74710155 
58 232 14 20 0.6887918 
639 56 15 18 0.5884446 
401 200 18 22 0.5454621 
407 136 14 17 0.3954731 
476 116 14 18 0.39033043 
221 189 15 17 0.38984004 
313 165 11 14 0.38414064 
610 19 10 13 0.37198406 
878 43 13 17 0.35245788 
353 153 9 11 0.31536594 
164 321 14 19 0.28576428 
710 50 14 17 0.26860243 
393 132 10 12 0.2666301 
900 37 15 21 0.23398703 
372 140 11 15 0.16258343 
737 36 11 15 0.15020582 
243 326 16 22 0.143013 
688 110 12 16 0.11856763 
191 333 13 15 0.10231866 
500 113 13 17 0.1002689 
77 224 14 17 0.09941201 
302 166 9 11 0.08717883 
525 99 11 13 0.08527336 
543 69 10 14 0.08399567 
30 229 23 29 0.080426104 
561 86 8 11 0.078198485 
265 179 9 11 0.07549482 
494 107 15 21 0.07433223 
156 197 16 19 0.07408765 
46 230 23 27 0.07323266 
695 69 11 13 0.06805533 
632 96 19 29 0.065584466 
184 243 12 15 0.065247074 
372 382 46 55 0.06506652 
487 190 11 14 0.064957336 
390 137 12 16 0.06431961 
66 233 13 19 0.062516905 
487 192 22 27 0.062496558 
163 314 25 29 0.055870935 
511 86 9 12 0.05564371 
280 347 15 19 0.054110985 
153 190 27 28 0.052816983 
420 121 12 15 0.05155866 
514 233 15 20 0.05153758 
717 55 12 16 0.050339304 
619 70 13 14 0.0499386 
591 75 13 15 0.048652478 
564 108 14 18 0.04863772 
313 138 21 26 0.045568883 
497 192 17 22 0.044934038 
192 235 36 48 0.044444837 
676 42 11 14 0.042769887 
564 225 38 49 0.04233329 
759 12 12 15 0.041977707 
605 73 11 15 0.041915584 
578 234 15 17 0.04155219 
494 101 13 16 0.041228253 
739 38 14 19 0.041057616 
249 176 9 11 0.04093524 
27 230 14 19 0.040280085 
0 307 14 21 0.03991107 
268 175 11 14 0.039586022 
614 69 12 15 0.039310686 
537 68 11 13 0.03820064 
566 103 10 12 0.037862904 
892 2 16 16 0.03757306 
484 105 20 26 0.03750654 
350 273 30 36 0.0354832 
310 159 12 16 0.03516447 
304 160 9 12 0.035039082 
9 267 28 32 0.034869704 
431 398 57 60 0.03481637 
682 115 22 28 0.034767494 
415 125 13 17 0.0346331 
523 110 7 11 0.03434779 
157 177 37 45 0.034127608 
305 262 26 33 0.033760227 
364 220 21 30 0.03360296 
237 318 38 49 0.033439364 
398 137 12 16 0.03303086 
386 384 55 65 0.032386832 
851 30 14 16 0.03194091 
618 54 9 12 0.031584594 
778 69 41 51 0.03145718 
2 299 16 20 0.03140787 
492 189 14 17 0.030791102 
379 139 12 15 0.030740617 
583 67 11 13 0.03022354 
622 118 11 13 0.030094698 
812 392 64 60 0.030001998 
691 121 15 19 0.029931098 
739 33 25 29 0.029256439 
755 5 17 17 0.028845558 
549 70 9 11 0.028793572 
536 88 8 10 0.028437989 
688 76 8 10 0.02837483 
213 184 18 24 0.028325938 
409 197 17 20 0.0281669 
160 308 42 51 0.027917385 
168 180 14 20 0.027601698 
510 235 26 30 0.02758788 
190 179 14 18 0.027309088 
252 179 10 12 0.027261108 
655 38 9 12 0.026902515 
542 87 8 11 0.026763942 
70 256 37 45 0.026752753 
589 81 14 19 0.026716389 
187 237 13 17 0.026710175 
87 214 13 16 0.026687449 
508 114 10 14 0.026649848 
868 74 15 19 0.026323682 
882 38 15 19 0.026263325 
622 45 9 12 0.025920635 
266 386 52 57 0.025772734 
333 211 13 17 0.025242027 
82 218 15 19 0.025182467 
265 262 18 22 0.024738198 
749 38 13 16 0.0246529 
248 249 30 36 0.024583343 
756 37 12 16 0.024451124 
598 44 11 14 0.024319489 
582 274 45 65 0.024271173 
632 60 11 15 0.02424493 
675 144 29 39 0.024048742 
92 383 66 63 0.02368586 
221 173 27 31 0.023596264 
572 130 15 22 0.023564048 
316 156 13 17 0.023533713 
471 110 12 17 0.023361934 
815 37 11 14 0.023318408 
633 94 12 18 0.023010055 
836 9 67 80 0.022975925 
21 232 22 28 0.02295058 
281 335 24 31 0.022768924 
333 268 15 23 0.022549009 
391 197 11 14 0.022483425 
695 43 10 13 0.022479309 
740 32 12 16 0.02233329 
367 133 20 26 0.022312915 
506 85 10 14 0.022190692 
680 128 26 35 0.02195497 
74 231 15 18 0.02178742 
307 251 17 18 0.021773217 
525 108 9 12 0.021688033 
574 96 15 17 0.02165444 
596 80 13 17 0.021618217 
238 178 15 17 0.021482417 
367 143 12 16 0.021451391 
357 130 13 17 0.021309307 
368 265 23 28 0.021286828 
200 191 17 20 0.021251805 
880 -2 33 32 0.021201484 
171 171 22 31 0.02119163 
39 238 27 33 0.021109294 
704 49 13 17 0.021059288 
819 12 40 42 0.020993005 
196 164 43 52 0.020877274 
311 158 20 26 0.020757131 
361 284 25 30 0.020667698 
4 269 38 53 0.020609314 
599 38 11 12 0.020563178 
860 56 12 14 0.020542692 
180 173 14 19 0.02054101 
339 268 18 26 0.020537311 
186 253 16 21 0.020516379 
71 222 14 18 0.020474747 
204 175 20 26 0.02025599 
614 61 11 14 0.020191427 
582 73 14 16 0.02017205 
567 337 16 21 0.020018741 
