0_Parade_Parade_0_628
68
448 200 27 36 0.9977399 
575 237 23 29 0.9844395 
623 223 21 28 0.9619893 
690 263 18 24 0.9533312 
308 240 20 26 0.9241161 
981 258 21 23 0.836051 
902 277 16 20 0.80334544 
23 300 11 15 0.7654047 
784 339 13 16 0.33109528 
757 293 10 13 0.33026528 
785 291 10 12 0.29937935 
905 337 40 47 0.12411681 
752 294 11 13 0.124039076 
802 294 9 12 0.120649286 
105 334 10 13 0.12042686 
3 315 11 15 0.09894658 
743 294 11 14 0.07939795 
709 295 10 12 0.07545594 
936 317 28 44 0.07297937 
813 274 13 17 0.058528617 
23 328 8 10 0.05532437 
5 285 11 14 0.050823886 
885 335 40 58 0.05067609 
117 351 9 12 0.049069896 
490 236 21 36 0.048803475 
86 341 8 11 0.047026694 
31 332 8 11 0.043379903 
139 351 7 11 0.03807048 
73 328 8 10 0.037137248 
118 342 9 10 0.036809567 
143 352 8 11 0.035495523 
21 368 12 18 0.03482595 
603 235 13 18 0.03292437 
18 326 9 12 0.032764558 
506 235 41 54 0.0327508 
77 328 8 10 0.032567043 
868 330 11 15 0.032021835 
47 328 7 10 0.0318547 
129 325 9 10 0.031296328 
742 311 10 13 0.031047517 
42 310 8 11 0.030811287 
301 225 35 46 0.029744333 
957 306 15 21 0.029605996 
922 327 33 46 0.029546611 
133 341 9 11 0.029145434 
159 343 8 10 0.029106183 
73 333 7 10 0.028473143 
88 335 8 11 0.028415004 
423 283 435 538 0.02815092 
879 350 29 46 0.027221313 
837 275 13 17 0.026909022 
704 299 13 17 0.026544359 
64 312 7 10 0.026437165 
111 339 8 11 0.026411572 
882 319 8 11 0.025787117 
897 276 13 19 0.025340773 
819 275 12 17 0.025180034 
499 236 30 41 0.024266927 
642 324 436 531 0.024024999 
94 333 8 11 0.023452424 
118 337 8 9 0.023133554 
805 286 11 15 0.02301091 
95 328 8 9 0.022536196 
142 295 11 15 0.022340037 
41 296 8 10 0.02195401 
5 296 13 18 0.020957261 
1 309 18 25 0.02067493 
150 351 9 11 0.020281613 
