0_Parade_marchingband_1_869
40
68 196 60 76 0.99834025 
299 207 62 72 0.9978345 
518 203 53 70 0.9976788 
704 325 46 57 0.9898678 
873 336 45 53 0.6360771 
865 348 33 35 0.15315573 
173 470 61 68 0.092089996 
669 498 21 35 0.06506118 
931 562 13 20 0.06202375 
820 558 11 13 0.056284867 
466 492 24 27 0.05484635 
872 526 11 13 0.05470372 
775 352 33 40 0.042817485 
886 511 12 14 0.040535826 
148 226 35 44 0.03930597 
237 164 200 352 0.038288765 
18 320 40 52 0.03807182 
942 557 9 12 0.036875866 
641 469 16 20 0.03472283 
712 581 16 20 0.029438794 
684 460 18 23 0.029060606 
10 125 450 504 0.028815277 
18 470 21 28 0.027769223 
949 572 12 13 0.026962195 
167 467 38 56 0.026260281 
891 341 41 64 0.025910446 
1 351 37 42 0.02557466 
109 418 11 15 0.024930306 
464 264 43 50 0.024516866 
938 564 14 19 0.02441891 
470 479 42 47 0.023775227 
466 502 27 32 0.02305498 
833 545 13 16 0.022700246 
81 443 9 11 0.022528714 
854 323 77 96 0.021572502 
129 374 18 23 0.021239657 
821 563 13 16 0.021040186 
-38 329 395 441 0.020464038 
1003 606 13 21 0.02032314 
606 247 31 36 0.020139014 
