0_Parade_Parade_0_102
159
525 539 19 26 0.96925247 
183 535 21 25 0.9612387 
84 539 15 20 0.95366585 
660 526 22 26 0.9075686 
268 530 17 23 0.8879496 
741 537 18 20 0.883346 
423 539 19 22 0.8496827 
932 439 25 29 0.7869228 
591 522 21 25 0.7301911 
329 540 19 25 0.70920086 
804 442 27 33 0.6608837 
58 542 17 21 0.6607219 
380 542 13 16 0.6220869 
494 521 18 20 0.5754402 
635 539 15 19 0.52356714 
221 526 12 15 0.30842325 
550 540 15 21 0.30244565 
495 652 10 12 0.30094278 
709 651 14 16 0.25584075 
295 526 11 13 0.2500614 
328 531 12 16 0.22187363 
65 519 10 13 0.21302713 
613 528 13 17 0.16621396 
975 544 14 17 0.15852174 
94 641 12 15 0.154026 
134 526 12 14 0.14233068 
290 497 17 18 0.13011016 
717 531 10 13 0.12419912 
514 524 14 16 0.122675344 
47 527 12 14 0.11908782 
363 539 11 14 0.11142352 
528 475 11 14 0.10740931 
845 565 13 17 0.10650731 
439 442 11 16 0.094700016 
866 542 16 19 0.09466454 
11 526 10 13 0.08424775 
566 654 11 14 0.0815415 
162 638 9 13 0.074364975 
739 500 26 31 0.06284777 
374 525 10 12 0.062364075 
239 508 9 13 0.06049499 
641 543 14 18 0.060033854 
388 470 9 11 0.057735138 
619 525 12 18 0.052109122 
500 509 14 16 0.05153616 
362 486 8 10 0.049806453 
825 490 42 55 0.04817748 
420 523 13 15 0.0475854 
503 520 19 23 0.047140315 
725 521 13 17 0.044649474 
686 523 10 14 0.044293504 
300 532 12 15 0.042353537 
551 470 11 14 0.042323876 
861 525 11 16 0.042039208 
763 499 30 42 0.041376144 
405 507 8 11 0.03900133 
319 530 10 14 0.036934413 
964 525 12 15 0.03633693 
217 529 13 16 0.03610382 
599 110 10 12 0.03523405 
739 519 27 32 0.03522606 
325 531 20 26 0.035162285 
51 531 11 14 0.03515282 
971 490 12 14 0.035147045 
91 479 9 12 0.034545604 
393 635 11 15 0.034485433 
295 637 8 11 0.034432184 
819 399 11 13 0.032944877 
777 393 15 18 0.032783292 
29 526 8 10 0.032542825 
415 423 7 10 0.031767733 
288 525 13 16 0.030793333 
554 534 16 19 0.030613013 
260 523 19 26 0.030504812 
426 421 8 10 0.030296821 
629 523 13 17 0.030294359 
350 494 8 10 0.030138604 
446 548 12 16 0.029966345 
148 516 12 15 0.029919239 
222 510 7 9 0.029839793 
94 525 12 16 0.029604968 
186 500 9 12 0.029394343 
399 508 10 13 0.02923367 
128 526 11 14 0.029158937 
116 549 9 12 0.028783066 
816 403 11 13 0.027978878 
695 527 11 13 0.027812097 
247 540 11 13 0.027720729 
417 504 8 10 0.027614376 
348 532 11 15 0.027442016 
804 427 10 12 0.02712978 
290 527 21 25 0.027063774 
836 513 26 34 0.026996566 
565 525 10 12 0.026942508 
402 504 8 12 0.026820995 
384 545 14 18 0.026708044 
151 393 13 15 0.026509142 
846 347 12 15 0.026277242 
841 565 21 26 0.026028408 
293 517 14 18 0.025874455 
274 526 15 21 0.025551377 
119 520 9 11 0.02552704 
851 570 14 20 0.025469907 
687 562 13 17 0.025345512 
393 510 9 12 0.024728743 
390 533 10 12 0.024707641 
487 528 12 16 0.024692843 
52 518 11 14 0.024663234 
944 683 12 16 0.02461899 
445 591 10 13 0.024611646 
730 508 28 34 0.024471914 
860 301 12 16 0.02419858 
479 478 7 9 0.02413445 
684 538 12 16 0.02408058 
813 437 14 17 0.02397518 
512 464 7 10 0.023765689 
836 387 12 16 0.023708256 
724 528 13 18 0.023675531 
480 491 10 13 0.023589578 
348 525 10 13 0.02358939 
374 491 8 12 0.023343941 
472 479 8 9 0.023127768 
730 350 8 11 0.02308381 
197 525 12 15 0.023009732 
151 542 10 14 0.022783052 
135 542 13 14 0.022373065 
481 463 9 11 0.022224242 
753 497 16 22 0.022217615 
601 518 17 21 0.022163622 
536 535 19 27 0.022160593 
885 382 9 12 0.022153072 
862 212 9 12 0.022134291 
422 507 10 12 0.022132881 
693 433 13 16 0.022119492 
879 565 11 14 0.022011526 
835 521 17 21 0.021976938 
205 525 10 14 0.021962179 
30 580 8 12 0.021744037 
68 532 13 18 0.021669662 
686 531 12 17 0.021624375 
630 532 16 19 0.02158304 
873 539 13 18 0.021457966 
120 524 10 12 0.021386039 
0 508 9 14 0.021323206 
644 533 14 20 0.020883592 
584 497 11 14 0.020845247 
341 534 13 17 0.020842247 
962 505 15 18 0.020775901 
452 562 12 16 0.020680666 
854 523 13 18 0.020573882 
602 317 8 10 0.020530572 
126 563 9 11 0.020529274 
853 355 13 16 0.02052569 
570 454 9 12 0.020496557 
166 523 10 13 0.02046781 
446 555 16 19 0.020432277 
757 534 13 16 0.020398583 
398 389 9 11 0.020367268 
445 580 10 13 0.020241514 
