0_Parade_marchingband_1_20
100
541 359 38 40 0.99600816 
29 404 26 31 0.9931477 
254 371 28 32 0.9788831 
385 366 18 22 0.92619336 
465 356 25 29 0.9250649 
81 392 22 23 0.90206355 
629 393 18 22 0.88639337 
729 346 18 21 0.8807071 
586 369 19 21 0.8586233 
854 273 35 45 0.7792973 
233 376 18 21 0.6524803 
679 354 16 20 0.6140572 
448 348 17 19 0.5496002 
129 377 11 15 0.49406663 
450 322 22 27 0.23792131 
335 379 15 17 0.22182341 
83 366 23 27 0.19990171 
802 354 17 21 0.11894673 
678 371 20 26 0.116522126 
778 359 13 16 0.11195744 
447 334 22 27 0.098018944 
833 483 149 161 0.095289595 
799 362 13 16 0.080331326 
976 247 19 22 0.07746419 
31 454 37 51 0.07396142 
605 378 25 32 0.07233654 
449 459 12 17 0.071578264 
551 322 31 37 0.07020359 
302 269 11 13 0.069836885 
616 384 23 28 0.064945176 
369 393 16 19 0.05976157 
776 345 13 17 0.05894134 
337 417 37 43 0.051374596 
174 549 21 26 0.050309923 
620 365 11 14 0.05025387 
453 345 22 27 0.044676844 
424 437 35 44 0.044248737 
732 327 22 28 0.04284587 
551 322 15 17 0.042389475 
561 361 29 34 0.03783616 
738 340 15 19 0.03773292 
405 381 15 17 0.036253396 
620 356 12 15 0.036123533 
660 369 14 18 0.035154704 
617 376 15 20 0.03508639 
245 400 14 17 0.03501895 
807 435 34 41 0.032351468 
448 328 13 17 0.032081377 
780 367 14 17 0.03146293 
256 412 12 15 0.031228004 
691 370 16 21 0.030369533 
386 354 18 24 0.030299352 
600 364 25 32 0.029889453 
386 426 15 19 0.029457228 
802 426 28 32 0.028587194 
700 371 15 20 0.028027695 
796 369 13 16 0.027774073 
311 275 10 13 0.027661975 
298 269 10 12 0.026920835 
597 329 41 52 0.026710616 
789 365 12 15 0.026710333 
350 372 12 16 0.02663188 
665 367 23 27 0.02611913 
722 411 16 20 0.025914134 
907 394 86 81 0.025363496 
636 374 18 21 0.02501536 
407 379 22 28 0.024783583 
762 386 13 18 0.024756497 
308 268 12 16 0.023761107 
440 449 23 30 0.023664517 
815 433 193 328 0.023435216 
254 350 30 41 0.023313934 
807 344 25 35 0.023070497 
867 422 121 146 0.022867585 
228 310 10 13 0.02273263 
797 347 17 22 0.022521038 
700 366 11 16 0.022496546 
751 415 12 15 0.022301938 
452 359 14 19 0.02229449 
759 355 13 16 0.02229075 
765 356 12 16 0.022264078 
494 373 14 18 0.022134952 
381 421 15 22 0.02163962 
80 369 15 19 0.021624422 
252 403 14 18 0.021610321 
237 360 14 18 0.0215808 
624 376 23 29 0.02146683 
707 378 13 17 0.021142209 
782 390 11 13 0.021094589 
717 359 10 13 0.020954711 
601 352 40 52 0.02092845 
979 314 15 16 0.02088208 
105 461 47 86 0.020816801 
792 372 10 13 0.020774636 
603 404 26 31 0.020634076 
541 265 15 19 0.02058966 
789 356 13 17 0.020585535 
590 372 31 36 0.020566499 
795 414 25 30 0.020229222 
553 335 34 42 0.020141874 
