0_Parade_Parade_0_472
140
59 137 32 35 0.9993387 
319 115 43 51 0.9787249 
644 121 17 23 0.96178687 
515 130 31 41 0.9597203 
563 135 15 27 0.94611025 
603 263 43 54 0.91242856 
748 121 13 23 0.886602 
932 225 21 26 0.74540454 
835 115 17 25 0.6667166 
813 120 16 22 0.60405064 
953 152 17 20 0.5482469 
172 184 16 20 0.5312359 
215 238 13 17 0.43098742 
709 111 19 20 0.4091214 
630 162 18 20 0.32234934 
975 149 14 17 0.3197466 
801 121 21 27 0.26919815 
733 124 13 19 0.2626089 
511 55 30 39 0.21672848 
802 183 15 18 0.20851038 
843 116 21 25 0.16996787 
740 149 14 16 0.16790055 
678 128 13 16 0.16605578 
923 150 12 14 0.16478722 
657 168 19 23 0.13393804 
198 311 22 27 0.12741856 
795 125 17 23 0.12556559 
236 279 15 21 0.11122041 
696 137 22 26 0.08921727 
513 56 18 23 0.07923495 
742 117 14 24 0.07520183 
257 292 13 15 0.07496485 
733 116 12 17 0.06919405 
966 215 11 14 0.06538457 
819 118 16 22 0.064869516 
892 473 34 38 0.06483058 
942 153 12 17 0.06470515 
610 154 16 20 0.0608906 
485 69 9 12 0.05955726 
400 131 33 35 0.05168773 
714 118 16 20 0.051453482 
975 182 20 29 0.050671473 
22 178 13 16 0.05065785 
167 178 16 20 0.05062563 
849 158 30 37 0.050224964 
211 299 13 18 0.045797713 
221 182 10 12 0.044990096 
975 218 13 16 0.04219501 
336 321 401 497 0.04072498 
432 183 12 17 0.040301256 
763 114 15 20 0.040165246 
787 167 14 20 0.03946385 
727 115 12 16 0.038893353 
965 293 13 16 0.038365692 
958 209 15 18 0.038038757 
954 202 16 19 0.037734255 
936 155 10 14 0.037169963 
203 235 12 17 0.03674954 
252 284 16 19 0.036664017 
979 214 15 17 0.036555268 
733 111 10 12 0.03513606 
691 193 14 19 0.034949783 
685 119 12 14 0.03436309 
988 139 17 20 0.034291167 
692 132 15 21 0.034239445 
976 139 23 28 0.033744995 
942 139 26 32 0.033310905 
956 139 27 31 0.033240754 
932 150 13 15 0.033195715 
808 185 16 18 0.033161283 
835 75 15 17 0.032645483 
820 157 15 20 0.032151647 
752 126 15 20 0.03209582 
668 124 14 18 0.03207716 
238 184 14 19 0.032001432 
797 117 14 18 0.031843092 
706 131 16 22 0.031712085 
778 162 22 30 0.0313097 
837 170 21 30 0.030590665 
468 88 22 30 0.030295635 
839 470 40 49 0.029834317 
965 209 22 25 0.029830154 
803 134 15 20 0.029664952 
965 194 14 20 0.029641468 
251 147 30 32 0.028856723 
243 180 14 18 0.028832521 
804 116 15 19 0.028613864 
203 303 21 26 0.028558595 
807 229 13 15 0.028531753 
761 161 31 41 0.028055362 
829 93 10 14 0.028041951 
825 117 21 29 0.027934369 
260 287 12 15 0.02760573 
796 136 26 33 0.027568614 
103 404 12 15 0.027341567 
270 219 72 95 0.027210461 
622 185 15 22 0.026943026 
919 141 21 26 0.026899429 
829 108 15 23 0.026541179 
252 153 15 19 0.026309196 
-36 339 405 474 0.026197575 
517 71 25 35 0.026115222 
0 190 10 17 0.025831943 
240 281 21 25 0.025738457 
717 125 15 22 0.025726266 
685 135 14 22 0.025667226 
927 141 24 27 0.025335986 
961 217 12 17 0.025207836 
636 160 21 28 0.025093656 
670 107 12 16 0.024730492 
622 161 13 18 0.0246285 
966 131 46 52 0.024626473 
655 122 18 21 0.024337787 
348 272 49 62 0.024041321 
827 154 15 21 0.023902789 
949 207 16 19 0.023722434 
623 165 21 28 0.023578458 
618 156 13 19 0.023544287 
792 170 20 25 0.02308392 
256 253 10 14 0.023070598 
641 117 13 22 0.02256246 
272 371 13 15 0.022517875 
242 181 25 37 0.022410763 
232 277 12 19 0.022307657 
855 119 17 20 0.022175582 
1000 216 10 13 0.02217124 
847 94 12 14 0.021922903 
601 225 14 19 0.021774001 
790 157 21 27 0.021769373 
815 160 13 18 0.021415384 
118 275 13 16 0.02116212 
943 226 15 20 0.021062445 
446 171 16 19 0.020984648 
823 98 13 16 0.020920778 
700 118 22 27 0.020849308 
652 172 30 37 0.020740174 
731 130 22 26 0.02055749 
627 177 14 19 0.020557445 
830 154 23 32 0.020405827 
868 254 10 13 0.020119958 
