0_Parade_Parade_0_353
75
494 240 26 33 0.9892687 
325 293 30 37 0.9888819 
388 259 20 26 0.9442146 
837 263 20 25 0.8902252 
599 236 42 47 0.88748014 
885 248 13 18 0.8663151 
694 248 13 17 0.59692734 
290 288 13 17 0.48561996 
454 281 11 12 0.29417 
566 258 53 61 0.27975908 
156 373 11 13 0.21537705 
200 300 17 22 0.20856343 
316 265 14 18 0.20439236 
33 339 14 19 0.19618161 
741 253 20 28 0.15072559 
683 275 47 54 0.11270134 
310 260 23 29 0.092465565 
253 288 15 17 0.09068324 
860 248 11 14 0.08941051 
553 262 29 50 0.08804862 
6 373 8 11 0.08064366 
724 252 12 15 0.07702075 
908 244 11 13 0.07568402 
75 312 41 54 0.075530834 
694 245 22 26 0.060103737 
708 243 25 31 0.056130197 
285 336 32 35 0.053890463 
377 287 17 20 0.049223553 
104 246 10 14 0.046636347 
197 297 41 50 0.044960514 
385 248 37 49 0.043654203 
152 390 10 13 0.04227344 
743 246 38 47 0.041965943 
884 232 26 32 0.041778315 
446 269 9 11 0.03839055 
859 128 27 28 0.037699126 
449 282 12 14 0.037221953 
824 275 12 16 0.037111804 
0 395 18 26 0.035671107 
589 242 58 72 0.03547071 
708 246 14 17 0.033949014 
897 233 26 29 0.03369312 
303 307 13 15 0.031815395 
294 246 38 53 0.03147149 
690 245 13 16 0.031324152 
452 285 15 20 0.030707337 
156 389 12 14 0.03019783 
208 301 20 22 0.026458504 
1 364 8 12 0.02612059 
61 425 31 47 0.026018623 
903 236 14 17 0.025593104 
36 335 22 25 0.024694169 
464 346 32 54 0.024104714 
317 278 15 20 0.023793627 
891 237 16 19 0.023696337 
662 218 16 19 0.023675233 
450 275 19 22 0.023593558 
925 245 9 10 0.023176277 
717 247 13 17 0.023022603 
904 225 29 32 0.023022152 
869 251 12 15 0.02296202 
720 252 22 28 0.022823988 
188 339 92 122 0.022627622 
189 316 10 13 0.022475762 
734 250 18 27 0.022463998 
149 380 37 52 0.022369208 
5 367 10 13 0.021979542 
260 303 14 16 0.021906285 
317 276 26 34 0.02178949 
429 319 29 35 0.021765236 
275 221 46 55 0.021259978 
581 264 30 37 0.020982176 
870 259 13 15 0.02048247 
119 369 23 27 0.020426687 
855 247 19 23 0.020124886 
