0_Parade_marchingband_1_234
122
435 312 16 20 0.98650056 
306 313 17 20 0.98487294 
667 322 17 20 0.9848546 
844 252 16 19 0.98368376 
786 319 16 21 0.98173654 
582 415 16 21 0.97961044 
670 209 15 18 0.9789899 
507 255 16 20 0.97606736 
403 412 16 20 0.9721744 
748 274 13 17 0.9707799 
334 411 16 21 0.97037596 
642 248 16 19 0.9677251 
318 260 15 18 0.9621274 
403 292 14 16 0.95628005 
555 312 15 20 0.9517273 
612 322 16 20 0.94823027 
539 291 16 18 0.94116 
376 265 11 15 0.93409514 
367 308 15 20 0.9302132 
438 262 12 14 0.9280809 
701 254 15 17 0.9231521 
703 419 15 20 0.9168676 
807 282 15 17 0.9156449 
468 233 14 18 0.9114386 
470 402 17 23 0.9078547 
676 285 15 16 0.9075384 
728 316 17 21 0.8940991 
469 309 14 18 0.8828266 
228 221 14 17 0.8601219 
604 205 15 18 0.8591074 
351 229 15 17 0.8564464 
344 281 12 15 0.8345264 
292 232 12 15 0.8245378 
647 411 15 20 0.80745673 
776 256 13 17 0.79553205 
282 420 15 19 0.79536384 
217 293 15 20 0.78343534 
285 296 13 16 0.7744251 
735 230 14 17 0.77173716 
402 218 13 17 0.7102977 
207 420 16 20 0.70949423 
761 421 15 20 0.6992178 
526 416 14 19 0.69464266 
835 329 16 18 0.68683666 
254 256 14 16 0.6647287 
863 303 14 18 0.6530111 
480 175 18 20 0.6505982 
570 268 14 17 0.647068 
606 304 16 18 0.62286955 
488 306 15 20 0.6216738 
243 331 15 18 0.6154792 
531 224 14 16 0.41294622 
555 166 13 17 0.27255523 
187 330 16 20 0.24682109 
459 271 9 11 0.19648044 
344 252 11 14 0.09833484 
611 267 13 18 0.092509516 
356 205 9 12 0.092330545 
737 205 9 12 0.0893478 
558 120 43 50 0.08357772 
613 263 9 12 0.0762399 
532 266 12 15 0.0661587 
593 260 11 14 0.065201506 
717 303 11 14 0.06467779 
609 262 10 12 0.06268735 
474 130 42 49 0.05885294 
140 428 11 14 0.054631263 
413 270 8 11 0.054210782 
474 158 35 37 0.051023368 
638 426 11 15 0.05070189 
207 284 21 28 0.047110423 
600 179 10 14 0.04505064 
562 171 14 15 0.041080944 
402 192 8 11 0.040776316 
676 293 16 20 0.039997246 
392 246 11 14 0.039033826 
553 150 32 36 0.037376557 
527 413 23 28 0.03735592 
461 274 10 13 0.037098378 
848 222 9 12 0.03617449 
408 263 9 12 0.0317286 
203 276 36 45 0.029949462 
647 425 13 17 0.029371457 
365 489 10 14 0.029217767 
728 251 11 15 0.02895087 
377 237 9 11 0.028750673 
296 228 14 17 0.028539155 
365 291 12 14 0.028106593 
405 194 9 12 0.027746104 
526 252 10 13 0.027715884 
204 291 13 18 0.027691945 
416 335 11 14 0.027173504 
234 196 9 11 0.027159339 
639 308 10 14 0.026849601 
247 325 17 21 0.026040794 
676 252 10 14 0.025686627 
777 227 10 14 0.025402257 
342 288 14 18 0.025313884 
448 287 13 16 0.025224505 
249 253 13 17 0.025097664 
529 262 12 15 0.024547532 
522 412 13 18 0.023875859 
390 254 436 621 0.023646126 
599 297 35 43 0.023633529 
645 218 11 14 0.023451352 
672 183 8 11 0.023295956 
456 253 10 12 0.02300405 
542 261 11 14 0.022777861 
464 284 9 12 0.022595003 
582 274 11 15 0.022382664 
579 270 11 14 0.022337675 
596 263 13 18 0.022243746 
596 256 12 15 0.021831907 
398 261 11 14 0.021687265 
715 281 14 19 0.021534082 
425 283 11 14 0.020906918 
480 278 9 12 0.02072492 
629 275 13 17 0.020358909 
606 256 11 13 0.020233516 
294 268 11 16 0.020184183 
438 273 12 16 0.020164916 
398 269 11 13 0.020153241 
