0_Parade_marchingband_1_759
48
368 21 50 64 0.9986779 
631 119 58 74 0.9984308 
496 137 48 65 0.99773514 
172 4 47 59 0.9969363 
135 47 48 60 0.9967424 
571 138 54 66 0.99669564 
139 148 47 61 0.99611145 
304 18 45 61 0.9958405 
342 127 44 54 0.9922307 
9 35 35 45 0.991979 
53 41 38 47 0.9898934 
88 15 39 54 0.9860896 
228 13 27 49 0.9245262 
410 129 47 61 0.8950722 
70 24 41 54 0.6288389 
-2 25 23 36 0.10568584 
220 92 45 51 0.09063685 
34 12 32 41 0.08977029 
234 17 39 55 0.06226736 
770 196 36 49 0.057584714 
465 111 40 50 0.05526122 
55 0 34 41 0.055235777 
238 109 45 58 0.04852175 
22 22 32 42 0.048351977 
214 14 29 43 0.04593886 
259 116 41 63 0.04200232 
425 114 52 69 0.041313753 
0 19 12 20 0.038876772 
47 406 11 14 0.038819082 
196 97 49 59 0.032810107 
273 109 47 64 0.032407 
25 1 38 37 0.02743799 
212 91 27 35 0.027416639 
787 196 14 17 0.027116535 
636 376 13 16 0.024931934 
65 174 34 53 0.024397973 
40 30 26 39 0.024383748 
529 369 30 37 0.024378242 
712 449 221 266 0.024159152 
110 26 44 61 0.023809426 
234 -36 462 511 0.023695175 
248 132 33 45 0.022886636 
212 98 16 21 0.02285673 
1000 714 23 37 0.021331223 
125 393 12 15 0.020556504 
64 7 33 48 0.020546487 
209 549 12 16 0.020502264 
220 90 16 19 0.020459475 
