0_Parade_Parade_0_443
51
373 237 50 65 0.99832827 
688 301 68 84 0.99787354 
522 211 70 84 0.99669075 
301 177 40 54 0.9745569 
216 274 29 45 0.96727633 
216 237 22 28 0.9459495 
790 208 19 35 0.67712945 
812 178 12 15 0.6203494 
111 329 17 21 0.5885676 
63 255 11 15 0.41566536 
150 264 13 17 0.3087386 
794 216 30 38 0.18900159 
127 261 11 13 0.16542014 
459 265 16 18 0.16505845 
403 438 11 13 0.12556581 
25 217 37 48 0.11137007 
39 -9 201 172 0.105713174 
33 280 29 38 0.10550827 
812 140 10 13 0.09939152 
455 261 12 19 0.074546926 
987 276 10 13 0.06836242 
165 253 9 13 0.051302005 
460 566 9 12 0.0483721 
450 265 20 27 0.03684131 
446 263 14 21 0.03671973 
85 338 13 15 0.03292369 
466 261 14 19 0.031339616 
666 253 21 32 0.031063432 
160 253 10 14 0.030570665 
668 622 31 45 0.029860886 
416 242 28 46 0.029034179 
134 317 12 15 0.028715748 
450 276 24 32 0.026774464 
55 250 14 19 0.025772408 
330 165 35 46 0.025367297 
35 195 17 20 0.024401026 
111 245 8 10 0.024169598 
143 238 9 11 0.02391307 
175 259 12 15 0.023808029 
151 256 13 17 0.02364925 
119 261 11 14 0.023377622 
80 251 11 13 0.022583582 
181 310 14 19 0.022282217 
1001 300 11 14 0.022054274 
104 255 9 11 0.021937948 
676 261 35 43 0.021729488 
44 195 14 19 0.021419754 
132 267 13 16 0.021369556 
78 269 11 13 0.021103539 
857 384 24 34 0.020437721 
208 233 21 28 0.020395622 
