0_Parade_Parade_0_429
25
391 227 111 145 0.99917185 
608 240 95 126 0.9990502 
151 260 108 129 0.99866855 
229 115 14 16 0.103216514 
225 46 17 22 0.08345981 
77 175 16 21 0.051788714 
9 48 26 33 0.044541676 
17 115 16 20 0.04141994 
120 46 18 22 0.04028405 
78 240 18 22 0.039508197 
181 134 11 14 0.038631167 
72 113 16 20 0.033554897 
82 302 16 19 0.03157959 
347 18 16 20 0.031305242 
24 241 17 21 0.02748258 
328 29 12 19 0.027127849 
490 1 14 17 0.026946211 
188 190 16 18 0.024427462 
174 109 16 19 0.023717733 
661 196 14 17 0.022813434 
444 20 11 13 0.022703283 
865 444 13 15 0.02215342 
184 188 30 28 0.02157699 
489 157 57 79 0.021316709 
893 261 9 14 0.020800857 
