0_Parade_marchingband_1_556
33
347 254 29 34 0.99801636 
969 256 29 35 0.9969392 
639 257 29 36 0.99467975 
497 283 28 33 0.99322975 
147 286 34 45 0.985761 
449 278 22 28 0.9828198 
565 305 39 50 0.975227 
747 239 28 31 0.9692923 
83 263 24 30 0.94450563 
719 235 22 27 0.9111972 
559 254 19 23 0.9018782 
282 268 20 23 0.59738344 
205 299 15 20 0.19252728 
81 254 38 48 0.18544693 
283 250 22 28 0.12889034 
180 319 15 17 0.12739512 
169 304 26 32 0.06841843 
79 227 55 65 0.052374795 
712 273 37 53 0.05152635 
52 392 11 15 0.045076516 
211 294 13 18 0.041871678 
473 373 45 54 0.04006716 
586 418 38 35 0.03853923 
338 299 14 16 0.03154735 
722 253 42 52 0.027443659 
209 296 20 28 0.026919678 
200 293 14 17 0.026291497 
422 285 22 27 0.024263605 
368 289 14 20 0.02240445 
104 256 49 56 0.022236185 
643 390 16 21 0.022019647 
741 208 11 15 0.021095602 
772 260 14 19 0.020099362 
