0_Parade_marchingband_1_910
63
570 231 50 56 0.99445724 
77 242 34 36 0.9890911 
139 226 31 35 0.9716253 
375 257 44 48 0.9686354 
762 326 81 105 0.95976776 
208 203 43 49 0.9549166 
484 192 35 48 0.9274463 
524 228 41 53 0.81396145 
40 227 27 35 0.749052 
115 242 17 20 0.6454986 
344 232 34 45 0.5105377 
958 285 44 69 0.34239122 
674 116 54 78 0.2829382 
548 228 45 57 0.25514352 
282 253 45 53 0.21801138 
439 274 44 47 0.19474997 
595 122 34 32 0.1771881 
642 207 42 54 0.14039387 
360 239 44 56 0.1092819 
415 156 10 14 0.105115764 
497 201 41 55 0.08329133 
328 238 35 43 0.07660366 
929 43 17 23 0.07171608 
301 239 46 58 0.066287465 
963 96 18 22 0.060058273 
969 101 44 63 0.05957779 
289 267 50 63 0.050538577 
245 657 13 17 0.048034277 
51 228 33 46 0.047430806 
882 68 28 33 0.045431137 
583 114 38 33 0.03720662 
801 456 175 298 0.036025807 
91 292 40 58 0.035784785 
964 99 28 33 0.03541214 
431 279 26 36 0.034885805 
917 87 18 20 0.03277995 
844 107 51 78 0.032756682 
636 26 242 253 0.03225061 
871 341 27 35 0.031937458 
668 125 39 49 0.030370133 
338 242 20 27 0.030182008 
103 173 13 16 0.029580051 
677 95 89 119 0.029501872 
875 346 16 22 0.029097503 
598 123 17 18 0.026632613 
64 233 34 45 0.025925295 
451 281 48 56 0.025657173 
811 89 26 33 0.024131894 
589 84 51 69 0.024022387 
170 172 17 22 0.024003742 
346 236 18 24 0.022819819 
484 187 16 20 0.022537187 
425 141 24 35 0.022327743 
859 373 15 20 0.022205876 
0 267 8 13 0.022205476 
75 249 21 24 0.022182109 
314 290 44 52 0.021643668 
906 78 27 32 0.021418538 
577 111 27 29 0.020782217 
580 119 16 19 0.020688783 
483 195 18 24 0.02039219 
168 260 41 53 0.020369751 
798 349 59 81 0.020081032 
