0_Parade_marchingband_1_881
42
141 257 12 16 0.92704237 
51 234 12 15 0.9233682 
331 159 24 34 0.87766445 
95 238 12 16 0.8210156 
719 181 20 32 0.8010439 
886 193 24 34 0.7041734 
642 163 15 27 0.61936766 
185 213 10 13 0.6130336 
227 214 8 11 0.57466644 
850 192 35 40 0.39620113 
312 162 37 43 0.31324425 
78 214 8 12 0.23695368 
195 299 14 18 0.16098073 
224 300 12 16 0.10812727 
874 189 26 37 0.10515087 
537 285 11 13 0.10375128 
278 206 11 14 0.082268655 
222 306 16 21 0.077228114 
896 200 15 21 0.07056615 
618 155 37 45 0.059809785 
567 207 8 10 0.058762453 
794 214 9 12 0.053046335 
936 270 9 12 0.050282676 
6 215 15 18 0.049608514 
975 267 13 17 0.04614346 
649 163 16 24 0.039280932 
892 189 16 21 0.037914127 
180 290 11 14 0.032858226 
239 262 11 14 0.029833082 
24 217 8 10 0.029795974 
698 232 41 54 0.02974659 
962 260 10 13 0.028116196 
200 297 16 21 0.02629782 
394 188 125 120 0.026297124 
193 295 11 15 0.026068151 
180 301 12 15 0.02352912 
934 220 11 15 0.022949139 
980 268 14 19 0.021936662 
5 232 16 23 0.021535631 
773 209 10 15 0.020892527 
204 293 11 15 0.020679241 
561 207 10 11 0.020055663 
