0_Parade_marchingband_1_552
37
534 372 14 18 0.79285365 
967 383 14 18 0.65159285 
181 378 13 16 0.5744439 
740 381 13 15 0.47314122 
347 372 13 15 0.2811734 
583 380 11 13 0.17262134 
852 395 11 14 0.1263162 
404 381 15 17 0.12320657 
412 380 13 16 0.10168606 
589 379 10 13 0.10015013 
562 323 10 14 0.08499222 
573 379 14 18 0.08322546 
420 382 9 12 0.07107931 
37 361 16 19 0.056332596 
599 377 9 14 0.053206585 
837 397 14 18 0.045878753 
559 364 11 14 0.044296775 
845 391 15 17 0.037874956 
344 368 12 15 0.034720298 
7 359 26 31 0.030074663 
567 380 13 18 0.029056473 
960 385 12 17 0.028886057 
747 381 11 14 0.028359264 
758 383 11 13 0.027448596 
735 385 13 14 0.027301665 
519 407 11 13 0.026909301 
567 372 11 17 0.026745219 
448 377 8 10 0.026523674 
527 354 13 16 0.026000684 
862 395 10 14 0.025825225 
400 384 14 18 0.022850743 
433 383 9 13 0.022659065 
398 380 26 31 0.02203741 
538 368 14 17 0.021648722 
606 360 21 27 0.020433744 
354 374 11 14 0.020105882 
559 379 12 16 0.020037869 
