0_Parade_marchingband_1_360
32
474 103 52 66 0.9990388 
858 131 48 58 0.995103 
92 160 44 47 0.9795375 
932 297 17 19 0.90318304 
579 224 24 27 0.8457294 
763 316 13 15 0.5774748 
324 318 12 15 0.32504234 
243 260 17 21 0.19158913 
568 217 37 46 0.07320579 
676 308 10 12 0.06891348 
375 246 11 12 0.049073827 
750 325 9 12 0.03996537 
8 334 10 12 0.039886773 
790 354 9 11 0.034522336 
41 196 15 15 0.03451184 
393 244 11 14 0.03394291 
709 94 8 11 0.030030858 
1001 278 8 11 0.02939551 
194 342 8 10 0.029249452 
784 320 8 11 0.027295321 
960 293 9 12 0.026093965 
224 259 9 11 0.025402684 
334 300 10 12 0.02187178 
460 305 411 513 0.021649498 
291 295 8 10 0.021521036 
745 324 9 11 0.02150181 
393 233 28 31 0.021343425 
362 237 8 10 0.02134013 
241 254 12 14 0.02087649 
232 260 26 30 0.020808298 
759 311 14 17 0.020354 
136 88 48 72 0.020129759 
