0_Parade_Parade_0_53
36
793 183 46 57 0.9974717 
270 170 43 52 0.9899595 
467 219 11 15 0.77046984 
530 150 16 19 0.20746888 
492 270 12 15 0.085732184 
508 244 10 13 0.07313437 
519 227 10 13 0.056155313 
672 261 10 14 0.055397376 
466 238 15 19 0.04989063 
243 212 11 14 0.047071077 
405 65 17 20 0.045654032 
536 187 10 13 0.041534025 
558 230 8 9 0.039558284 
519 258 12 15 0.03830401 
486 213 9 12 0.03649972 
663 223 11 13 0.035418127 
488 208 9 11 0.034087736 
1013 231 8 12 0.031071346 
525 247 9 12 0.0296554 
512 230 9 12 0.02865518 
520 247 10 13 0.026577195 
557 245 9 11 0.02628593 
612 174 14 20 0.024820523 
1011 283 13 24 0.024641883 
603 197 13 18 0.024197768 
524 253 11 14 0.023304192 
536 231 10 13 0.023065485 
536 244 8 12 0.022879817 
486 230 10 12 0.022860566 
525 229 9 12 0.02275905 
578 222 8 11 0.022149816 
482 214 8 11 0.021706471 
363 224 8 10 0.021082291 
567 232 8 10 0.020657742 
621 216 9 12 0.02032218 
510 261 10 13 0.020050041 
