0_Parade_marchingband_1_649
63
555 82 35 46 0.9986524 
489 123 35 44 0.99714214 
812 202 36 46 0.9970798 
860 153 30 37 0.99687564 
56 120 30 36 0.9966781 
246 190 39 46 0.99666864 
6 127 26 34 0.99663687 
651 147 28 36 0.9966215 
970 152 31 39 0.99548435 
342 119 32 38 0.99530005 
409 84 37 45 0.9949451 
292 284 45 56 0.99470997 
103 136 25 32 0.99437225 
250 145 27 32 0.99424404 
940 207 41 46 0.9941717 
895 321 38 48 0.99225885 
703 173 22 30 0.99202794 
762 152 25 33 0.9901584 
701 289 37 48 0.9884475 
797 283 40 53 0.9884289 
660 213 39 47 0.98796636 
174 282 42 51 0.98497033 
22 199 39 48 0.98236626 
906 180 23 28 0.98032403 
129 232 38 49 0.9565328 
528 130 32 38 0.89084935 
832 177 25 31 0.7704382 
152 118 20 38 0.6922212 
615 424 23 31 0.5774173 
232 153 20 30 0.2125696 
667 445 24 28 0.14684838 
823 188 28 39 0.1219326 
790 448 48 54 0.09655551 
239 152 25 31 0.094537005 
146 156 16 23 0.07403768 
790 167 26 32 0.06048182 
139 215 51 63 0.053070445 
452 466 44 49 0.051097505 
326 476 11 14 0.04697761 
71 193 38 50 0.04681769 
39 269 422 562 0.04334789 
618 420 16 21 0.0416995 
437 133 26 32 0.034783926 
764 451 25 30 0.031082744 
826 173 20 22 0.030909581 
116 443 33 40 0.030760907 
335 448 32 37 0.030650368 
165 110 45 48 0.030088466 
286 449 39 47 0.02940344 
568 428 11 15 0.028345302 
159 116 30 31 0.026978603 
51 192 39 52 0.026933532 
620 414 29 34 0.026419342 
148 324 13 18 0.026124021 
153 172 41 52 0.024257101 
796 164 17 22 0.023551732 
827 324 26 35 0.023300387 
723 448 32 32 0.02241592 
159 131 18 26 0.022120778 
86 441 32 36 0.021931168 
146 131 23 36 0.021790948 
153 125 38 47 0.021466374 
661 447 19 24 0.020945933 
