0_Parade_marchingband_1_78
507
696 467 11 15 0.61909974 
860 594 11 14 0.44003615 
784 31 9 12 0.43063357 
912 29 12 14 0.38560435 
907 571 10 13 0.33795968 
976 567 8 10 0.31706697 
292 165 8 11 0.29395774 
678 252 10 12 0.27509505 
802 613 9 12 0.2544026 
752 596 9 13 0.2481668 
426 174 7 9 0.23004602 
464 141 8 9 0.21125811 
583 199 8 11 0.21073404 
525 37 8 11 0.20002142 
127 340 13 16 0.18928267 
974 152 8 10 0.18616837 
724 133 8 11 0.18280703 
531 126 7 10 0.17147706 
992 312 9 12 0.16949165 
700 591 11 15 0.16559123 
263 169 8 10 0.16152808 
613 29 11 13 0.15977405 
597 144 9 12 0.15645216 
44 437 12 15 0.15532312 
162 205 11 14 0.1440269 
403 132 7 10 0.14358374 
709 485 9 11 0.1385342 
878 155 9 11 0.1379483 
740 200 9 11 0.13520032 
693 488 9 12 0.12918141 
978 628 14 18 0.123184815 
391 159 7 9 0.12191473 
217 188 9 11 0.116062 
739 95 8 11 0.113761954 
265 173 9 12 0.10900079 
507 97 7 10 0.10459051 
487 133 8 11 0.10089345 
849 75 10 13 0.10072809 
459 170 7 9 0.0998374 
878 135 8 10 0.09822849 
389 134 8 10 0.09681086 
907 54 8 11 0.09655384 
270 62 7 9 0.09334434 
654 357 9 11 0.089014396 
267 77 10 12 0.08844809 
550 118 8 10 0.0871913 
831 196 10 14 0.08614115 
909 126 8 10 0.08566181 
627 111 8 10 0.08436594 
239 143 9 11 0.083890386 
303 181 8 10 0.082491875 
511 133 9 12 0.08234996 
269 205 9 13 0.08114559 
157 301 11 13 0.080280736 
751 209 10 13 0.07933091 
322 182 10 12 0.07866721 
558 133 8 10 0.07841957 
14 240 9 12 0.07744792 
828 587 10 13 0.07739013 
249 270 9 12 0.076518096 
294 160 10 12 0.07460942 
646 479 9 12 0.073813476 
689 13 8 11 0.07216548 
385 104 8 11 0.07152717 
1010 524 12 17 0.07125023 
941 169 8 10 0.07098528 
716 28 8 10 0.069212124 
588 342 8 10 0.06901912 
574 126 7 10 0.06833151 
417 160 8 9 0.067484684 
462 108 8 11 0.06729949 
920 308 10 13 0.067201406 
262 135 8 10 0.0659457 
538 470 8 10 0.065473735 
605 9 7 9 0.064570956 
939 104 8 11 0.06454446 
431 413 9 11 0.06365626 
589 462 10 13 0.06149653 
253 91 8 11 0.06099222 
673 30 9 12 0.05939684 
967 89 6 9 0.059339702 
352 112 9 11 0.058938235 
799 191 10 12 0.05865538 
601 118 7 11 0.05822804 
190 191 8 10 0.05610469 
663 12 8 11 0.056030884 
367 51 9 13 0.05524399 
-2 477 26 45 0.055046715 
560 38 8 10 0.05433183 
945 151 7 9 0.05423575 
397 225 9 11 0.054123838 
494 159 9 11 0.05372319 
215 225 7 10 0.052692235 
969 150 7 11 0.052614514 
854 495 10 13 0.052329544 
371 172 7 11 0.051689412 
66 400 8 10 0.05167536 
235 185 6 9 0.05010347 
310 159 8 11 0.049791064 
788 35 12 13 0.04978221 
1002 144 8 9 0.04933673 
878 192 7 10 0.049194362 
312 166 9 10 0.049058944 
577 205 7 10 0.04895418 
691 9 7 9 0.047489595 
961 188 8 11 0.04696982 
653 192 9 11 0.04668044 
446 100 8 11 0.046626605 
606 188 9 11 0.04612145 
320 173 8 10 0.04604303 
165 259 9 12 0.045939524 
911 43 12 15 0.045773607 
305 160 8 10 0.04569325 
472 87 9 12 0.045543373 
977 221 9 10 0.045208737 
465 190 8 10 0.0452018 
726 188 9 12 0.044905018 
639 151 8 11 0.044450287 
673 253 10 13 0.04423573 
367 119 8 10 0.044075374 
454 200 9 12 0.043792915 
330 294 8 12 0.043692138 
548 198 10 13 0.043625284 
260 168 6 9 0.043028113 
694 31 10 13 0.042801168 
792 190 9 12 0.04274239 
463 224 8 10 0.042037897 
986 350 8 10 0.041855477 
343 149 9 11 0.04183438 
325 119 9 11 0.041518755 
848 149 8 10 0.041488044 
603 168 7 9 0.041442286 
471 197 8 9 0.041257087 
470 156 8 11 0.041130185 
984 315 10 12 0.040913723 
830 229 9 12 0.040872585 
430 61 8 11 0.04072348 
245 198 7 10 0.040097177 
542 181 8 10 0.04009302 
470 192 7 10 0.03977992 
641 140 9 13 0.03965409 
327 152 7 9 0.039493877 
961 149 8 10 0.03948914 
726 127 10 14 0.039266307 
709 198 8 10 0.03925339 
842 151 6 9 0.039175026 
542 153 7 9 0.039125286 
1012 87 12 20 0.03901161 
689 35 9 12 0.038940005 
488 110 8 10 0.03893352 
296 173 9 12 0.038902238 
615 151 8 11 0.038836855 
745 21 10 13 0.038778372 
903 150 9 10 0.03871571 
934 192 8 10 0.03845025 
847 117 8 11 0.038414773 
581 38 11 15 0.038308717 
590 173 9 11 0.03829297 
720 167 8 10 0.03824021 
423 167 9 12 0.038220894 
461 172 9 10 0.038073897 
853 150 8 10 0.037951123 
568 174 9 11 0.037822943 
681 72 7 10 0.03776459 
961 184 7 10 0.037666634 
369 169 8 10 0.03759847 
405 129 9 11 0.037399486 
426 134 8 10 0.037263148 
872 155 11 13 0.037200827 
165 198 12 15 0.03718421 
546 203 9 12 0.037039313 
438 157 9 11 0.036644645 
537 149 8 11 0.036513563 
626 143 8 10 0.036499117 
472 153 7 9 0.036474414 
166 120 9 11 0.03645837 
982 133 10 13 0.036268342 
292 210 15 19 0.03616846 
640 9 7 8 0.03585101 
718 13 9 11 0.0350593 
790 207 8 10 0.034995377 
495 126 8 11 0.034897722 
136 36 9 12 0.03486646 
901 603 12 16 0.034643218 
470 78 8 10 0.034585774 
207 191 8 11 0.03443635 
1007 287 8 12 0.034395453 
489 140 8 11 0.034388777 
399 168 7 10 0.034220055 
448 220 9 11 0.03418231 
558 175 8 12 0.034001607 
782 66 10 13 0.03371024 
0 221 8 14 0.033646353 
626 17 6 8 0.033645958 
511 128 8 11 0.033594325 
577 110 7 10 0.03349727 
1014 167 7 11 0.033486586 
911 84 9 11 0.03348501 
335 215 10 12 0.03340486 
603 12 8 11 0.033341493 
655 38 10 12 0.03315811 
535 144 9 11 0.033127435 
750 14 8 10 0.03311586 
432 56 7 10 0.03301794 
227 212 8 11 0.032975208 
221 185 9 11 0.03289539 
841 183 8 11 0.03289199 
443 126 7 10 0.03276224 
561 206 8 10 0.032759026 
375 128 9 11 0.032726496 
183 241 7 9 0.032635868 
239 148 10 12 0.032624584 
568 191 8 10 0.032615215 
318 168 8 11 0.032607637 
450 143 7 8 0.03260075 
463 448 9 11 0.03251714 
777 231 8 10 0.03251163 
475 213 8 9 0.032482933 
270 180 10 13 0.032404307 
392 190 8 10 0.03232653 
962 88 7 10 0.03232251 
846 184 8 11 0.03230513 
442 68 9 12 0.032248028 
872 220 10 13 0.032136 
743 232 9 11 0.03197748 
229 271 10 12 0.031924974 
782 135 9 13 0.03179797 
269 69 10 14 0.03178983 
407 148 8 10 0.03177461 
874 196 8 10 0.031637665 
952 317 10 12 0.031583514 
336 198 8 12 0.031528823 
722 71 8 11 0.03152436 
550 220 9 12 0.03133677 
727 199 8 9 0.031286635 
248 306 12 18 0.031149663 
895 204 8 11 0.031041449 
553 175 8 10 0.031030353 
910 134 8 11 0.030893452 
398 190 8 11 0.030610746 
944 303 8 11 0.030609284 
425 128 8 10 0.030528337 
940 107 11 13 0.030468365 
455 157 9 10 0.030456632 
518 205 9 11 0.03033153 
946 136 7 9 0.030286409 
860 37 11 12 0.030253755 
20 479 13 17 0.030227415 
565 199 10 12 0.0301872 
530 131 8 12 0.03011047 
919 317 8 11 0.02999999 
280 174 9 10 0.029975723 
746 36 9 12 0.029647546 
546 117 9 12 0.02961788 
366 142 7 10 0.029513754 
536 189 9 12 0.02949669 
442 95 8 11 0.029388718 
280 125 9 12 0.029379752 
225 276 12 15 0.029213969 
561 89 8 9 0.029113695 
681 90 7 9 0.02908366 
900 318 11 13 0.029080916 
709 134 8 11 0.029035272 
393 165 8 10 0.029005328 
902 609 13 16 0.028919851 
387 159 7 9 0.028812423 
806 174 9 11 0.028743345 
446 84 8 10 0.028710907 
903 85 9 12 0.02865344 
880 126 8 11 0.02855993 
589 229 9 11 0.02855923 
330 165 9 13 0.028547168 
985 126 11 13 0.028510679 
745 29 11 13 0.02850285 
705 264 8 10 0.028422495 
567 205 8 10 0.02838197 
851 521 25 30 0.028357731 
678 24 7 9 0.028279372 
931 150 8 11 0.028191272 
839 189 9 11 0.028080754 
919 183 9 11 0.027875625 
462 229 8 11 0.027842322 
458 104 8 11 0.02778218 
809 150 7 9 0.027728293 
632 22 8 11 0.027720748 
870 117 8 11 0.027678361 
246 176 9 11 0.027550424 
1010 167 8 10 0.027534071 
643 185 6 8 0.027406236 
576 214 8 12 0.027342303 
929 197 7 10 0.02726891 
554 96 7 9 0.027178366 
912 199 9 12 0.027123248 
455 142 8 9 0.027101414 
762 140 8 10 0.027097061 
680 125 8 11 0.02708152 
983 217 8 10 0.027047021 
357 112 8 10 0.026848854 
719 208 9 11 0.0267661 
165 142 11 14 0.02672591 
805 191 8 11 0.026697237 
938 172 9 11 0.026642501 
791 196 11 13 0.026593726 
237 184 9 10 0.026590059 
280 160 7 10 0.026529182 
863 94 10 12 0.026516674 
696 175 7 10 0.026489971 
408 212 9 11 0.026481567 
704 53 9 11 0.026439827 
620 558 10 12 0.026359882 
825 191 8 10 0.026174165 
437 152 8 9 0.026121233 
606 229 7 10 0.026066301 
369 135 7 10 0.026033722 
851 399 10 11 0.026010636 
674 25 7 9 0.02598182 
847 112 9 11 0.025939038 
918 200 8 10 0.025808686 
731 159 7 9 0.025780646 
1014 206 8 12 0.02574911 
936 333 9 12 0.025699686 
110 35 10 13 0.025665948 
808 181 8 10 0.025622329 
903 103 9 12 0.025581986 
714 37 9 12 0.025539365 
154 240 9 11 0.025497355 
606 135 9 11 0.025491053 
438 165 10 13 0.02546497 
199 207 8 10 0.025396569 
289 160 8 12 0.02535423 
721 108 8 10 0.025346227 
765 380 9 11 0.025337461 
720 10 7 8 0.025234565 
533 53 10 12 0.025201214 
519 110 8 10 0.025163807 
512 206 9 12 0.024918867 
279 164 10 13 0.02491278 
855 535 26 27 0.024813883 
473 207 8 11 0.024775706 
960 143 8 12 0.024723617 
713 47 8 10 0.024674894 
175 90 14 18 0.02463618 
271 187 11 14 0.024553832 
328 158 9 11 0.02453404 
238 190 8 9 0.02451352 
928 327 9 12 0.024499157 
344 156 8 11 0.024478983 
232 172 8 11 0.024471015 
753 189 11 14 0.024461541 
415 119 8 11 0.024412526 
703 49 8 10 0.024342375 
229 208 8 10 0.024336178 
567 254 8 11 0.024211261 
637 20 10 12 0.024205944 
468 141 9 11 0.024188837 
63 402 9 12 0.024177961 
477 88 8 11 0.024172213 
646 136 7 9 0.02415102 
848 199 9 11 0.024107067 
544 177 7 10 0.0240806 
903 109 9 11 0.024070809 
590 166 9 13 0.024062213 
895 125 8 10 0.02404743 
687 137 7 10 0.024036903 
265 139 8 10 0.024008002 
806 222 8 11 0.023994029 
886 120 9 11 0.02398021 
92 62 26 30 0.023954771 
224 270 10 13 0.023844324 
973 110 10 12 0.023783827 
834 176 8 10 0.023748409 
502 177 8 10 0.023695253 
269 167 9 10 0.023691269 
227 208 6 9 0.023573553 
24 468 13 17 0.023314822 
479 168 7 9 0.02323845 
456 189 9 11 0.02322194 
559 93 8 10 0.02321926 
638 37 8 11 0.023188625 
296 135 7 11 0.023176404 
1005 291 10 14 0.023158649 
440 206 8 9 0.02312376 
745 111 8 11 0.023108315 
821 103 9 12 0.023059223 
229 281 11 14 0.022927389 
846 172 9 11 0.022921935 
777 31 9 11 0.022897724 
999 176 8 11 0.022876345 
654 31 9 11 0.022840613 
230 167 8 10 0.022839244 
263 108 10 12 0.022838961 
534 48 9 11 0.022796484 
826 196 10 12 0.022771858 
153 533 10 13 0.022699926 
271 141 8 10 0.022673653 
470 111 8 10 0.022654125 
778 36 9 12 0.022614697 
925 303 9 12 0.022593193 
464 184 10 12 0.02255943 
607 592 23 24 0.02250811 
471 135 8 10 0.022440253 
577 238 9 12 0.022432394 
286 125 9 11 0.022425756 
822 151 8 9 0.022391869 
615 360 11 13 0.022332879 
691 311 8 11 0.022305269 
936 343 8 9 0.022261724 
568 182 8 11 0.0221992 
111 238 9 10 0.022194652 
583 192 9 12 0.022183847 
217 253 9 11 0.022179294 
978 137 7 10 0.022175055 
674 169 6 8 0.022174818 
742 191 9 11 0.022144642 
560 181 7 10 0.02211995 
288 171 9 11 0.022113465 
777 135 9 11 0.022112496 
495 164 7 10 0.022088975 
266 178 9 13 0.022051815 
672 293 9 10 0.022045895 
897 596 11 15 0.022039672 
623 188 7 10 0.022022756 
602 228 8 11 0.02197352 
736 126 8 11 0.021960964 
912 303 11 12 0.021947425 
650 196 8 12 0.021905458 
328 141 9 12 0.021792306 
264 127 10 12 0.021790214 
279 133 8 10 0.02178903 
375 156 8 10 0.021782827 
839 174 9 11 0.021765715 
600 206 7 10 0.021743013 
594 147 8 11 0.021725727 
506 78 8 10 0.021704836 
649 191 8 11 0.021605557 
950 134 7 10 0.021557724 
631 188 8 10 0.021513307 
374 151 8 11 0.021478573 
27 473 13 17 0.02146769 
759 207 8 10 0.021448627 
429 69 9 11 0.021437196 
562 151 7 9 0.021351233 
172 196 9 12 0.021268366 
563 580 23 33 0.021244854 
208 240 8 10 0.021227421 
903 46 10 14 0.021199163 
389 109 9 11 0.021165414 
952 125 8 10 0.021122767 
205 278 12 14 0.021116946 
103 630 104 94 0.021101678 
163 301 11 14 0.021074288 
1014 388 10 15 0.021063397 
286 198 9 12 0.02106258 
216 158 7 9 0.021025045 
511 213 8 10 0.02100288 
416 207 8 11 0.020995336 
593 181 8 10 0.020977065 
747 214 9 12 0.020972814 
722 283 9 12 0.02094673 
482 118 7 10 0.020935057 
689 200 7 10 0.02090267 
616 89 8 10 0.020866718 
493 152 10 12 0.020831328 
442 84 8 12 0.02081175 
349 103 10 12 0.020789566 
895 214 10 12 0.02078114 
454 221 9 11 0.020743104 
87 120 15 19 0.020742347 
390 153 8 10 0.020738145 
510 190 7 10 0.020729529 
832 181 8 10 0.020712962 
601 173 8 10 0.020712359 
767 199 8 10 0.020654842 
583 110 7 10 0.020647647 
882 120 8 10 0.020646136 
557 64 8 11 0.020609114 
214 173 8 10 0.020592485 
975 332 9 12 0.020524936 
865 158 7 9 0.020517983 
255 276 10 12 0.020494105 
312 152 8 9 0.020470584 
634 31 8 10 0.020470005 
626 21 7 9 0.020455489 
29 126 9 12 0.020452973 
575 184 8 10 0.020411065 
953 335 8 11 0.020400405 
915 41 13 15 0.020393629 
631 173 8 10 0.02038511 
957 347 10 13 0.020327376 
815 207 8 11 0.020326845 
574 120 7 10 0.020323232 
781 230 8 11 0.020322861 
265 201 9 11 0.020285616 
961 269 10 12 0.020283852 
726 205 9 12 0.020275403 
808 133 9 11 0.020275159 
314 171 8 12 0.020274382 
281 121 9 11 0.02025153 
430 85 10 13 0.020203589 
481 143 7 10 0.02016893 
710 262 10 12 0.020138731 
695 190 7 9 0.0201375 
433 189 10 13 0.020117702 
935 300 8 11 0.020092012 
464 116 9 11 0.020038646 
501 318 9 10 0.020031916 
934 326 9 12 0.020029113 
