0_Parade_Parade_0_29
90
542 164 59 75 0.99907315 
979 187 33 40 0.99846256 
802 167 42 48 0.9900047 
316 231 34 40 0.9878264 
239 235 22 27 0.9828629 
193 240 20 22 0.9674411 
487 234 16 19 0.9206833 
707 244 16 21 0.91987604 
161 249 16 18 0.8981988 
747 244 14 19 0.7919163 
293 244 14 17 0.78675747 
421 248 19 21 0.7147798 
358 242 13 16 0.5786312 
143 252 11 14 0.4595576 
587 239 24 27 0.33701897 
671 240 8 10 0.2748344 
422 224 11 13 0.23723696 
691 250 12 14 0.21164557 
406 243 11 15 0.14127593 
-101 352 651 333 0.1261391 
441 231 9 12 0.096577704 
219 252 12 14 0.090266414 
55 236 11 13 0.0870194 
725 219 12 15 0.078560285 
717 222 12 14 0.07805583 
292 249 16 23 0.069261864 
124 245 9 13 0.06515763 
102 249 9 12 0.0567534 
180 259 12 14 0.054695696 
511 245 11 13 0.054543357 
460 251 11 14 0.053372893 
417 223 10 12 0.048729062 
93 228 12 15 0.046855763 
676 238 10 12 0.046006333 
539 345 222 234 0.045407135 
25 227 22 28 0.044284787 
457 248 10 12 0.043863162 
454 237 11 12 0.04363708 
34 224 16 21 0.043541998 
653 245 10 12 0.04167664 
131 229 10 12 0.03774979 
79 227 9 12 0.037364937 
119 188 9 12 0.03638824 
-9 183 403 430 0.03523986 
349 242 23 27 0.034897972 
858 236 35 43 0.03170613 
336 282 23 32 0.030144833 
427 227 11 14 0.02999439 
709 234 22 27 0.029900482 
48 229 9 14 0.029874124 
459 181 392 447 0.02979029 
375 254 11 15 0.028461562 
431 249 16 19 0.028250255 
737 245 13 17 0.027385188 
599 243 15 18 0.027255796 
60 238 10 13 0.026947645 
446 236 10 11 0.026876725 
262 55 382 497 0.026019847 
90 220 13 16 0.025232924 
149 228 12 14 0.024742836 
503 243 13 16 0.024696395 
383 247 9 12 0.024415184 
858 238 19 24 0.024219936 
412 242 15 20 0.024051692 
170 252 13 16 0.023934959 
278 216 15 19 0.023599768 
417 223 20 23 0.023584682 
382 252 10 12 0.023563987 
421 234 14 19 0.023480702 
409 221 9 11 0.023397585 
97 247 10 12 0.023203107 
690 244 22 26 0.02298502 
918 438 101 182 0.022969235 
722 207 8 10 0.02257451 
118 247 13 15 0.022332663 
1012 14 10 14 0.022298543 
390 269 12 15 0.022066668 
196 213 12 14 0.021798564 
117 222 9 12 0.02174638 
416 249 33 43 0.021466188 
142 249 19 23 0.021061996 
508 247 16 19 0.020910462 
112 189 10 12 0.02081665 
423 264 14 18 0.020741675 
82 238 8 11 0.020691006 
666 242 9 13 0.020497704 
719 215 21 26 0.020481277 
726 242 12 18 0.020295909 
726 234 12 17 0.020184023 
726 207 8 10 0.020054145 
