0_Parade_Parade_0_286
54
609 599 112 101 0.9691103 
956 550 65 86 0.9613654 
532 545 18 23 0.89483064 
586 564 20 25 0.7204985 
901 529 18 21 0.5557371 
584 527 11 13 0.5029086 
902 516 16 18 0.2470502 
83 522 16 18 0.21774106 
945 504 11 13 0.18229921 
392 622 10 13 0.14893669 
348 506 15 20 0.13510232 
708 445 15 20 0.10525566 
505 420 10 13 0.10072858 
228 551 28 32 0.08791222 
79 549 22 32 0.07316224 
904 522 17 20 0.06714444 
591 517 10 12 0.06303731 
612 515 11 14 0.056240924 
453 528 15 19 0.05348688 
600 526 9 12 0.05301157 
19 562 13 20 0.049456798 
623 503 10 13 0.04895688 
574 540 10 13 0.04698614 
937 468 14 17 0.04572244 
552 539 13 16 0.041872285 
651 510 9 11 0.038368817 
524 469 10 12 0.03697937 
305 390 29 44 0.036803383 
515 537 14 18 0.03497747 
565 518 9 12 0.034489136 
447 525 12 18 0.032109097 
7 561 25 36 0.032086167 
539 518 8 11 0.030055549 
278 550 46 66 0.029111745 
933 460 27 31 0.027765391 
615 499 11 13 0.026902288 
287 579 26 37 0.02457531 
464 485 8 11 0.02448618 
960 500 13 16 0.024360167 
450 464 9 11 0.024211835 
580 539 11 14 0.022914251 
975 452 10 14 0.022397427 
596 512 10 12 0.022190465 
940 503 19 22 0.022169644 
400 648 46 53 0.022027982 
890 519 39 50 0.02192816 
79 554 33 42 0.021883497 
211 557 37 44 0.021218639 
536 522 11 15 0.021186292 
892 578 103 112 0.02107583 
0 574 25 41 0.020943541 
583 520 19 23 0.020694425 
437 521 11 16 0.0206916 
576 535 11 13 0.02038151 
