0_Parade_Parade_0_382
28
790 214 28 37 0.9993352 
593 136 37 46 0.9964939 
909 300 24 30 0.99243474 
449 235 46 53 0.98334324 
109 178 53 72 0.96701294 
246 325 12 16 0.16313845 
111 68 12 15 0.15458941 
84 90 28 39 0.12423083 
836 275 25 33 0.08020256 
90 103 16 21 0.06441376 
408 215 48 67 0.061500587 
965 125 12 15 0.055543814 
91 91 16 20 0.040521044 
967 307 11 15 0.03979717 
253 349 7 9 0.039127644 
660 127 34 51 0.03572721 
376 183 76 109 0.02678233 
704 211 37 46 0.024783934 
734 220 13 21 0.022838907 
411 640 16 15 0.022781413 
977 295 27 40 0.022749502 
972 389 13 17 0.022288708 
668 140 12 17 0.021859882 
326 490 14 17 0.021420728 
728 435 14 17 0.021378975 
647 132 31 46 0.021169385 
966 291 24 31 0.020910645 
364 476 12 16 0.020036235 
