0_Parade_Parade_0_68
204
501 417 12 16 0.7310553 
712 420 15 18 0.27850622 
615 269 8 11 0.17412865 
502 301 10 12 0.15251449 
663 285 9 12 0.14120418 
116 372 12 15 0.13518602 
752 285 8 11 0.13095866 
498 461 12 15 0.12093043 
453 391 10 13 0.11984175 
55 229 13 17 0.09194394 
198 230 10 12 0.08925843 
317 243 12 14 0.08840578 
407 413 14 17 0.08537365 
410 299 10 13 0.08456585 
256 212 9 11 0.08238737 
525 366 9 13 0.07896815 
450 358 8 10 0.07349318 
272 447 8 12 0.07226752 
800 385 9 10 0.06631552 
729 365 9 12 0.065090165 
393 475 13 16 0.06169734 
636 382 12 14 0.061374497 
712 387 9 12 0.05891081 
323 507 16 18 0.05794838 
290 367 8 11 0.057547152 
153 356 9 12 0.056534223 
392 326 7 10 0.056211866 
486 431 10 12 0.05424651 
391 376 9 11 0.05364274 
129 188 9 13 0.053187847 
580 304 431 543 0.053036638 
473 269 7 10 0.05274688 
310 152 9 11 0.051060207 
303 376 9 13 0.048912197 
415 270 11 14 0.0485939 
670 340 9 12 0.04729045 
326 341 8 11 0.047224373 
666 392 8 11 0.046301395 
450 443 13 15 0.0456826 
132 364 10 13 0.045629874 
438 381 8 10 0.0455508 
101 375 9 12 0.045482885 
429 393 9 10 0.04444174 
504 479 11 13 0.04354609 
514 292 9 11 0.043468546 
693 414 8 10 0.04100993 
620 151 9 11 0.040872987 
520 447 9 13 0.040286295 
232 188 9 12 0.039992552 
425 289 8 10 0.03992616 
278 235 9 12 0.03971363 
798 451 11 14 0.039638586 
274 397 10 14 0.039383415 
809 390 8 11 0.03909151 
790 420 9 12 0.038577706 
413 376 9 11 0.03811288 
309 365 10 12 0.03738973 
261 214 9 11 0.037361067 
513 270 7 10 0.036697775 
424 392 8 10 0.035851214 
430 293 8 10 0.0353414 
145 158 7 9 0.03489533 
463 271 8 11 0.034737892 
597 532 16 20 0.03463918 
405 395 10 13 0.03353093 
178 326 10 13 0.033257872 
799 318 11 13 0.033108857 
536 384 9 11 0.032451466 
288 343 10 14 0.032314807 
247 381 12 15 0.0321273 
757 304 9 11 0.03208334 
248 225 8 10 0.031974036 
81 220 7 10 0.031770427 
436 365 9 11 0.030776832 
845 52 9 12 0.030645104 
271 222 7 9 0.030555172 
604 156 10 12 0.030443013 
322 349 10 14 0.030322094 
649 401 10 12 0.030097378 
-66 295 395 536 0.029850313 
183 198 8 9 0.02966871 
743 221 8 11 0.029535038 
784 477 11 14 0.02950868 
88 182 11 14 0.02870232 
662 309 8 10 0.028363483 
262 395 9 13 0.02834211 
525 396 8 10 0.028292214 
689 412 9 11 0.028171077 
237 188 9 12 0.028155612 
391 388 9 11 0.028062358 
344 344 8 11 0.028062014 
322 485 8 11 0.027978718 
314 389 7 10 0.027962085 
335 365 9 12 0.027960023 
693 221 9 11 0.027865393 
590 406 9 11 0.027794108 
540 388 9 11 0.027697371 
429 289 8 10 0.02744207 
71 234 12 15 0.027367985 
298 380 9 14 0.027046066 
623 271 9 11 0.026673166 
653 377 11 13 0.026627548 
110 280 8 10 0.02647504 
95 339 11 14 0.026351841 
479 559 9 12 0.026348466 
637 373 12 16 0.026146196 
424 396 9 11 0.026114063 
500 456 12 15 0.026069764 
240 373 9 12 0.02598124 
225 232 8 10 0.025932858 
576 292 7 10 0.025830558 
512 264 8 10 0.025588306 
389 292 11 12 0.025513213 
510 276 9 12 0.025388286 
534 280 8 10 0.02526144 
158 200 8 10 0.025212336 
264 70 9 11 0.024993176 
312 413 10 14 0.024913147 
353 382 9 11 0.024817862 
825 411 9 12 0.024650265 
358 540 13 16 0.02464003 
472 445 9 12 0.02457222 
727 421 10 14 0.024273839 
221 334 9 13 0.023859404 
810 396 8 11 0.023852285 
304 190 8 11 0.023839554 
407 407 11 14 0.023838095 
432 302 9 11 0.023793936 
520 423 8 10 0.02377896 
511 398 8 11 0.023721542 
547 269 7 10 0.023654366 
545 284 8 10 0.023599017 
520 384 9 10 0.023441773 
460 310 10 11 0.023311915 
797 287 9 12 0.023305858 
642 429 12 14 0.023302134 
452 414 11 13 0.023283593 
278 375 9 11 0.023175398 
849 432 9 11 0.023002744 
110 349 8 10 0.022955442 
416 263 9 10 0.022923132 
399 366 9 10 0.022916507 
470 396 10 13 0.022871269 
223 189 8 12 0.022848673 
142 367 9 11 0.022756124 
520 463 8 11 0.02274017 
254 331 8 11 0.022719292 
530 280 8 10 0.022705268 
216 216 9 11 0.022668572 
482 431 9 12 0.022666993 
166 375 9 11 0.022619057 
580 533 9 12 0.022579696 
785 348 11 14 0.022522029 
420 274 10 13 0.022424595 
103 359 9 12 0.022356443 
85 351 9 12 0.02208459 
199 161 9 10 0.022071881 
842 291 8 11 0.021967394 
462 379 10 12 0.021889724 
183 183 7 8 0.021841079 
132 183 12 16 0.021823887 
397 432 10 11 0.021811979 
576 367 7 9 0.021810357 
208 184 7 10 0.021807006 
194 230 8 11 0.02165494 
479 394 11 14 0.021607839 
506 279 8 10 0.021587647 
528 383 8 11 0.021547731 
129 358 10 14 0.02153736 
777 96 10 13 0.02143247 
688 467 11 15 0.0213424 
413 406 11 15 0.02132623 
169 360 8 9 0.021204345 
696 356 8 10 0.021193415 
585 341 9 13 0.021119809 
222 215 8 11 0.021074086 
455 557 9 11 0.020941842 
530 349 7 10 0.02092714 
457 276 9 11 0.020848453 
728 390 8 10 0.020746494 
623 284 10 13 0.020730177 
177 374 9 12 0.020715486 
487 448 8 11 0.020669157 
343 364 9 12 0.020642528 
60 215 10 13 0.020614121 
463 302 8 10 0.020604515 
798 365 10 14 0.020591903 
420 438 11 15 0.02049482 
464 432 9 11 0.020484325 
584 364 8 10 0.020470925 
506 414 12 15 0.02046692 
704 287 9 13 0.020445239 
485 462 10 13 0.020406483 
470 439 10 13 0.020373445 
438 429 8 11 0.020347744 
135 382 9 11 0.020209784 
328 221 8 10 0.020190163 
246 190 8 10 0.02015334 
817 427 10 12 0.020152718 
215 221 8 10 0.020111289 
216 358 9 11 0.020086924 
720 401 9 11 0.0200548 
416 476 12 15 0.020047868 
59 220 12 15 0.020036902 
