0_Parade_marchingband_1_439
174
133 561 38 69 0.9312151 
131 455 15 22 0.62454134 
915 486 32 49 0.6030187 
2 462 16 25 0.4307862 
74 466 12 15 0.39388445 
143 430 11 11 0.3553893 
311 470 16 25 0.3133555 
476 446 17 24 0.2282169 
946 409 14 17 0.2184501 
11 437 12 16 0.16413799 
492 449 14 19 0.15261137 
472 419 11 13 0.13210656 
267 450 12 14 0.12653618 
415 479 15 21 0.12322202 
152 552 46 67 0.122990936 
277 415 8 11 0.12146663 
268 430 10 13 0.11857679 
13 429 8 11 0.10940769 
483 443 16 24 0.10311702 
305 420 9 12 0.09960651 
1 428 7 12 0.09691335 
133 435 10 13 0.094068274 
346 501 17 21 0.09360436 
88 462 19 22 0.08985542 
148 441 13 17 0.087263644 
529 419 8 11 0.08334675 
27 430 9 11 0.0808843 
746 416 10 12 0.07869285 
553 413 9 12 0.07312125 
544 533 56 105 0.07282506 
681 397 10 13 0.07271892 
290 424 9 11 0.07036501 
485 453 18 23 0.06984583 
19 480 18 25 0.066052474 
135 431 11 13 0.065822154 
413 402 10 13 0.061566684 
68 423 9 11 0.061074637 
510 415 10 12 0.060227178 
246 427 9 13 0.059562452 
773 365 10 13 0.058147624 
25 477 22 27 0.057645295 
429 495 15 19 0.05708373 
893 463 28 33 0.05682135 
139 450 15 22 0.053711377 
143 434 14 16 0.05292977 
367 364 13 16 0.052783165 
417 483 21 27 0.052679557 
735 404 10 12 0.049163267 
280 437 10 13 0.04847559 
58 451 15 18 0.04658138 
726 628 48 86 0.04646828 
219 421 12 14 0.04445707 
438 535 17 22 0.04379208 
34 478 23 28 0.0436272 
144 474 13 16 0.04298903 
168 422 10 12 0.042079464 
167 390 11 14 0.041571483 
135 460 20 27 0.040868197 
704 369 13 16 0.040867176 
757 430 11 15 0.040665507 
494 413 9 10 0.040497378 
329 494 29 35 0.039812926 
976 397 12 16 0.039076384 
86 428 11 14 0.039009683 
288 428 10 12 0.03883971 
58 444 13 15 0.03816432 
390 440 10 12 0.03724389 
599 452 30 37 0.03722175 
232 199 8 10 0.037017804 
144 530 45 55 0.03659419 
719 399 10 13 0.03619543 
240 429 9 13 0.036048193 
545 422 9 11 0.035581972 
506 419 9 12 0.035274625 
323 472 15 22 0.03485236 
551 407 9 12 0.034657978 
448 443 12 16 0.033769336 
75 445 11 14 0.033438683 
969 454 15 17 0.033308778 
296 446 13 15 0.032717943 
541 468 26 34 0.032375466 
709 419 11 13 0.03222114 
316 475 20 30 0.03141155 
166 570 48 58 0.03136135 
775 394 12 16 0.031184278 
752 435 10 13 0.030782461 
206 422 10 14 0.030658195 
0 569 31 45 0.030653981 
129 432 9 12 0.030497802 
341 430 11 14 0.030431481 
413 435 8 11 0.030267697 
961 652 52 107 0.03013617 
587 458 14 19 0.029764624 
550 422 8 11 0.029623266 
113 429 8 11 0.02955574 
533 416 9 11 0.02946566 
931 405 11 14 0.029409597 
332 469 22 29 0.029244648 
66 448 19 25 0.029034458 
1012 382 11 15 0.028726485 
185 423 8 12 0.028484605 
552 461 12 16 0.028219528 
147 447 15 21 0.02801801 
497 445 12 17 0.027679207 
718 450 15 22 0.027368624 
233 431 10 13 0.027368288 
117 585 36 52 0.027360542 
520 432 8 11 0.027279552 
53 454 15 20 0.027055668 
304 425 11 14 0.027024487 
119 429 7 10 0.026874706 
401 524 21 30 0.026759677 
253 422 9 12 0.026704524 
1 549 18 23 0.026575143 
476 415 11 14 0.026270973 
280 444 10 13 0.026225777 
392 422 8 11 0.02621881 
443 572 26 43 0.026093297 
48 522 40 57 0.026028583 
453 415 10 11 0.02580846 
299 449 15 19 0.025784768 
167 447 11 14 0.025616057 
660 434 19 29 0.02556385 
81 421 10 12 0.025539778 
429 442 10 14 0.025527872 
25 436 9 13 0.025467398 
686 413 15 18 0.025432395 
882 404 13 16 0.025188055 
25 445 9 12 0.025134958 
43 474 19 23 0.025014471 
46 424 14 18 0.02497358 
210 493 51 53 0.024557617 
465 413 9 11 0.02420028 
903 469 30 39 0.024194408 
259 396 11 14 0.024094164 
89 437 9 12 0.02396237 
158 413 10 14 0.02379542 
332 506 16 20 0.023556478 
263 423 10 13 0.02345412 
132 441 15 20 0.023346296 
56 539 46 60 0.0231729 
413 520 21 30 0.023096025 
262 449 19 23 0.02283135 
830 435 10 14 0.022745611 
91 449 16 20 0.022651061 
669 440 21 26 0.022646764 
518 414 8 11 0.022457507 
64 428 9 12 0.022394247 
258 390 8 10 0.022221787 
468 443 18 23 0.021879328 
112 438 9 11 0.021844849 
1013 397 10 16 0.021575851 
405 483 16 19 0.021506 
447 439 18 26 0.021437481 
482 503 17 22 0.02137168 
435 413 8 11 0.021288533 
882 422 12 13 0.021145677 
200 424 10 12 0.021094833 
556 466 14 19 0.021047536 
733 413 9 12 0.020995518 
837 406 11 15 0.02099432 
309 426 10 14 0.020942487 
256 467 12 18 0.020881856 
720 326 9 12 0.020830045 
546 407 8 10 0.02081615 
926 600 91 161 0.020795299 
309 416 10 13 0.020786406 
389 541 17 21 0.020667413 
236 435 9 12 0.020567672 
545 414 8 11 0.020567404 
153 476 15 18 0.02047429 
874 451 43 47 0.02038171 
190 424 8 10 0.020123135 
963 419 12 15 0.020035513 
