0_Parade_Parade_0_43
656
490 223 17 21 0.984897 
771 461 18 21 0.9793555 
545 290 18 21 0.9746996 
187 387 20 23 0.9741256 
677 449 19 23 0.9675152 
884 464 18 21 0.9674463 
655 350 19 23 0.9667421 
755 401 18 23 0.9605569 
444 449 18 22 0.95843834 
11 482 18 20 0.95463794 
306 357 20 23 0.9481656 
201 453 19 22 0.94224423 
30 510 20 23 0.94029313 
703 378 18 21 0.9392991 
385 341 18 21 0.93245184 
265 514 20 23 0.93068355 
549 449 19 22 0.92461056 
811 435 17 21 0.91777766 
398 512 21 25 0.9160866 
715 517 18 22 0.91430765 
151 507 21 25 0.91276264 
253 377 21 24 0.9082631 
942 521 20 23 0.9038842 
440 288 17 22 0.87812567 
501 394 19 22 0.8775357 
310 454 18 22 0.8750603 
134 428 20 23 0.8704877 
76 455 19 22 0.8649595 
825 518 17 21 0.8626661 
598 343 19 22 0.85423017 
603 511 20 25 0.82617366 
500 512 20 24 0.8138673 
793 386 15 18 0.6747006 
748 261 12 15 0.62280846 
247 345 14 17 0.58178145 
838 357 12 17 0.5607572 
773 382 13 16 0.55808395 
707 275 12 17 0.55712336 
747 322 14 17 0.5406784 
143 277 9 11 0.53797317 
703 335 9 13 0.5376281 
148 404 13 15 0.524283 
734 286 11 15 0.52163637 
978 323 9 12 0.49233195 
172 274 12 14 0.4636823 
661 317 10 13 0.3985881 
114 269 10 14 0.33689907 
346 238 9 13 0.3347853 
848 293 10 13 0.32803962 
926 262 11 14 0.323995 
809 261 9 13 0.30762303 
805 324 12 15 0.29239315 
849 324 10 13 0.2872066 
825 270 10 13 0.27129835 
629 327 16 22 0.26522905 
926 358 11 13 0.2587729 
303 231 8 11 0.25111565 
802 362 12 16 0.24697427 
839 254 10 14 0.24627887 
523 316 16 21 0.24522659 
604 299 11 15 0.22246905 
871 318 13 17 0.20276535 
64 236 8 10 0.19144323 
366 283 10 14 0.18634324 
870 230 11 13 0.18354134 
743 195 10 13 0.17153433 
216 275 9 11 0.1708142 
726 316 10 13 0.16428085 
922 500 14 18 0.16239926 
38 256 9 12 0.16023967 
901 373 11 13 0.15546829 
821 371 11 15 0.15502036 
716 167 9 12 0.15150137 
903 324 11 14 0.14870946 
73 223 9 11 0.14575592 
901 316 11 15 0.14380597 
895 317 11 16 0.12930135 
895 297 8 11 0.12745431 
68 316 10 12 0.12367227 
852 223 10 13 0.120397545 
581 261 9 10 0.11973262 
741 318 14 17 0.11704723 
791 270 11 13 0.11700949 
637 300 12 16 0.11655876 
921 279 8 11 0.114967965 
820 314 11 14 0.114561945 
781 352 11 14 0.114376724 
921 375 9 13 0.10911681 
565 262 10 14 0.10850597 
614 297 14 18 0.107728034 
303 311 11 15 0.106768146 
712 348 11 13 0.10665452 
886 375 9 12 0.104660876 
606 240 11 13 0.104631655 
702 261 9 11 0.10445745 
937 331 10 13 0.10434182 
584 585 12 16 0.102822155 
194 279 9 13 0.102088146 
774 316 10 13 0.10170975 
994 254 9 11 0.101129636 
581 193 8 11 0.10014549 
950 255 10 13 0.09927169 
0 259 7 14 0.09795276 
912 348 11 14 0.09785309 
294 283 11 13 0.09584291 
601 256 9 11 0.09083515 
877 404 11 14 0.08909324 
278 252 9 11 0.08896615 
674 310 9 12 0.08768582 
335 229 9 12 0.08614581 
4 516 15 18 0.085596055 
238 271 10 13 0.08483271 
887 269 8 11 0.08378145 
39 132 8 11 0.08377297 
982 247 8 9 0.08297474 
859 493 23 27 0.08201891 
391 304 10 11 0.08095963 
62 254 9 11 0.07972825 
680 270 10 12 0.0788792 
705 189 10 12 0.07854393 
260 256 10 11 0.0776597 
726 180 8 10 0.07724548 
830 294 9 12 0.07723296 
639 292 12 16 0.07718955 
966 255 9 12 0.07714337 
754 291 8 12 0.07620343 
264 236 8 11 0.07355107 
813 149 8 10 0.073474646 
736 168 8 10 0.07272981 
786 243 9 12 0.07231847 
806 276 9 12 0.0713212 
959 254 11 14 0.06988082 
5 276 12 15 0.068926245 
852 414 10 14 0.06862165 
350 307 11 15 0.06844642 
907 327 11 13 0.06775819 
746 215 9 11 0.06680034 
729 244 8 11 0.06656359 
253 276 10 13 0.065967776 
366 171 13 16 0.06588096 
766 301 9 11 0.06448741 
911 403 11 14 0.06429564 
134 268 9 11 0.06389903 
234 275 9 12 0.06360962 
155 256 8 9 0.061919402 
778 161 9 11 0.061725397 
745 469 10 13 0.061041806 
815 332 11 15 0.060351647 
935 246 9 12 0.05984848 
807 269 10 12 0.059813995 
869 599 11 13 0.059645616 
903 311 10 12 0.059340384 
888 359 9 11 0.057394113 
1 586 12 19 0.05695674 
653 205 8 11 0.05659154 
21 261 9 12 0.056558322 
750 197 10 12 0.05623351 
910 276 8 11 0.056145445 
790 326 9 12 0.05610768 
671 300 9 12 0.056107134 
338 224 8 11 0.055978917 
709 314 10 13 0.05501167 
656 278 11 13 0.05486954 
317 318 12 15 0.054101992 
941 360 10 12 0.053685773 
909 256 9 12 0.052962568 
933 300 10 12 0.05276106 
934 359 9 12 0.052466724 
118 251 10 12 0.052400578 
951 243 9 12 0.052006215 
921 356 11 14 0.051937003 
234 212 8 11 0.05155318 
274 184 7 9 0.050818916 
896 342 12 17 0.04977056 
993 319 8 10 0.049352735 
70 214 10 13 0.048894107 
671 220 9 12 0.048867542 
94 268 9 11 0.048747037 
999 309 9 12 0.048664294 
169 272 10 12 0.048162103 
815 310 12 14 0.048127092 
901 189 8 9 0.047540832 
847 261 9 12 0.047244444 
733 263 9 12 0.046442717 
865 263 8 10 0.04639089 
854 347 12 15 0.046239957 
721 207 9 11 0.04623151 
776 354 13 17 0.046194315 
96 228 8 12 0.045835543 
310 184 8 10 0.045641806 
612 293 24 30 0.045469094 
110 451 24 30 0.045366988 
724 447 9 11 0.045061428 
957 260 9 11 0.04502125 
993 420 11 14 0.044889323 
362 550 10 12 0.04481998 
757 287 9 11 0.0447386 
341 222 9 12 0.044407804 
64 279 9 13 0.04427092 
310 301 10 13 0.044208463 
735 206 9 13 0.043922596 
839 369 11 14 0.043903247 
583 270 11 14 0.043776795 
172 279 13 17 0.043652736 
69 279 10 13 0.043435957 
249 224 9 12 0.04332104 
362 279 10 13 0.043069433 
325 279 10 12 0.04253492 
870 262 8 10 0.042470135 
277 383 17 21 0.04213138 
622 268 7 10 0.04207997 
279 286 9 11 0.04191614 
875 311 13 14 0.041605245 
806 136 7 8 0.040576365 
837 317 11 14 0.040520463 
637 269 9 12 0.04041534 
421 478 23 27 0.040336914 
263 192 7 9 0.040165614 
813 187 9 12 0.04010595 
788 415 11 15 0.040079415 
334 235 9 12 0.04001266 
307 308 11 14 0.039623167 
997 317 9 12 0.03956278 
669 215 9 12 0.03951583 
281 291 9 12 0.039121676 
981 293 9 11 0.038892217 
923 379 10 13 0.03888879 
641 288 9 12 0.038879994 
582 275 13 18 0.038751107 
328 167 9 12 0.03873649 
24 204 8 10 0.0387211 
912 548 30 37 0.03865434 
644 297 12 16 0.038503397 
183 261 8 10 0.03844181 
658 168 8 9 0.03841029 
685 272 8 10 0.03835872 
100 137 14 16 0.03826387 
671 278 9 12 0.03822538 
967 490 15 18 0.038112044 
729 140 8 11 0.038066808 
927 298 11 15 0.038047135 
1011 204 12 18 0.038033407 
798 184 8 11 0.037938867 
606 260 9 11 0.037826844 
308 316 13 16 0.037375815 
684 327 11 13 0.03733231 
365 533 22 29 0.03726143 
367 205 12 15 0.03725552 
768 158 8 10 0.037213024 
47 591 9 11 0.03712262 
621 324 15 21 0.036910806 
170 372 13 15 0.036890835 
866 278 8 11 0.036668405 
773 276 8 11 0.036206186 
570 205 7 10 0.03596773 
730 230 9 11 0.03594746 
159 259 9 11 0.035899527 
710 353 14 16 0.03579663 
708 341 13 15 0.035756875 
725 323 12 16 0.035657633 
566 254 9 12 0.035639606 
756 198 8 11 0.03549997 
22 277 12 14 0.035392642 
740 460 12 15 0.03525368 
746 238 8 10 0.03520828 
717 254 8 11 0.03511497 
342 273 8 10 0.035060856 
881 270 7 11 0.035059024 
272 237 8 10 0.035032965 
59 491 16 19 0.035004895 
983 216 8 10 0.034949403 
672 269 10 12 0.034947652 
112 118 9 11 0.034884214 
908 312 11 12 0.034751073 
729 268 9 11 0.034587547 
475 536 30 33 0.034567736 
307 167 8 10 0.034542736 
97 213 8 10 0.03450226 
261 277 11 13 0.03448535 
951 190 9 11 0.034482766 
840 248 10 14 0.034463614 
685 286 11 14 0.034457423 
588 293 10 14 0.03433897 
333 264 9 11 0.034203574 
857 365 10 12 0.034203373 
671 284 9 11 0.034147087 
50 191 9 11 0.034128517 
623 333 14 20 0.034050327 
321 128 9 10 0.033986885 
320 279 9 12 0.033976816 
312 218 9 12 0.03392932 
946 256 8 11 0.033764124 
765 308 10 14 0.033732925 
877 231 10 12 0.033721805 
714 171 9 12 0.033657845 
93 247 9 12 0.03358149 
517 238 9 13 0.033531614 
791 264 11 13 0.03344944 
862 303 10 13 0.03342685 
776 175 8 10 0.033424277 
342 230 11 15 0.033422813 
200 271 9 11 0.033280335 
857 247 8 10 0.03324889 
809 236 9 12 0.033103924 
33 175 9 12 0.033043884 
260 348 13 16 0.03295864 
561 265 11 14 0.0327666 
130 264 8 11 0.032760363 
11 275 13 16 0.03268161 
998 259 9 12 0.032655325 
246 270 9 12 0.03246527 
736 433 24 27 0.032444496 
103 231 9 12 0.03238559 
219 271 10 13 0.032313712 
755 260 10 14 0.032214236 
345 310 9 12 0.03211742 
676 259 11 14 0.031988904 
137 212 8 11 0.031841036 
863 248 7 9 0.031784333 
229 243 11 14 0.03173361 
616 264 9 10 0.031678874 
260 285 12 14 0.03155124 
228 238 11 13 0.031526964 
694 205 12 14 0.031376533 
871 254 9 11 0.0312857 
237 300 12 15 0.031271376 
478 275 25 28 0.031144083 
766 384 16 18 0.031142805 
761 271 8 10 0.03098718 
360 156 9 11 0.030953187 
780 357 15 18 0.030815057 
887 213 11 13 0.03079286 
600 280 8 12 0.030696606 
121 586 13 16 0.030646335 
717 278 11 14 0.030644612 
311 269 8 11 0.030592805 
23 269 10 13 0.030578291 
349 332 10 14 0.03047517 
904 287 8 10 0.030320423 
65 212 8 11 0.030251287 
327 302 9 11 0.030168567 
861 401 11 14 0.030086938 
741 311 10 12 0.030077875 
871 277 8 10 0.030067695 
773 191 8 10 0.029934086 
216 283 10 14 0.029753515 
171 421 13 15 0.02975084 
630 300 12 14 0.029622411 
168 399 11 13 0.029563788 
310 295 10 13 0.029525291 
526 310 25 30 0.029502138 
898 318 18 23 0.029478958 
833 317 10 13 0.029462578 
855 307 10 13 0.029326929 
601 198 8 10 0.029300904 
740 361 14 20 0.02927987 
1014 303 8 12 0.029150318 
577 214 8 10 0.029125068 
703 310 12 15 0.029119065 
767 152 7 10 0.029119028 
807 309 9 12 0.029118003 
278 280 9 12 0.02907421 
401 642 10 13 0.029033244 
969 309 9 12 0.029027527 
681 287 10 12 0.029025227 
51 198 8 10 0.028997071 
872 367 9 11 0.0289562 
653 230 10 13 0.028918352 
778 385 13 16 0.02885729 
637 230 9 11 0.028786905 
652 491 25 30 0.028722944 
299 231 8 11 0.028715549 
826 175 9 12 0.028700178 
172 197 10 11 0.028614394 
132 501 12 15 0.028597843 
854 263 8 10 0.028581994 
679 163 8 12 0.028480833 
768 315 11 15 0.028413158 
841 361 13 17 0.028411923 
278 259 9 12 0.028379105 
717 355 13 16 0.028316686 
957 310 8 11 0.02828175 
310 167 9 11 0.028209312 
329 264 9 11 0.028152244 
39 244 10 12 0.028061522 
760 213 8 10 0.028056215 
573 207 8 10 0.02803383 
899 230 8 11 0.028010046 
703 269 11 14 0.028006949 
557 208 8 11 0.028003987 
604 295 20 25 0.02795456 
737 340 9 12 0.02786622 
737 317 10 14 0.027856302 
214 253 8 12 0.027639268 
728 284 11 15 0.027635531 
886 364 10 13 0.027454708 
32 260 9 12 0.02740176 
745 267 10 12 0.027395895 
759 277 9 10 0.027384976 
761 301 10 13 0.027341682 
34 221 9 12 0.027331112 
318 221 9 11 0.027299158 
662 283 9 12 0.02724323 
221 165 9 11 0.027175548 
1014 320 7 13 0.027075956 
791 459 14 18 0.027016884 
932 269 9 11 0.026995294 
673 254 9 11 0.026964137 
815 158 10 13 0.026945554 
192 238 8 11 0.026865065 
672 316 9 11 0.026821226 
577 339 15 20 0.0267584 
828 273 10 13 0.026702218 
790 320 10 12 0.026668437 
166 261 8 11 0.026668407 
775 272 8 11 0.026608713 
757 484 13 16 0.026576314 
840 322 11 14 0.026533792 
796 467 14 18 0.026532212 
229 402 24 28 0.026408216 
205 259 10 13 0.02640048 
909 373 10 13 0.026368001 
231 363 19 28 0.026350569 
3 516 24 33 0.026347516 
679 276 9 11 0.026341822 
863 392 10 13 0.026335165 
123 207 6 9 0.026306052 
101 278 9 12 0.026303288 
800 245 9 12 0.02627252 
1009 324 9 11 0.02624441 
18 247 7 9 0.026239209 
739 153 7 9 0.0262307 
721 330 11 16 0.026155971 
767 271 10 12 0.02613811 
342 316 10 13 0.026057018 
677 303 10 13 0.025983749 
249 348 18 21 0.025921082 
791 331 10 13 0.02591867 
918 590 10 13 0.025882535 
760 229 8 10 0.025846882 
793 169 8 9 0.025828823 
861 350 9 12 0.025763094 
288 285 10 13 0.025760889 
581 272 21 29 0.025744146 
203 262 8 11 0.02572918 
20 223 8 10 0.025703622 
269 294 10 12 0.02557443 
273 206 9 12 0.025572963 
872 271 9 11 0.025389701 
463 549 9 12 0.025376182 
738 255 7 9 0.025344597 
369 582 11 14 0.02529082 
769 262 9 11 0.025289176 
25 461 10 14 0.025277918 
955 239 9 11 0.025274815 
840 292 10 14 0.025174202 
631 619 11 13 0.025112573 
753 387 22 27 0.025089825 
678 346 14 19 0.024993874 
623 291 20 26 0.0248277 
221 284 10 14 0.024818677 
863 372 9 11 0.024808135 
306 329 14 16 0.024790512 
805 539 14 18 0.024726797 
917 484 13 15 0.024717903 
739 290 11 15 0.024709221 
549 175 8 10 0.02468635 
586 283 14 17 0.024650624 
691 418 13 15 0.024620932 
855 355 13 16 0.024575315 
743 367 21 24 0.02456491 
262 290 12 14 0.024524959 
273 187 8 12 0.024452187 
242 347 12 15 0.024403308 
665 300 10 12 0.024403183 
808 214 8 10 0.02437957 
204 300 12 15 0.024337519 
719 284 10 12 0.024332294 
290 269 8 9 0.024321992 
330 231 8 11 0.024309475 
677 315 10 12 0.02430517 
370 538 28 31 0.02418672 
997 370 11 15 0.024108484 
723 358 13 15 0.02410199 
935 212 8 11 0.024088671 
468 249 25 27 0.024064094 
59 236 8 11 0.024061916 
344 288 7 10 0.024015903 
32 640 12 16 0.023999227 
983 270 9 11 0.02398713 
208 254 10 13 0.023937056 
653 479 24 28 0.023858292 
861 503 25 31 0.023818325 
124 533 15 19 0.023806997 
678 223 8 10 0.02372818 
139 277 9 12 0.023700437 
880 286 8 10 0.023683198 
239 264 9 11 0.023659242 
391 580 13 15 0.023639074 
917 493 16 19 0.023583777 
885 172 9 13 0.023499707 
304 302 10 13 0.023472061 
418 319 18 20 0.023464318 
653 300 9 12 0.023435153 
72 227 10 12 0.02335274 
153 166 8 11 0.02335213 
582 238 10 12 0.023349715 
67 237 10 11 0.023332132 
820 205 11 13 0.02330532 
665 582 10 12 0.023224514 
38 216 8 9 0.02321212 
312 173 8 10 0.023188315 
352 137 8 9 0.023184545 
735 281 10 12 0.023136938 
810 324 13 17 0.023117283 
277 232 8 11 0.023116253 
878 365 9 12 0.023115382 
797 531 25 34 0.023009527 
613 284 10 12 0.022944342 
103 271 7 10 0.022851786 
649 276 11 14 0.022845665 
120 222 8 10 0.022826264 
330 237 8 9 0.022727668 
184 236 7 11 0.022696579 
944 260 9 11 0.02268289 
261 271 11 13 0.022659296 
669 189 8 11 0.022636363 
887 208 10 11 0.02263499 
708 453 10 12 0.022594739 
639 290 20 25 0.02257565 
336 269 9 11 0.022552924 
818 335 15 18 0.02254594 
246 149 9 11 0.022532618 
102 224 10 12 0.02252129 
811 255 11 14 0.02251871 
305 271 8 11 0.022485994 
603 205 7 10 0.022485062 
726 493 11 13 0.022454804 
1008 174 8 11 0.022452282 
909 344 19 24 0.022443183 
178 482 25 29 0.022422807 
684 342 10 13 0.022404063 
214 148 8 10 0.022395594 
117 264 11 13 0.022385355 
614 354 13 17 0.022358835 
308 215 8 11 0.022356492 
905 259 9 11 0.022318773 
800 276 9 12 0.022303898 
953 183 10 12 0.022284223 
768 325 9 12 0.022270119 
578 257 8 10 0.022269556 
753 182 9 10 0.022257948 
282 386 22 25 0.022255689 
590 208 7 10 0.022250658 
559 238 9 12 0.022243507 
687 553 8 11 0.022242889 
936 251 9 11 0.0222383 
303 295 9 10 0.022224883 
577 370 23 27 0.022188343 
743 254 8 11 0.022138892 
360 206 11 14 0.022122096 
791 554 12 14 0.022060402 
966 200 8 10 0.022055918 
809 143 8 11 0.021984397 
657 312 11 14 0.021980029 
998 325 9 11 0.021949636 
679 205 9 11 0.021921517 
319 167 9 12 0.02190038 
709 184 10 12 0.021883845 
271 279 8 10 0.021865116 
466 580 10 13 0.021859765 
810 184 9 12 0.021823384 
534 351 27 32 0.02179514 
238 246 8 10 0.021766089 
319 588 13 15 0.02176476 
134 396 11 14 0.02171512 
311 237 8 11 0.02168075 
136 188 8 11 0.021636056 
2 158 8 12 0.021634249 
798 590 11 14 0.02159198 
593 182 7 9 0.021555997 
94 126 8 11 0.02155128 
112 220 8 11 0.021544946 
361 221 10 12 0.02154141 
862 356 9 13 0.0215154 
936 316 9 12 0.02151194 
944 245 8 11 0.021497034 
280 190 8 11 0.021475628 
229 231 10 12 0.021464737 
953 232 8 9 0.021431437 
137 207 10 12 0.021426799 
926 279 9 11 0.021419225 
994 428 12 14 0.021401843 
884 229 10 12 0.021373488 
902 293 8 11 0.021363353 
784 176 8 10 0.021356318 
126 207 8 10 0.021338651 
892 355 11 14 0.021329066 
851 320 12 15 0.021273896 
831 207 8 10 0.021233216 
889 322 11 15 0.021232637 
708 549 13 16 0.021223884 
816 287 9 11 0.02119753 
350 288 8 10 0.02119299 
879 248 9 11 0.02118841 
929 333 10 13 0.021158773 
736 324 10 14 0.021124009 
928 317 8 12 0.021108722 
907 273 8 10 0.021100529 
914 181 8 10 0.021099761 
685 277 10 11 0.021075489 
205 270 10 13 0.02106323 
1000 334 8 10 0.021020748 
984 251 9 12 0.021016488 
885 218 12 15 0.020995945 
801 142 8 10 0.02096445 
814 302 11 13 0.020947795 
831 167 9 11 0.020917797 
740 485 13 16 0.020912206 
891 295 9 13 0.020909369 
197 294 12 15 0.020890262 
471 262 27 28 0.020873262 
849 269 8 10 0.02086193 
825 294 10 12 0.020841902 
861 211 10 13 0.02082417 
697 310 10 12 0.020822866 
911 205 8 10 0.020809485 
865 322 12 16 0.020790294 
747 375 22 25 0.02077439 
150 236 8 11 0.020774243 
623 176 7 10 0.020760842 
960 246 8 11 0.020751992 
873 248 8 11 0.020723984 
888 254 7 9 0.020676991 
790 150 7 10 0.020639695 
855 253 9 11 0.02060132 
91 264 8 12 0.020600373 
942 285 8 11 0.02055788 
962 201 7 9 0.020556994 
861 366 10 13 0.02054046 
101 213 9 10 0.0205021 
286 158 8 11 0.020496115 
159 270 9 11 0.020453067 
851 287 12 15 0.020372646 
134 239 8 10 0.020368144 
711 195 9 12 0.020318791 
710 295 10 13 0.02029349 
293 445 12 16 0.02028883 
466 491 14 18 0.020257872 
119 239 8 9 0.02024699 
702 540 11 14 0.020239353 
966 248 8 10 0.020111686 
583 213 8 11 0.020082248 
928 342 9 12 0.020047858 
982 220 8 11 0.02004692 
742 301 10 12 0.020011991 
