0_Parade_marchingband_1_147
68
306 131 51 58 0.99658537 
503 83 79 91 0.9936904 
615 147 33 44 0.98153657 
218 161 43 48 0.98049253 
399 173 71 76 0.97577876 
90 151 29 34 0.8716432 
870 160 39 43 0.78087914 
165 126 36 39 0.75097954 
317 35 17 20 0.51565206 
636 163 41 37 0.37612605 
354 61 14 17 0.18004426 
197 2 16 18 0.17273179 
751 99 17 21 0.12042184 
897 76 14 18 0.115013264 
214 -4 16 15 0.09824074 
420 56 53 61 0.08722464 
293 1 18 18 0.082590826 
0 42 9 16 0.07277126 
244 0 16 16 0.06606758 
411 56 17 24 0.058128413 
716 106 16 18 0.057653587 
710 8 15 19 0.051114988 
901 166 109 143 0.05015913 
964 300 54 65 0.049790885 
404 47 46 66 0.046221957 
239 115 41 50 0.045979027 
645 69 19 25 0.044491846 
34 56 17 19 0.042954348 
127 7 42 51 0.042719018 
552 7 34 41 0.040233176 
312 21 27 28 0.040231768 
203 49 24 27 0.04016046 
414 55 26 35 0.039911736 
593 145 53 65 0.039313894 
944 85 12 15 0.03717609 
9 139 42 54 0.036738597 
383 44 47 65 0.03652176 
395 33 80 116 0.0333187 
949 83 14 17 0.030510077 
0 9 17 32 0.030023787 
388 41 30 35 0.029637737 
633 151 31 37 0.029252494 
176 121 48 58 0.0288319 
764 125 36 46 0.028630557 
19 146 26 31 0.028060377 
777 82 17 21 0.026877465 
36 308 32 45 0.026567884 
776 14 16 21 0.02550041 
964 20 14 17 0.025187014 
596 35 29 37 0.025114555 
375 23 46 63 0.024621246 
650 162 20 21 0.024579683 
806 10 17 19 0.024077136 
279 94 27 35 0.023174832 
868 172 18 26 0.022014117 
250 58 15 17 0.021871667 
854 51 13 17 0.021632038 
295 0 29 25 0.021363597 
467 66 74 101 0.021275988 
710 131 27 32 0.021135157 
620 -2 18 15 0.020919839 
27 63 24 31 0.020915333 
400 188 42 45 0.020839624 
282 100 16 21 0.020252388 
431 61 64 85 0.02011008 
676 16 15 18 0.020046761 
355 210 48 59 0.020022314 
699 138 12 16 0.020001099 
