0_Parade_Parade_0_639
132
637 578 46 64 0.994639 
714 79 26 30 0.99152255 
515 162 25 31 0.983537 
338 206 35 44 0.96393305 
592 103 25 29 0.9573982 
950 422 16 21 0.8851784 
976 525 49 109 0.7775887 
271 196 33 42 0.610119 
881 426 15 18 0.5920719 
437 272 26 32 0.578122 
891 556 41 80 0.5596221 
291 232 21 25 0.5492736 
938 410 12 14 0.4932502 
968 405 11 13 0.2598932 
982 414 11 14 0.23213619 
921 382 11 13 0.18338414 
689 -3 19 17 0.1785077 
904 413 9 11 0.15040942 
966 478 34 51 0.14947878 
280 212 29 39 0.11341326 
924 412 9 12 0.09905918 
962 390 10 12 0.07351897 
451 321 16 22 0.06949921 
911 563 52 75 0.069163285 
537 205 22 24 0.06823674 
548 201 14 21 0.06626584 
255 298 64 71 0.064511366 
815 56 27 31 0.06011843 
398 165 11 14 0.05998443 
458 499 12 17 0.059086837 
926 436 10 12 0.058942247 
572 252 10 13 0.050646525 
935 446 11 14 0.049339615 
966 397 10 14 0.04840675 
823 436 13 16 0.048332233 
527 202 14 19 0.047048558 
600 428 31 35 0.046454515 
865 461 12 16 0.04605573 
1002 405 7 10 0.044478144 
427 282 26 33 0.043995477 
978 418 11 16 0.04322778 
960 366 11 15 0.04310737 
933 439 11 12 0.042248927 
822 441 21 27 0.040984303 
919 430 10 14 0.04095473 
872 528 53 80 0.04050387 
598 436 14 19 0.040017955 
442 223 13 19 0.039455805 
920 435 11 14 0.03909963 
812 574 41 53 0.038913555 
984 408 11 14 0.03856889 
989 397 10 11 0.03790137 
629 339 14 18 0.037676733 
286 171 10 12 0.03762032 
1011 419 12 17 0.037512425 
882 500 40 49 0.037408628 
513 148 17 18 0.035230253 
989 406 9 12 0.034027517 
919 374 12 16 0.032773443 
325 186 11 14 0.032770615 
935 429 10 13 0.03245303 
944 426 12 17 0.03141532 
755 118 12 15 0.031011466 
860 560 58 73 0.03076188 
749 331 12 15 0.02967846 
839 472 12 16 0.028914489 
764 21 14 17 0.02886207 
714 21 9 13 0.028664907 
898 414 10 12 0.027959626 
947 455 23 35 0.027859893 
757 328 13 17 0.027725162 
805 441 14 20 0.027652135 
956 531 49 90 0.027589796 
275 201 20 25 0.027393356 
986 392 8 11 0.027263472 
532 279 16 23 0.02722045 
258 292 29 37 0.027112128 
921 408 9 12 0.026720565 
1011 298 12 19 0.026570495 
606 149 17 19 0.026432917 
990 473 34 45 0.02559218 
646 301 11 14 0.02550142 
1005 405 9 11 0.02515772 
678 588 48 62 0.024957735 
309 187 10 12 0.024823174 
1002 399 8 12 0.024639588 
938 373 14 18 0.02463619 
682 -1 31 25 0.024588574 
281 195 19 22 0.02432684 
567 247 13 16 0.02423112 
620 327 17 22 0.024214473 
1002 389 9 12 0.024197273 
539 217 13 15 0.024043616 
832 279 12 14 0.024021538 
699 0 16 17 0.023836046 
893 583 56 78 0.023715582 
279 170 14 16 0.023561247 
510 150 26 33 0.023524795 
574 143 24 32 0.023436327 
316 205 12 16 0.023234287 
429 284 15 20 0.02316705 
975 381 10 13 0.023132693 
716 46 11 12 0.023091158 
599 129 16 18 0.023019157 
261 260 33 35 0.022968505 
976 412 11 15 0.02290929 
981 498 32 42 0.022881748 
999 421 11 13 0.022857208 
901 416 12 15 0.022564994 
870 433 13 17 0.022547632 
568 135 39 55 0.022509752 
263 274 34 44 0.022499938 
959 464 26 40 0.022179704 
812 440 23 29 0.022107346 
913 430 9 12 0.021823378 
963 499 50 89 0.021779366 
709 4 11 13 0.021702211 
511 201 12 15 0.021647671 
438 158 13 17 0.021609413 
433 422 42 51 0.02154373 
580 104 42 52 0.021542717 
688 683 155 94 0.021486443 
1007 415 12 16 0.021416644 
603 437 17 21 0.02120858 
276 293 12 15 0.020690445 
887 215 9 11 0.020637015 
644 0 17 17 0.02059348 
324 247 21 26 0.0205843 
450 493 22 25 0.020314295 
575 233 14 18 0.020303115 
424 290 14 18 0.02021787 
299 235 22 26 0.020215973 
