0_Parade_marchingband_1_382
61
802 123 37 42 0.9980464 
146 170 34 44 0.997538 
338 98 33 42 0.9955397 
450 41 27 34 0.98397255 
202 68 25 36 0.9413471 
932 74 17 23 0.9231865 
956 69 16 27 0.86118406 
910 28 16 23 0.48693845 
932 0 14 13 0.48109457 
980 95 22 30 0.32919484 
995 95 20 31 0.23076163 
930 139 16 20 0.20302854 
196 47 45 61 0.1587443 
990 4 11 15 0.12755261 
900 60 20 30 0.12151067 
997 23 13 18 0.10783287 
740 143 19 25 0.10056983 
938 0 13 13 0.09999025 
440 42 44 57 0.08772054 
769 -1 27 19 0.08274793 
90 60 17 21 0.07827152 
511 31 59 63 0.07780964 
895 131 13 15 0.07409887 
266 13 50 69 0.069107346 
969 212 38 47 0.053180855 
988 54 11 14 0.0475246 
311 12 49 59 0.046682537 
558 136 29 30 0.042970818 
946 199 46 61 0.03686218 
996 23 23 34 0.03597797 
542 28 38 56 0.032908913 
956 186 12 16 0.031330377 
991 19 14 20 0.031072013 
176 7 62 75 0.030983357 
738 6 56 51 0.029701428 
904 28 13 18 0.029584937 
286 28 53 66 0.02857242 
447 85 35 36 0.027164789 
977 102 15 21 0.02653135 
911 64 18 25 0.025697784 
892 137 16 18 0.025209617 
915 22 15 18 0.024944253 
989 41 25 33 0.02463294 
987 7 21 26 0.024560364 
981 80 36 53 0.024137538 
1003 104 16 25 0.024019904 
189 14 76 102 0.023636773 
760 1 36 32 0.023375222 
902 45 12 15 0.023198053 
900 33 24 32 0.022882376 
1000 18 18 22 0.022426708 
1004 5 13 15 0.022289531 
281 1 61 65 0.021715062 
962 122 14 18 0.021493029 
981 65 28 37 0.021479804 
920 141 13 17 0.021048987 
957 64 14 20 0.020329589 
996 38 15 21 0.020265508 
919 139 21 28 0.020151112 
459 72 46 46 0.020076534 
982 55 20 29 0.020058563 
