0_Parade_marchingband_1_1004
35
812 224 32 37 0.99690574 
647 190 41 48 0.9929582 
771 204 33 48 0.9857778 
690 203 38 40 0.90681064 
119 215 36 39 0.8820626 
158 407 42 50 0.8641287 
430 237 31 34 0.3250942 
723 155 14 17 0.18577887 
792 209 36 49 0.16612631 
331 409 42 51 0.07487805 
293 465 12 15 0.06496883 
303 429 23 30 0.06444388 
755 203 35 46 0.053642627 
971 195 46 65 0.043676797 
497 252 18 23 0.039107632 
852 224 35 46 0.036749814 
430 216 9 11 0.033113185 
800 186 11 14 0.03290734 
317 204 9 11 0.027961208 
162 234 21 28 0.026252773 
680 196 32 42 0.024578717 
805 183 11 15 0.024504768 
439 188 9 12 0.024384161 
1003 264 20 33 0.024378017 
545 258 23 28 0.02346043 
325 427 28 38 0.023113271 
375 229 10 14 0.022730542 
500 243 13 17 0.022152845 
319 225 25 32 0.021891762 
803 173 25 34 0.021498283 
327 189 9 13 0.020972865 
958 223 41 54 0.020741023 
464 224 10 12 0.02070678 
313 433 18 23 0.020371806 
699 156 38 48 0.020057097 
