0_Parade_marchingband_1_629
112
636 327 10 13 0.96429783 
610 370 11 15 0.9525883 
956 393 15 23 0.944657 
233 364 12 15 0.9407905 
463 359 11 14 0.9111942 
509 366 12 15 0.8957943 
110 373 13 15 0.8945588 
562 369 11 15 0.8157519 
2 348 9 13 0.8055832 
34 377 11 14 0.7758674 
429 321 8 11 0.76798475 
327 358 10 12 0.74818295 
54 334 10 14 0.6592154 
360 361 9 12 0.65680724 
862 387 12 17 0.5520085 
716 396 11 17 0.48237693 
577 321 12 15 0.47667313 
793 352 11 13 0.44847068 
496 330 10 12 0.43932042 
393 362 9 12 0.40240958 
860 354 11 14 0.36029655 
405 324 9 12 0.35286504 
652 373 11 17 0.27031255 
294 353 8 10 0.26991442 
427 361 11 12 0.2206609 
138 360 9 13 0.2166618 
694 310 12 16 0.21119145 
537 334 10 12 0.18135701 
825 340 9 12 0.17190088 
503 395 9 12 0.16888054 
792 408 12 19 0.15344673 
562 325 8 11 0.14972071 
720 351 12 14 0.14036793 
533 325 10 12 0.13820447 
743 371 14 17 0.12218404 
568 396 9 12 0.12196594 
128 373 9 11 0.111853324 
712 335 9 11 0.10124832 
569 346 15 17 0.097526886 
790 373 12 17 0.09442089 
635 356 14 17 0.09303178 
321 358 9 12 0.08022735 
509 391 11 13 0.0801408 
85 407 10 13 0.077129185 
488 356 11 13 0.07635625 
842 742 16 17 0.07244784 
480 334 9 11 0.07065559 
727 343 9 11 0.060665935 
804 339 10 12 0.059221327 
287 387 9 11 0.05691556 
867 383 14 17 0.05607684 
569 307 10 13 0.056044586 
862 749 14 15 0.046963487 
279 383 12 13 0.046067856 
126 367 10 13 0.045112036 
415 340 13 15 0.043809738 
267 384 8 10 0.043504898 
776 339 8 11 0.043096595 
804 404 14 17 0.042522974 
534 372 12 15 0.041154206 
478 340 11 13 0.040438555 
45 423 7 10 0.039714567 
550 352 9 11 0.038708918 
741 334 8 11 0.03821262 
720 394 15 18 0.03476367 
783 334 10 13 0.034422804 
630 359 15 19 0.033905398 
836 721 12 14 0.033062126 
630 349 12 16 0.030328747 
584 363 10 14 0.030208286 
467 362 10 13 0.029691398 
758 398 13 16 0.02911857 
479 347 11 15 0.028873073 
636 367 16 21 0.028308192 
290 354 10 13 0.028161084 
542 319 8 11 0.028068155 
814 722 12 13 0.027581586 
517 389 10 13 0.027104313 
492 350 11 14 0.026399108 
540 326 10 14 0.026290104 
786 372 11 16 0.026236255 
225 384 8 11 0.0259464 
719 383 14 17 0.025726216 
79 396 11 13 0.025661198 
69 399 8 12 0.025608044 
800 341 10 12 0.025522357 
630 369 14 17 0.025275046 
471 404 8 11 0.024363184 
315 359 8 12 0.02424618 
516 395 10 13 0.024074662 
486 457 13 18 0.02361323 
299 350 10 13 0.023581754 
486 332 10 13 0.022773722 
776 325 8 11 0.022652509 
61 421 8 9 0.022102064 
958 717 13 16 0.021893598 
886 739 14 16 0.021886842 
530 320 10 13 0.021834886 
822 345 13 18 0.021623043 
488 362 10 13 0.021614945 
644 364 13 18 0.021216545 
853 390 15 21 0.021110633 
796 413 15 18 0.02103389 
902 709 13 16 0.020930924 
861 303 12 16 0.020819873 
788 334 9 12 0.020786818 
128 379 9 12 0.020651428 
823 357 12 16 0.020556653 
561 348 11 14 0.020287268 
816 341 10 13 0.02020916 
717 349 19 22 0.02006362 
206 338 10 13 0.020035146 
