0_Parade_marchingband_1_517
34
453 217 47 58 0.99700636 
49 133 51 57 0.99128515 
203 166 48 56 0.9890105 
912 268 38 45 0.98276216 
702 217 40 46 0.9823252 
398 237 22 26 0.88552624 
15 394 42 62 0.21208134 
984 293 33 37 0.20306545 
369 459 18 24 0.085079946 
260 437 37 54 0.08315859 
868 296 14 17 0.08087703 
389 239 22 30 0.07880527 
378 245 22 30 0.07774271 
576 289 14 19 0.057817858 
554 301 16 20 0.05455853 
278 280 16 18 0.039082456 
565 286 12 18 0.03906875 
389 233 38 47 0.03844613 
555 288 21 30 0.037226804 
809 263 15 20 0.030623242 
371 288 28 32 0.028807262 
867 246 11 13 0.028341508 
544 478 33 50 0.027928738 
15 370 10 14 0.026150417 
341 261 14 19 0.025355117 
276 265 14 16 0.023344181 
829 310 13 15 0.023072781 
29 394 52 70 0.0230081 
895 245 10 12 0.022760058 
65 368 15 18 0.022605762 
851 308 12 16 0.022512577 
299 380 15 18 0.021374712 
386 265 15 18 0.020943826 
310 455 40 40 0.020502908 
