0_Parade_Parade_0_317
224
302 103 12 14 0.86504066 
223 97 13 17 0.8595352 
605 106 14 18 0.7826641 
429 86 13 15 0.71716815 
566 84 12 14 0.58222634 
491 92 12 14 0.56960344 
308 78 13 17 0.5631899 
643 79 11 14 0.53713787 
332 76 13 17 0.5365825 
171 201 20 26 0.47861627 
162 91 14 16 0.46354482 
389 121 12 16 0.43861005 
645 132 13 16 0.4298191 
869 92 14 16 0.4091571 
511 91 15 17 0.4034124 
32 96 10 13 0.37754053 
695 100 13 14 0.3703472 
179 105 13 16 0.3633599 
382 84 12 16 0.34259042 
929 71 10 13 0.3330204 
102 70 12 14 0.31762618 
247 90 12 15 0.304852 
541 93 13 16 0.30023664 
947 91 15 17 0.2260037 
566 125 13 16 0.1990339 
183 68 12 14 0.17746642 
657 76 12 15 0.17400295 
655 101 12 15 0.17173313 
998 85 25 32 0.15393375 
477 86 10 13 0.14646958 
904 92 15 17 0.14581677 
542 77 12 14 0.1356651 
95 90 12 16 0.13458961 
200 108 12 16 0.12596719 
837 121 12 17 0.12561524 
522 106 13 15 0.12486477 
275 103 11 14 0.11356692 
966 90 15 17 0.098208636 
328 71 11 14 0.097442016 
516 98 14 16 0.09408833 
554 107 13 16 0.09314078 
641 107 10 13 0.09233002 
292 86 12 15 0.08747207 
740 110 12 15 0.08694024 
542 84 12 15 0.07919486 
959 110 12 15 0.07614667 
262 102 10 14 0.07286849 
954 92 14 15 0.07081544 
660 105 13 16 0.06936812 
645 102 11 13 0.06875001 
802 113 8 10 0.06720762 
271 71 10 12 0.06551524 
287 89 13 16 0.065249994 
821 100 11 14 0.06457907 
756 69 12 15 0.064053625 
487 87 13 17 0.061833207 
608 133 10 13 0.05674656 
479 90 11 14 0.055324856 
550 101 13 16 0.054616116 
788 100 12 14 0.05384616 
147 156 11 13 0.053106565 
885 210 12 14 0.051855337 
661 157 13 15 0.050778255 
164 197 18 24 0.04921784 
234 131 15 18 0.048532013 
357 123 11 15 0.048007376 
601 183 18 20 0.04770706 
345 63 12 14 0.047624715 
853 77 13 16 0.046200767 
261 93 12 15 0.045578413 
240 91 14 16 0.04554784 
10 145 19 22 0.044598777 
536 156 11 13 0.044532746 
647 118 11 14 0.044264182 
7 75 13 16 0.0439472 
686 82 11 14 0.043148633 
852 92 12 15 0.04305137 
274 75 12 15 0.042948224 
412 91 11 13 0.04294507 
622 83 15 18 0.042941853 
955 64 15 18 0.042230103 
385 104 10 12 0.041187543 
782 100 13 15 0.040889043 
918 86 12 15 0.040800776 
814 93 11 14 0.040037215 
187 127 13 15 0.0392102 
182 122 13 16 0.039187092 
790 74 13 16 0.039089467 
487 67 11 13 0.038784508 
664 114 11 14 0.038304668 
312 355 32 37 0.037754953 
917 99 16 20 0.037109096 
550 69 9 12 0.037071858 
452 73 13 16 0.03698491 
123 81 17 21 0.036698777 
457 86 10 12 0.036647893 
933 85 12 15 0.036513593 
722 77 15 16 0.03649961 
935 90 12 16 0.036454227 
31 87 23 26 0.036329668 
710 116 13 15 0.0357845 
178 211 18 22 0.03545168 
15 93 10 12 0.035350174 
922 106 13 16 0.03533093 
98 83 13 17 0.035137273 
262 86 10 13 0.034745947 
742 100 13 14 0.03460215 
338 77 13 17 0.03449674 
538 99 10 13 0.03380897 
508 120 10 13 0.033353504 
524 76 10 13 0.032503854 
900 217 15 20 0.032490887 
660 82 11 14 0.03209111 
75 70 11 12 0.031740848 
310 73 12 15 0.03172521 
835 73 14 16 0.031705737 
560 124 13 17 0.03154728 
487 73 14 18 0.03137342 
447 93 8 11 0.031346634 
855 71 9 12 0.030735264 
742 78 10 12 0.030599132 
469 74 13 16 0.030584926 
349 100 11 13 0.030539732 
284 99 13 16 0.030474402 
317 69 11 14 0.03040838 
56 67 11 13 0.030317122 
217 99 13 16 0.029595673 
349 79 11 13 0.029514585 
612 132 12 15 0.029226542 
774 85 13 15 0.028922088 
501 90 12 16 0.028594533 
839 99 10 14 0.028513217 
568 76 16 19 0.028361827 
178 68 10 13 0.027224313 
45 90 17 17 0.027195446 
733 275 14 17 0.027021239 
455 102 10 13 0.026353542 
229 83 12 14 0.026214093 
698 106 13 16 0.02615985 
290 74 15 18 0.026092777 
645 93 12 14 0.026079115 
727 123 10 12 0.026056414 
176 120 12 17 0.02584225 
389 323 12 15 0.025841389 
957 98 14 18 0.025679642 
399 86 10 13 0.025678212 
384 116 14 18 0.025557606 
475 78 12 16 0.025448438 
589 125 12 16 0.025427805 
338 127 15 20 0.02515623 
702 113 14 17 0.025148716 
696 148 10 12 0.025108295 
387 107 12 14 0.024521168 
301 125 11 14 0.024415184 
688 108 13 17 0.024341557 
816 106 14 15 0.024320887 
188 235 17 20 0.02431022 
732 101 15 16 0.024292605 
421 103 10 13 0.02426627 
297 100 11 15 0.024263384 
311 132 14 17 0.024152417 
776 151 9 11 0.024042476 
189 73 11 14 0.023996664 
22 93 10 13 0.023683911 
312 123 12 15 0.023631005 
431 68 11 12 0.023628507 
659 92 14 16 0.02360922 
588 97 13 16 0.023514336 
684 91 14 16 0.02350283 
882 218 30 33 0.023484562 
667 108 12 17 0.023416508 
557 115 12 14 0.023315433 
181 92 12 14 0.023296323 
178 114 14 18 0.023029175 
468 337 61 60 0.022904424 
14 84 11 14 0.022849573 
488 97 11 14 0.02279825 
573 68 13 15 0.022724867 
214 162 10 14 0.022686511 
681 84 11 13 0.022473158 
576 115 12 15 0.022281772 
202 103 15 17 0.022249073 
863 67 10 12 0.022241013 
679 92 12 16 0.022170037 
141 115 20 27 0.022093156 
614 91 12 13 0.02200134 
158 203 16 20 0.02199268 
957 61 27 32 0.021720849 
190 107 11 14 0.021591617 
229 77 11 14 0.021590555 
735 113 12 15 0.021429691 
694 140 13 17 0.021388536 
415 313 29 38 0.021376861 
828 100 11 14 0.02137208 
802 115 12 14 0.021354863 
923 71 20 24 0.021306487 
639 137 13 17 0.021297429 
435 89 12 15 0.0212788 
640 73 18 23 0.021265913 
924 82 14 16 0.021197172 
687 99 14 16 0.021195177 
60 64 10 12 0.02112239 
712 94 11 13 0.021098685 
847 99 13 16 0.021091623 
407 87 11 14 0.02106014 
943 87 13 16 0.021053104 
821 114 11 14 0.021040874 
711 101 12 16 0.02097222 
22 100 10 14 0.020776086 
565 120 11 14 0.020697054 
3 117 12 16 0.020590097 
579 109 13 15 0.020568691 
620 130 13 17 0.020470064 
626 131 15 17 0.020459466 
627 88 13 17 0.020313071 
305 83 12 14 0.020272635 
980 106 13 17 0.02027098 
807 100 11 12 0.020258922 
106 73 13 16 0.020224832 
314 138 14 16 0.020219767 
380 83 23 25 0.020080484 
942 69 11 14 0.020064797 
365 81 12 16 0.020030852 
728 99 13 15 0.02002033 
