0_Parade_Parade_0_814
181
767 513 19 26 0.904189 
472 372 13 17 0.89014244 
367 338 12 16 0.8375291 
894 553 16 19 0.75954866 
775 382 12 15 0.54617685 
928 527 17 23 0.5150345 
751 376 12 16 0.43085343 
183 341 11 16 0.4272249 
495 374 15 17 0.4094646 
727 383 10 12 0.35983604 
680 394 11 13 0.32852975 
337 399 11 14 0.26093847 
110 413 11 13 0.23507671 
342 376 12 17 0.20915285 
460 397 11 14 0.1822027 
235 366 15 18 0.16292723 
725 387 12 15 0.16212499 
186 344 14 17 0.15836385 
406 396 13 16 0.14452033 
605 534 23 30 0.14337166 
692 529 22 28 0.14333422 
383 386 11 16 0.14131713 
308 439 10 13 0.14085782 
101 392 10 13 0.1407136 
294 389 11 13 0.13758646 
319 397 9 11 0.13582705 
413 449 14 17 0.1325572 
134 415 9 11 0.11478412 
9 392 11 12 0.106979564 
84 406 9 11 0.10667519 
139 637 38 39 0.10463948 
736 403 11 15 0.098047614 
981 412 10 13 0.09650035 
614 557 26 36 0.09293522 
338 581 28 44 0.091302164 
0 466 23 47 0.090858705 
388 389 10 14 0.085312754 
411 538 24 26 0.08201252 
3 358 43 63 0.079326585 
671 412 11 13 0.07567739 
358 562 12 16 0.07210766 
96 414 9 12 0.07134016 
464 490 11 14 0.06834276 
294 395 10 14 0.06482366 
124 400 10 13 0.05972551 
351 295 12 15 0.05943984 
813 587 12 16 0.05829886 
321 422 24 29 0.05820332 
322 405 9 10 0.055647634 
705 434 10 13 0.05335991 
155 316 12 16 0.051109478 
418 446 15 19 0.050780818 
318 392 9 12 0.050436657 
89 382 8 10 0.049663205 
763 493 12 15 0.04855877 
709 432 11 13 0.047182016 
312 396 8 10 0.0448405 
367 602 31 38 0.044770956 
105 624 55 49 0.04204579 
720 411 10 13 0.040663943 
299 388 12 13 0.039956972 
973 422 10 13 0.039934684 
424 404 9 11 0.039157424 
746 381 10 13 0.039083414 
446 507 12 17 0.038344707 
815 548 13 18 0.03770319 
318 380 9 12 0.03735968 
663 391 9 11 0.03700667 
667 477 16 20 0.03618579 
175 339 11 17 0.03501258 
116 621 25 39 0.034637097 
495 368 13 16 0.03434566 
381 416 23 32 0.034023948 
196 567 36 45 0.033751395 
295 413 10 12 0.033731557 
102 414 9 12 0.03316675 
370 550 14 15 0.032896936 
413 388 10 13 0.032403618 
761 476 9 12 0.03198452 
736 365 9 11 0.031514347 
700 492 10 13 0.031431127 
152 408 8 9 0.03141278 
968 401 8 10 0.030712012 
295 405 10 14 0.03030347 
440 496 9 11 0.0302507 
727 360 8 10 0.030113753 
815 335 10 12 0.029522948 
277 356 12 18 0.029348273 
736 359 9 11 0.028936045 
344 589 34 47 0.028851207 
713 478 9 12 0.028697701 
694 430 10 13 0.028253762 
735 373 9 12 0.028135668 
742 358 8 11 0.028094728 
257 578 13 16 0.028063271 
741 411 13 16 0.027679818 
137 440 9 12 0.027625026 
924 516 12 17 0.027337229 
201 545 45 50 0.026857812 
2 382 26 30 0.02656953 
909 578 11 13 0.02621408 
927 533 24 29 0.026189586 
581 487 10 12 0.026116434 
397 418 13 16 0.026045123 
694 407 8 11 0.02597616 
303 396 9 12 0.02597207 
447 495 9 12 0.02571345 
445 500 12 16 0.025693329 
677 421 10 13 0.025526548 
760 422 8 11 0.025392307 
126 389 8 10 0.025181498 
700 516 11 16 0.024984127 
73 416 9 11 0.024832616 
648 405 9 11 0.024420364 
951 396 10 12 0.024185397 
152 324 13 18 0.024148481 
735 438 8 10 0.024094142 
94 420 11 13 0.024064599 
740 417 15 17 0.023961501 
511 397 11 13 0.023955967 
688 538 33 52 0.023876034 
739 454 11 14 0.023815965 
727 446 9 11 0.023803163 
438 508 15 19 0.023707708 
744 388 9 11 0.023507012 
713 484 9 12 0.023379419 
821 553 12 14 0.023371935 
441 500 10 14 0.023293057 
654 425 14 17 0.023100983 
312 379 11 14 0.02308954 
717 429 10 13 0.02306212 
726 376 12 14 0.023030622 
425 449 14 16 0.023020536 
194 340 12 17 0.022931641 
423 383 10 13 0.022706993 
957 557 16 23 0.022619154 
526 382 9 12 0.022559509 
342 370 20 26 0.022529742 
924 617 13 17 0.022508325 
692 523 18 22 0.02247726 
407 445 15 19 0.022409093 
306 308 10 11 0.0223128 
644 443 11 12 0.022153106 
745 373 10 14 0.022115426 
69 375 8 11 0.022100816 
521 379 9 12 0.022012003 
481 396 12 14 0.021923477 
505 379 13 16 0.021879768 
529 390 10 13 0.0218343 
671 418 12 14 0.021830842 
268 413 12 17 0.021768507 
634 551 23 35 0.021756075 
453 493 12 14 0.021697408 
173 369 16 21 0.02165689 
168 334 11 14 0.021650398 
338 373 11 16 0.021501696 
320 414 10 12 0.021440554 
4 475 16 25 0.021390786 
655 382 8 11 0.0212769 
263 338 12 16 0.021269256 
486 390 10 12 0.021209652 
372 376 21 27 0.021145552 
683 558 14 25 0.02108746 
760 495 20 25 0.021008914 
326 412 10 13 0.020961236 
672 476 22 26 0.020928305 
751 369 10 12 0.020927425 
720 361 7 10 0.020890241 
711 379 10 13 0.02082702 
323 399 11 13 0.020748252 
263 421 13 16 0.020702709 
921 515 22 29 0.020678217 
700 477 10 13 0.020576173 
697 383 8 10 0.020538982 
351 321 11 14 0.020516451 
727 461 10 13 0.020448152 
136 393 7 9 0.020393359 
141 443 8 11 0.020284142 
636 509 48 53 0.020208092 
626 563 18 26 0.02015984 
399 427 24 31 0.020002805 
