0_Parade_marchingband_1_768
88
281 214 34 38 0.9649878 
676 635 33 40 0.92867893 
462 612 21 27 0.89711994 
822 618 32 42 0.86469585 
908 651 33 36 0.84297204 
782 622 12 16 0.78811175 
500 633 12 16 0.6032205 
982 637 37 43 0.55083126 
533 612 19 24 0.49025005 
641 638 10 14 0.22771211 
555 624 12 17 0.13050964 
608 629 11 14 0.11199124 
404 627 10 13 0.095628075 
678 549 9 11 0.08638043 
712 622 11 14 0.06737628 
545 617 19 24 0.06375877 
407 520 9 12 0.052484266 
495 629 14 18 0.04660288 
586 573 10 13 0.043252178 
848 517 9 12 0.040127546 
526 567 9 11 0.038328882 
299 649 12 15 0.038224317 
520 565 8 11 0.03737669 
882 501 8 11 0.036418945 
678 555 10 12 0.035898287 
678 510 7 10 0.035222247 
573 536 8 10 0.0333224 
497 603 10 14 0.032437477 
863 516 9 11 0.031919375 
649 533 7 9 0.03183536 
217 174 31 38 0.031363077 
501 566 9 11 0.03127444 
696 574 11 14 0.031264022 
489 541 8 10 0.03114038 
534 604 14 18 0.030751364 
453 562 12 15 0.03063978 
977 537 8 10 0.03061642 
478 534 7 9 0.030441722 
401 664 29 28 0.030182425 
366 519 8 10 0.029397292 
515 591 15 17 0.029179685 
515 629 11 16 0.029091936 
628 580 12 14 0.02770644 
536 597 11 15 0.027408414 
439 2 44 43 0.026704138 
571 542 6 9 0.02627002 
703 566 10 14 0.026140617 
826 620 18 23 0.025640573 
501 573 10 12 0.025222862 
607 558 8 11 0.024962863 
500 582 10 13 0.024958959 
554 564 10 13 0.024922749 
841 536 8 11 0.024920112 
661 556 10 13 0.02487533 
392 629 8 11 0.024519386 
903 495 8 11 0.024418093 
622 543 9 12 0.024369879 
599 584 8 11 0.024207141 
283 228 19 24 0.024182186 
611 486 8 9 0.024088753 
701 572 11 15 0.024012597 
742 667 10 11 0.0239806 
674 544 8 10 0.023816742 
693 519 9 11 0.02370175 
662 552 9 11 0.023653276 
817 559 8 11 0.023592262 
472 529 8 10 0.023582293 
510 535 8 10 0.023495335 
869 510 9 12 0.023138888 
465 528 7 9 0.023002064 
841 638 16 22 0.022975732 
400 624 11 14 0.02287999 
527 541 9 11 0.02266899 
719 510 7 10 0.022626001 
373 635 12 15 0.022575507 
576 519 7 9 0.022229087 
886 446 9 11 0.022206154 
446 602 11 15 0.021878181 
509 633 11 15 0.021641728 
261 662 14 16 0.021626325 
606 631 18 24 0.021208178 
885 496 8 10 0.021009589 
30 520 9 11 0.020997072 
668 572 10 13 0.02097806 
599 495 7 9 0.02088365 
506 534 8 10 0.020462312 
608 551 7 10 0.02024313 
544 548 8 11 0.020219728 
