0_Parade_marchingband_1_149
78
672 316 25 31 0.99728215 
281 388 25 32 0.99700207 
808 240 24 31 0.9958995 
442 373 28 39 0.9956125 
536 300 25 32 0.99426806 
664 236 24 30 0.9941057 
371 381 26 35 0.993796 
631 378 26 33 0.9935236 
713 389 26 35 0.9934411 
352 238 24 29 0.9921187 
602 323 23 29 0.9918568 
212 234 23 30 0.99076426 
527 384 25 34 0.9903847 
309 314 23 31 0.98878586 
534 223 23 29 0.98863363 
227 315 21 29 0.9881912 
473 232 23 29 0.98809123 
389 309 25 30 0.98718876 
281 231 23 29 0.9824369 
465 305 22 28 0.9810435 
600 241 22 28 0.97890866 
405 224 22 28 0.9744554 
729 239 24 29 0.9703251 
785 316 23 28 0.966781 
702 268 23 26 0.7794803 
651 313 16 22 0.18271081 
242 261 25 28 0.18029277 
438 262 22 27 0.14455856 
309 261 25 29 0.11205898 
736 356 18 21 0.09744604 
573 263 24 30 0.09066226 
563 275 29 37 0.090503655 
352 310 29 37 0.078533694 
394 288 16 21 0.054400224 
440 296 21 29 0.049755324 
625 272 16 22 0.038659684 
334 306 13 18 0.037422597 
577 322 16 23 0.03706482 
579 218 12 16 0.035015672 
219 303 35 46 0.034845702 
557 288 23 33 0.033915013 
621 278 15 22 0.032243583 
274 288 30 37 0.03177203 
317 380 23 27 0.031437464 
-52 265 435 573 0.03138568 
275 451 42 53 0.031113172 
452 300 22 30 0.031046283 
266 334 24 29 0.029698275 
349 275 17 21 0.029072365 
586 317 17 25 0.02804497 
408 370 14 18 0.02786365 
289 353 17 22 0.02720097 
640 330 22 30 0.026885057 
566 414 14 17 0.026723573 
615 305 15 19 0.026715582 
350 307 14 19 0.025934977 
469 370 23 33 0.025744013 
279 343 24 30 0.025664654 
521 364 43 57 0.025631635 
220 360 14 17 0.024883687 
491 307 18 24 0.024610821 
589 366 22 32 0.024525503 
598 298 14 17 0.0238738 
602 369 26 41 0.023803113 
817 316 23 29 0.02355726 
741 304 15 19 0.023493849 
192 235 454 639 0.023397446 
316 268 28 31 0.022322403 
280 303 26 34 0.022231814 
621 289 14 18 0.022144202 
277 258 15 17 0.021854803 
295 451 26 41 0.021688515 
644 307 18 24 0.021504061 
817 326 33 45 0.021302339 
643 319 18 21 0.021011777 
613 272 16 21 0.021009464 
533 275 13 17 0.020817934 
692 259 13 17 0.0206903 
