0_Parade_marchingband_1_445
145
666 120 34 40 0.9730358 
481 146 41 50 0.9409153 
820 111 36 48 0.8540369 
491 0 26 22 0.6158025 
576 141 11 14 0.42352134 
413 126 18 22 0.35725182 
182 4 26 28 0.25464424 
335 98 22 27 0.25343943 
868 108 16 19 0.25112483 
736 83 10 13 0.22201589 
756 80 13 16 0.21188582 
155 109 19 24 0.19951391 
90 172 32 43 0.15584895 
855 127 19 25 0.14684536 
773 109 10 13 0.13821347 
70 42 12 15 0.12681077 
286 116 15 22 0.12328263 
842 0 21 20 0.1147559 
267 110 24 34 0.11088897 
632 1 22 19 0.105922356 
698 83 29 45 0.100995995 
901 109 11 14 0.10076613 
468 2 16 17 0.093149155 
730 99 13 15 0.079976246 
862 107 15 19 0.07303611 
782 62 28 40 0.071723916 
679 77 40 65 0.0715547 
979 174 12 14 0.07119934 
933 110 14 15 0.0696057 
241 5 17 20 0.06922459 
45 79 16 19 0.06893054 
972 84 13 15 0.06765649 
213 140 12 14 0.06606645 
52 32 12 17 0.065378904 
598 136 44 55 0.06394309 
1005 3 14 17 0.050036125 
787 69 14 20 0.049968924 
271 0 14 14 0.049300388 
118 31 10 12 0.04803448 
754 15 14 18 0.0475631 
900 237 16 21 0.047359366 
10 22 15 18 0.046608135 
1005 101 12 14 0.046418905 
545 8 9 12 0.045771386 
406 81 21 29 0.044536848 
101 44 10 14 0.043978747 
581 0 12 11 0.040876288 
857 109 11 14 0.040610254 
744 99 14 16 0.040186446 
199 133 29 36 0.039130162 
725 140 16 22 0.038554862 
76 176 31 40 0.03743822 
773 84 11 15 0.03734759 
606 133 31 32 0.03659451 
21 221 48 60 0.036318034 
590 117 14 16 0.035738245 
752 292 65 83 0.035248883 
862 101 11 15 0.03479043 
765 82 12 16 0.034161624 
129 205 19 23 0.034127515 
580 20 16 19 0.033387177 
621 32 17 21 0.03264168 
94 192 14 20 0.032474667 
973 32 15 19 0.032061476 
339 97 31 35 0.03200414 
99 142 13 17 0.03198288 
779 0 14 14 0.031527482 
4 123 37 51 0.03149805 
197 199 41 49 0.031190883 
41 85 29 44 0.0311346 
99 49 14 18 0.031011453 
918 282 14 17 0.030067034 
125 6 15 18 0.030038245 
96 65 14 18 0.029821577 
726 96 21 25 0.029345836 
712 132 22 30 0.02933611 
366 26 16 19 0.02868257 
100 86 14 19 0.028297354 
96 38 10 13 0.028293747 
147 80 15 18 0.028070588 
567 154 27 33 0.027981032 
981 11 13 15 0.027489107 
893 131 11 14 0.027465131 
180 163 49 58 0.027375726 
521 5 10 11 0.027183138 
965 7 10 12 0.027175447 
377 3 28 34 0.027047034 
874 102 13 17 0.026581403 
767 5 11 13 0.026560092 
599 33 13 18 0.026231846 
725 68 23 28 0.025894988 
690 101 19 25 0.025620753 
210 142 18 22 0.025571477 
269 104 39 45 0.025093941 
581 155 15 19 0.024928382 
228 3 25 27 0.02479451 
1004 203 15 18 0.024736023 
341 142 24 30 0.02459109 
572 52 13 15 0.024102107 
574 136 20 26 0.02409773 
919 41 25 32 0.024064135 
252 201 25 26 0.023974173 
587 119 20 26 0.023747044 
370 12 25 28 0.023724426 
244 134 12 15 0.023208035 
781 82 12 17 0.023072394 
841 126 17 24 0.023045637 
157 109 30 35 0.02302594 
909 280 24 31 0.022794083 
268 147 13 17 0.022770146 
770 384 27 32 0.022507068 
90 115 16 20 0.022393603 
770 70 22 30 0.022382768 
630 25 22 31 0.022184493 
494 26 13 15 0.021884115 
348 154 44 51 0.021595947 
222 85 41 54 0.021564197 
782 72 15 22 0.021562787 
700 90 16 24 0.02153779 
932 44 16 22 0.021509435 
575 25 24 27 0.02129588 
142 51 13 16 0.021145321 
792 77 18 23 0.021136533 
172 4 16 17 0.02102632 
854 109 23 31 0.020998219 
801 -3 27 25 0.02085781 
218 4 24 31 0.02078233 
912 183 23 27 0.020753 
98 178 18 23 0.020732287 
652 124 30 38 0.020555003 
147 42 15 19 0.020481542 
528 132 27 32 0.020473931 
143 68 11 13 0.020471396 
796 111 54 64 0.020432428 
194 1 30 34 0.0203764 
939 64 18 22 0.020299857 
710 71 32 43 0.02028773 
368 11 42 47 0.020264734 
143 6 14 18 0.020079752 
90 85 17 20 0.020076219 
405 128 17 21 0.020061014 
317 116 12 15 0.020055147 
709 135 15 21 0.020038025 
975 108 12 16 0.020026922 
572 153 16 20 0.020007325 
