0_Parade_marchingband_1_359
74
732 112 57 66 0.9986725 
167 169 35 42 0.99727076 
863 150 24 27 0.9862453 
908 119 23 29 0.98521346 
608 186 19 24 0.9734393 
481 192 15 20 0.9728539 
309 193 14 19 0.96447885 
410 192 17 21 0.94164103 
270 196 14 17 0.7414231 
1005 118 18 28 0.61283284 
1 214 14 20 0.59053093 
504 193 13 17 0.48837438 
965 133 12 14 0.35161224 
360 196 12 16 0.35157093 
287 211 11 14 0.25385308 
68 173 16 19 0.25010547 
448 204 10 13 0.2281827 
243 200 15 19 0.22760801 
123 166 23 26 0.17392263 
374 212 11 13 0.16050898 
145 203 15 17 0.11754637 
238 197 14 18 0.07688379 
300 157 25 32 0.07259482 
303 189 14 19 0.071370006 
273 222 9 12 0.069621444 
390 202 12 16 0.068559 
951 155 20 28 0.06468719 
389 212 10 14 0.0633956 
452 198 10 13 0.055966847 
492 296 15 18 0.055265546 
609 172 10 13 0.052808177 
58 314 448 595 0.048976064 
397 192 20 26 0.04603425 
665 209 7 10 0.045998603 
382 212 11 14 0.04595177 
496 183 7 10 0.04530745 
568 193 8 10 0.040880967 
263 199 14 17 0.035436235 
53 212 16 17 0.034751393 
383 197 9 11 0.03277227 
526 199 7 9 0.03245699 
926 100 14 17 0.030466158 
363 200 13 16 0.030019062 
560 197 8 10 0.028498994 
408 180 10 12 0.028430328 
656 206 9 12 0.027783025 
686 314 397 556 0.027746443 
1006 142 15 23 0.027683724 
464 206 8 10 0.02716624 
672 196 9 12 0.026372183 
377 191 10 12 0.026328564 
670 207 7 11 0.025912467 
593 207 9 13 0.025799057 
384 198 20 25 0.025751706 
280 211 13 15 0.0255636 
539 197 7 9 0.025313035 
654 199 9 12 0.025172073 
977 118 10 13 0.023830526 
396 197 13 18 0.02373581 
899 231 17 20 0.023568198 
312 197 17 19 0.02328393 
958 138 14 17 0.022969171 
624 165 8 10 0.02278673 
251 199 12 16 0.02248024 
464 192 7 9 0.02238174 
528 204 8 11 0.022365203 
614 168 10 12 0.022089384 
153 203 16 19 0.021833517 
453 211 9 11 0.021203388 
689 181 9 12 0.021195592 
605 143 10 12 0.020883143 
543 194 7 8 0.020465558 
47 218 11 14 0.020311136 
249 203 17 24 0.02020707 
