0_Parade_Parade_0_490
212
772 551 108 146 0.9994924 
503 153 29 39 0.9992461 
474 330 50 66 0.99841785 
758 84 33 40 0.9980325 
383 354 58 72 0.99761283 
595 283 49 61 0.99753124 
910 84 27 31 0.997329 
716 90 31 34 0.9969502 
102 184 43 56 0.99693394 
350 126 27 32 0.9967668 
767 316 63 84 0.99663985 
240 320 53 67 0.9951763 
746 153 35 45 0.9951658 
175 200 48 61 0.99382293 
524 221 38 44 0.9919293 
730 239 40 47 0.99145913 
572 59 23 29 0.99042636 
876 50 22 32 0.99034506 
119 435 85 101 0.9894447 
73 158 34 39 0.98849046 
967 54 26 34 0.9882415 
11 491 70 74 0.98818576 
176 133 30 38 0.9876345 
16 294 41 49 0.9864048 
900 362 76 108 0.98606247 
940 198 40 38 0.9842047 
825 152 40 44 0.9835405 
665 638 44 67 0.9832312 
28 169 25 31 0.9790415 
596 169 40 53 0.97898704 
669 133 42 55 0.97155255 
242 163 28 34 0.96848136 
433 112 23 29 0.96773803 
929 7 22 27 0.96734905 
547 116 26 33 0.9653366 
490 666 53 79 0.96190435 
275 80 20 26 0.9616906 
277 174 40 49 0.9378888 
537 21 17 20 0.9377611 
224 448 58 66 0.9355167 
448 70 20 25 0.93442595 
384 97 22 28 0.9259254 
672 81 25 30 0.9186374 
649 78 22 32 0.88627565 
595 108 26 36 0.8798108 
356 58 19 24 0.87964576 
59 111 18 22 0.87197584 
637 78 23 29 0.86373365 
537 76 21 28 0.8570712 
953 22 22 29 0.845894 
381 186 41 47 0.8223606 
5 92 15 18 0.8129083 
134 75 18 22 0.81169665 
400 284 37 50 0.7947849 
86 62 17 23 0.78278345 
441 39 16 21 0.77147484 
374 244 33 43 0.7389076 
675 11 13 16 0.67016876 
503 95 14 20 0.65810937 
613 3 17 21 0.56137127 
724 43 16 23 0.55985314 
321 347 64 77 0.55574834 
247 57 12 15 0.5352481 
852 32 19 25 0.5336922 
232 91 21 25 0.5276479 
901 13 20 26 0.49001414 
8 140 20 24 0.47148377 
19 384 30 42 0.4635978 
438 216 38 43 0.46318656 
644 24 11 15 0.39360484 
449 798 35 38 0.3914576 
-1 225 17 34 0.36442274 
697 15 22 28 0.33431897 
867 211 31 51 0.3322165 
473 65 18 23 0.2989522 
518 21 14 20 0.27469078 
818 32 17 20 0.25886297 
787 48 16 23 0.23002598 
770 249 27 47 0.19550212 
402 240 30 38 0.18113646 
971 111 13 16 0.13012475 
416 602 13 17 0.12743358 
195 436 72 96 0.12656264 
926 290 57 60 0.11062921 
816 118 43 55 0.09271924 
383 248 44 52 0.09052158 
994 28 14 19 0.09008838 
311 155 31 39 0.084621206 
883 0 17 18 0.083126664 
207 18 11 13 0.07985314 
996 168 27 46 0.07962619 
482 772 26 34 0.079069756 
619 151 26 32 0.07770065 
121 26 24 27 0.07403227 
338 114 16 21 0.071441956 
467 765 30 42 0.0693808 
244 131 16 20 0.06844568 
785 16 14 18 0.06797621 
807 33 26 30 0.06601058 
112 146 21 26 0.06539151 
510 26 15 19 0.06392081 
426 223 46 59 0.06276244 
797 42 28 35 0.06202594 
280 2 18 19 0.0617671 
612 592 16 19 0.060736053 
856 227 44 60 0.06060966 
607 31 10 14 0.06027773 
645 659 31 44 0.05959827 
609 592 25 32 0.05728173 
378 86 36 48 0.055764966 
271 147 25 30 0.05377602 
222 167 39 51 0.05299893 
729 40 21 29 0.050405968 
7 393 30 40 0.045519274 
420 648 17 22 0.04537228 
379 285 48 63 0.045275223 
769 44 24 30 0.043558802 
107 20 28 32 0.04284196 
844 0 11 11 0.040149387 
601 100 17 20 0.040095076 
349 0 16 13 0.039486863 
34 884 17 19 0.038872723 
0 115 10 18 0.03787921 
185 45 10 13 0.037367232 
474 279 39 51 0.03730802 
757 41 24 30 0.036704104 
962 0 16 17 0.034608405 
478 269 23 29 0.034291614 
953 187 35 42 0.033604965 
906 290 52 67 0.033172246 
16 91 14 20 0.032377392 
853 19 17 20 0.03224703 
906 3 17 18 0.032203123 
270 58 11 14 0.031916782 
915 22 15 20 0.03188289 
915 63 23 27 0.03181994 
739 46 15 22 0.030944724 
272 152 33 43 0.030588554 
354 235 37 51 0.030554121 
811 2 15 16 0.03052365 
541 0 12 10 0.030475363 
4 120 23 36 0.030194376 
751 47 13 19 0.030169504 
794 45 17 23 0.030156728 
391 292 55 75 0.030124206 
717 11 14 18 0.030041445 
969 294 32 41 0.029768508 
908 7 20 28 0.029582625 
65 205 31 43 0.029226007 
393 199 44 57 0.029113272 
917 284 33 49 0.029057045 
913 1 16 19 0.028732337 
724 11 12 15 0.028171238 
895 9 20 24 0.027440082 
4 178 29 39 0.027347583 
62 91 16 20 0.027078442 
1 103 22 39 0.026969768 
115 25 16 19 0.026645772 
775 11 22 28 0.026523862 
385 289 23 37 0.026522566 
271 178 26 38 0.026340345 
255 40 14 18 0.026080716 
680 3 17 18 0.025769116 
17 175 28 33 0.025733689 
534 -1 13 11 0.025594147 
212 443 44 47 0.025570674 
707 680 52 62 0.025259057 
503 33 15 17 0.025159147 
8 369 25 43 0.025118597 
353 355 39 56 0.02504054 
809 104 40 50 0.024937442 
433 203 34 42 0.024826683 
600 34 14 18 0.024459338 
496 96 14 20 0.024373535 
951 295 37 41 0.024341565 
498 637 61 86 0.024260705 
661 40 18 20 0.024084669 
719 151 24 32 0.024022812 
607 579 23 28 0.023672245 
297 165 36 44 0.023643961 
481 59 19 25 0.023563325 
600 29 12 14 0.02355078 
1 405 22 36 0.023497747 
379 35 12 18 0.023487635 
373 295 24 32 0.023398394 
568 -1 12 10 0.023356741 
772 249 17 28 0.023210857 
607 52 11 15 0.02320021 
603 595 37 49 0.023067547 
656 87 20 29 0.022712983 
1014 115 10 18 0.022645531 
496 0 18 17 0.022642534 
864 37 20 27 0.02261964 
603 40 15 18 0.022563146 
387 147 14 21 0.022424005 
878 35 23 28 0.022166992 
540 2 14 15 0.02183262 
700 27 16 21 0.021830153 
456 68 17 22 0.021810547 
441 241 49 61 0.021771492 
677 -1 16 16 0.021346703 
448 41 16 20 0.021153413 
258 162 26 35 0.021100821 
600 3 11 14 0.02105803 
748 88 26 34 0.020880694 
139 772 10 12 0.020792983 
381 123 17 22 0.020753866 
737 1 18 16 0.020643536 
636 66 18 21 0.02051394 
292 331 72 98 0.02013208 
853 12 14 17 0.020125853 
694 12 15 19 0.02006186 
