0_Parade_marchingband_1_329
229
836 326 19 24 0.9890366 
573 423 18 24 0.98874015 
136 313 21 28 0.9733421 
510 426 19 24 0.9681423 
713 369 24 31 0.966402 
632 427 19 25 0.9663508 
448 416 19 24 0.9600042 
373 327 15 18 0.95024145 
896 335 23 26 0.9489911 
566 338 15 19 0.9365686 
415 323 12 15 0.9314154 
799 403 18 19 0.9157699 
251 382 22 26 0.8920329 
659 334 19 22 0.8845791 
79 296 22 27 0.8593733 
329 387 18 21 0.8463476 
639 308 18 24 0.8442322 
479 316 16 18 0.84069943 
190 311 23 27 0.8366695 
180 393 19 21 0.82456994 
758 392 17 21 0.81121933 
570 304 18 21 0.7994659 
212 338 21 26 0.7615064 
388 378 21 26 0.64418656 
333 323 14 18 0.6058851 
338 358 14 15 0.55117774 
507 334 13 16 0.4059547 
544 324 11 13 0.39488772 
293 359 11 13 0.36183563 
786 351 15 19 0.35197118 
523 318 16 19 0.34728 
581 121 20 21 0.33133116 
290 320 16 20 0.30393913 
592 316 14 17 0.29623383 
708 336 15 19 0.28559732 
355 358 13 17 0.26472646 
490 393 14 17 0.22355404 
159 328 17 20 0.21838306 
749 342 13 17 0.15184043 
609 311 21 25 0.14854889 
468 332 12 14 0.14792068 
711 346 13 16 0.12581375 
684 333 13 16 0.12377825 
178 485 13 15 0.12250992 
707 325 15 18 0.112516075 
368 432 15 19 0.112436965 
646 409 13 17 0.11101738 
840 421 11 14 0.0999212 
265 434 13 16 0.09706837 
317 338 10 14 0.08934494 
783 299 25 29 0.0863898 
266 428 12 15 0.08158195 
703 338 12 16 0.07625386 
261 505 18 21 0.073774174 
721 426 15 19 0.07172626 
627 399 14 17 0.07071041 
543 438 12 16 0.07034721 
782 477 12 15 0.06927668 
390 347 11 14 0.06859902 
400 326 11 14 0.068462126 
740 385 14 18 0.06804295 
213 386 12 15 0.06764801 
62 302 15 19 0.0659545 
678 396 11 14 0.06503774 
758 430 14 20 0.0615206 
472 268 11 13 0.060065914 
487 391 12 15 0.059654962 
740 340 16 21 0.059630353 
111 257 31 44 0.05959094 
231 398 10 13 0.057541553 
696 307 13 17 0.05616904 
193 353 15 18 0.054212652 
205 376 16 19 0.053867046 
871 324 13 18 0.053728193 
780 469 12 15 0.053528767 
575 306 20 26 0.05316475 
200 369 13 17 0.052130442 
478 351 9 13 0.05175513 
678 304 14 18 0.05079257 
647 350 11 14 0.049127087 
497 389 13 16 0.04777692 
78 272 14 17 0.047687862 
962 251 12 16 0.047618657 
607 315 14 17 0.046709307 
303 449 13 17 0.046096917 
589 164 12 15 0.045895938 
521 349 11 14 0.044926886 
370 317 17 22 0.043435138 
695 341 10 13 0.043298673 
593 304 9 12 0.043214113 
218 332 16 22 0.04317708 
561 324 10 13 0.042921327 
283 386 12 15 0.042769022 
433 270 8 10 0.040794097 
718 472 11 12 0.040477976 
666 343 15 19 0.04009007 
228 404 11 14 0.039891064 
406 324 13 15 0.03951646 
768 338 11 14 0.03951412 
397 428 14 17 0.039390784 
351 344 8 10 0.03927152 
515 460 27 32 0.03750335 
801 444 14 16 0.03723476 
463 309 9 11 0.036666214 
185 447 18 23 0.036486086 
749 150 13 16 0.036138568 
618 322 13 16 0.035904698 
736 341 13 17 0.035607543 
93 348 16 21 0.03504079 
321 470 10 12 0.03499197 
551 350 10 13 0.034914352 
224 406 11 14 0.034897834 
291 307 22 30 0.034195174 
796 93 25 27 0.03308098 
794 355 11 14 0.032747824 
683 389 11 13 0.032074038 
431 351 9 12 0.031914484 
655 388 12 15 0.031694658 
676 366 11 14 0.031445805 
685 212 20 25 0.030747976 
392 270 8 11 0.030650675 
635 355 11 14 0.030305944 
454 333 9 12 0.030078378 
68 298 22 26 0.029669791 
344 343 11 12 0.029516593 
671 394 10 13 0.029428141 
564 323 13 16 0.02915779 
741 439 15 21 0.029109852 
688 369 10 15 0.028943699 
295 483 22 27 0.028876662 
526 344 9 12 0.02873166 
358 350 11 15 0.028722517 
403 332 10 13 0.028702406 
465 316 9 12 0.028678639 
400 320 9 12 0.02852093 
581 270 11 13 0.028379912 
714 334 12 16 0.028177738 
797 469 10 13 0.027295966 
350 269 10 12 0.027243817 
275 331 11 14 0.027150886 
65 279 26 36 0.027016345 
278 327 9 13 0.026979776 
445 326 10 13 0.026500702 
785 320 17 19 0.026417084 
171 377 14 18 0.026302913 
396 349 13 16 0.02622757 
781 401 14 19 0.026206983 
770 347 14 18 0.025995843 
76 272 24 29 0.02596204 
524 372 9 12 0.025412269 
626 162 17 20 0.025398398 
221 394 12 16 0.025206383 
249 357 12 15 0.025165211 
684 344 12 16 0.025063163 
474 356 10 15 0.025050176 
781 393 14 18 0.024679838 
338 436 14 17 0.024670437 
742 334 12 15 0.024620472 
547 330 12 15 0.0246112 
106 251 26 31 0.024554973 
443 319 12 14 0.02454581 
334 312 11 14 0.024485178 
258 467 16 18 0.024331225 
202 448 23 31 0.024218772 
652 372 13 15 0.024181673 
608 344 9 12 0.023982603 
423 368 13 15 0.023859639 
278 311 12 17 0.02376134 
358 343 9 11 0.023756342 
749 334 12 15 0.02374082 
207 345 14 18 0.023671404 
453 326 9 12 0.023492875 
86 345 28 34 0.023481665 
340 351 13 16 0.023418818 
289 363 13 15 0.023262296 
327 317 15 19 0.023181263 
353 363 17 22 0.02297758 
292 367 14 18 0.022797905 
680 337 13 18 0.02274819 
658 380 12 15 0.022670833 
350 391 13 18 0.022657802 
247 387 16 19 0.022482146 
742 314 13 15 0.022454763 
180 379 16 19 0.02244919 
298 310 13 16 0.022383805 
649 404 15 18 0.022327513 
468 395 11 13 0.02232743 
635 289 13 16 0.02211029 
327 330 11 14 0.02206781 
541 349 11 13 0.022052102 
218 389 12 16 0.02198609 
256 489 26 33 0.02197045 
224 458 27 31 0.021898735 
745 437 23 31 0.021812372 
409 310 11 13 0.021791888 
747 302 17 21 0.021758858 
79 273 39 49 0.021745315 
802 331 13 15 0.021578679 
722 423 22 30 0.02155963 
337 316 14 20 0.02147929 
492 384 15 17 0.021435635 
799 389 13 16 0.021393074 
303 427 13 18 0.021372708 
700 313 11 15 0.021324607 
227 409 13 17 0.021281054 
365 218 23 32 0.021211773 
518 342 11 15 0.021116901 
754 447 17 22 0.02103931 
413 309 13 17 0.021005793 
728 342 9 13 0.02098604 
587 347 12 14 0.020964392 
757 458 13 16 0.020861492 
311 327 11 13 0.020726744 
661 367 10 13 0.02065325 
633 401 19 24 0.020630993 
516 409 17 20 0.02060924 
190 359 13 17 0.020575223 
215 326 13 16 0.02050549 
639 411 15 17 0.020432198 
69 286 37 43 0.020417921 
301 296 10 11 0.020375898 
741 323 11 13 0.020286925 
389 357 11 14 0.020275742 
426 356 10 13 0.020268235 
511 357 9 11 0.020255135 
195 375 16 21 0.020221166 
54 335 54 60 0.020158587 
325 356 10 13 0.020149913 
687 301 24 29 0.020101067 
