0_Parade_marchingband_1_620
146
910 324 34 39 0.9983937 
798 411 32 40 0.99374926 
658 335 32 38 0.9900837 
440 242 22 24 0.94083047 
117 273 21 27 0.9274321 
194 177 17 20 0.91018945 
841 351 26 30 0.9000126 
819 251 22 27 0.8929935 
609 243 18 18 0.8519848 
937 555 66 69 0.84920454 
906 217 16 20 0.836237 
955 234 15 18 0.8286651 
322 242 20 22 0.72595334 
587 180 13 15 0.6669001 
84 189 18 23 0.6161027 
768 341 24 29 0.57052267 
858 203 16 18 0.48852974 
471 196 11 14 0.42771178 
397 194 12 14 0.41599813 
325 176 14 17 0.40380013 
1009 333 15 25 0.3929373 
257 201 16 18 0.35387957 
290 236 15 17 0.34767643 
623 163 10 13 0.33058283 
850 178 17 20 0.31916687 
423 185 11 15 0.210293 
760 213 12 15 0.20089485 
110 186 13 16 0.16165526 
965 268 21 27 0.15250936 
413 177 13 18 0.1406379 
487 237 13 16 0.13393849 
408 173 10 13 0.12485569 
765 347 17 20 0.12252816 
625 191 10 13 0.097618625 
777 411 17 23 0.095383346 
316 163 11 13 0.09450337 
264 247 10 12 0.093835205 
920 262 11 15 0.085855626 
974 216 15 18 0.085000046 
173 191 11 14 0.08429977 
308 189 13 14 0.082948074 
465 194 12 15 0.08172078 
438 212 12 16 0.08172008 
337 246 15 19 0.07753879 
319 171 14 18 0.07717876 
493 218 12 16 0.07525176 
842 233 14 17 0.068406224 
414 187 12 16 0.06331882 
765 216 13 16 0.060967535 
809 194 14 18 0.05806726 
781 404 28 35 0.056174528 
141 305 15 20 0.056138914 
404 196 13 16 0.056046966 
950 240 24 29 0.054969348 
405 202 14 19 0.054285914 
602 244 12 16 0.050635427 
527 186 12 15 0.050119184 
743 216 10 12 0.049954023 
940 259 10 13 0.0469338 
902 188 11 14 0.04552957 
221 171 12 15 0.043755576 
866 207 15 18 0.04350829 
115 194 11 15 0.043162465 
757 312 23 28 0.040554915 
307 195 14 17 0.0400767 
598 190 10 13 0.038714595 
429 188 10 14 0.037741393 
957 254 25 30 0.036951985 
432 214 20 24 0.035913568 
128 228 25 31 0.035861157 
758 322 27 33 0.035350855 
169 192 10 12 0.033851612 
518 175 9 12 0.033724554 
884 198 11 14 0.032994613 
622 168 12 16 0.032665364 
616 278 21 29 0.032655437 
936 254 11 15 0.032017346 
853 197 17 20 0.031679187 
411 197 12 15 0.03114114 
796 263 9 12 0.031135185 
489 197 9 11 0.030769901 
324 166 15 19 0.030424662 
399 237 10 13 0.030360727 
632 174 9 12 0.03029818 
71 185 28 33 0.030129008 
980 224 13 17 0.029655563 
513 180 10 13 0.02924393 
296 240 16 20 0.02855165 
421 175 11 16 0.028080253 
246 191 9 11 0.027773933 
869 293 15 20 0.027673416 
843 240 14 18 0.027492788 
638 179 9 12 0.027169561 
388 237 14 16 0.026547441 
963 171 12 13 0.026476048 
453 196 11 13 0.026149338 
961 229 15 19 0.026036175 
651 317 34 47 0.025908032 
290 243 18 22 0.025872545 
399 199 14 17 0.025480151 
856 183 17 20 0.025322484 
454 190 10 13 0.025154369 
481 237 10 14 0.024655158 
202 182 15 18 0.024573473 
487 214 12 16 0.024518263 
762 354 19 25 0.02449747 
466 192 18 22 0.024335742 
622 286 26 30 0.024298374 
304 198 21 25 0.024261508 
127 195 9 11 0.023750803 
397 243 11 13 0.023516392 
416 178 20 26 0.023243673 
100 184 19 23 0.022613036 
589 228 11 14 0.022599405 
841 361 39 53 0.022268467 
957 256 15 18 0.022255505 
897 190 12 15 0.0222443 
599 195 10 13 0.022239298 
437 188 10 13 0.02223561 
741 202 12 15 0.022172278 
837 238 15 21 0.02214245 
849 175 12 15 0.022125987 
267 250 12 14 0.022096796 
941 264 12 16 0.021775719 
476 202 10 15 0.021498194 
968 218 14 17 0.021356624 
939 174 13 19 0.02116876 
585 228 10 13 0.021060131 
870 274 11 14 0.020902334 
405 232 10 12 0.020897765 
262 238 14 18 0.020875374 
822 189 9 11 0.020770673 
960 167 11 13 0.020754322 
910 189 9 13 0.020751296 
618 159 11 14 0.020727461 
594 181 11 14 0.020679627 
131 309 24 27 0.020639863 
329 235 22 29 0.02059978 
560 163 13 18 0.020504897 
790 261 12 14 0.02047388 
330 252 18 23 0.020458508 
540 204 11 12 0.020360515 
778 291 12 16 0.020298008 
348 218 24 27 0.02028682 
115 182 12 16 0.020185575 
198 193 12 15 0.02009639 
