0_Parade_Parade_0_519
35
862 250 94 114 0.9988096 
413 250 121 138 0.9972042 
173 268 72 86 0.9956247 
88 249 31 38 0.9923111 
667 303 40 60 0.9634604 
752 262 34 38 0.9288525 
119 263 43 58 0.8411949 
101 251 37 52 0.21636684 
599 267 25 38 0.11806363 
705 269 22 30 0.09235848 
372 142 376 475 0.056131434 
13 622 27 36 0.052832082 
909 178 43 50 0.052101158 
631 294 41 56 0.04340467 
760 265 42 54 0.042024612 
737 310 37 51 0.04123094 
940 114 12 14 0.03945018 
280 332 18 21 0.036077384 
921 69 11 15 0.034771256 
994 254 24 33 0.03299771 
285 283 33 47 0.030986516 
785 192 55 64 0.03048088 
742 274 42 54 0.030279627 
215 367 55 66 0.029315596 
659 256 14 18 0.027376711 
975 257 24 33 0.023881577 
990 120 15 18 0.0236728 
-4 621 84 150 0.023622356 
759 281 16 18 0.022903552 
920 180 13 15 0.022798473 
780 216 14 17 0.022237157 
8 4 202 200 0.02094439 
799 284 36 48 0.020628618 
706 301 46 61 0.020579007 
1002 261 14 20 0.020051211 
