0_Parade_Parade_0_120
145
526 332 30 34 0.9962262 
110 306 40 46 0.9941702 
951 306 42 50 0.99209213 
442 325 17 21 0.9678103 
326 314 17 20 0.9562251 
45 324 23 31 0.95620286 
490 317 19 22 0.83127105 
664 325 18 22 0.7563883 
629 319 14 17 0.6141421 
204 351 23 29 0.4267737 
832 335 22 27 0.3172175 
286 342 14 16 0.26470283 
301 385 15 22 0.24696064 
993 232 20 30 0.20878364 
11 364 16 21 0.19289486 
236 325 14 16 0.15008843 
698 319 13 16 0.13352786 
851 303 16 19 0.13278979 
802 259 10 13 0.12265522 
838 361 14 16 0.12219964 
303 333 11 14 0.113761656 
394 333 13 15 0.11017741 
367 333 10 13 0.10856613 
823 317 14 17 0.107571706 
908 310 22 30 0.10410045 
901 211 11 14 0.10319447 
565 317 14 18 0.10237147 
860 298 14 21 0.09915595 
746 313 12 15 0.09820467 
800 345 11 15 0.08604575 
229 336 19 27 0.07640146 
310 366 10 14 0.072854914 
813 300 12 16 0.070786215 
761 396 16 18 0.06547261 
804 340 13 18 0.06262534 
962 156 8 11 0.06014924 
402 390 10 13 0.05952633 
975 141 13 16 0.05842148 
986 328 28 42 0.057715587 
216 344 21 28 0.055667296 
732 323 9 12 0.05203115 
364 398 12 15 0.051250625 
779 357 11 13 0.050216395 
317 356 13 16 0.04916654 
764 316 11 14 0.048771396 
492 295 24 34 0.04875879 
824 321 21 28 0.047859315 
654 395 14 18 0.04706506 
288 429 15 18 0.046479832 
353 388 11 14 0.044321027 
227 353 14 21 0.04411715 
718 316 9 11 0.043557562 
810 331 12 17 0.041720025 
239 350 12 19 0.04129018 
262 355 11 16 0.039679136 
286 378 14 18 0.0391976 
350 335 9 12 0.039062046 
295 386 14 18 0.039021857 
369 415 11 15 0.038930044 
558 323 14 17 0.038613196 
291 379 15 20 0.038574867 
659 310 30 39 0.038184304 
67 348 22 26 0.03811101 
835 347 21 27 0.037889622 
796 312 10 12 0.03766356 
500 289 17 25 0.0374609 
688 453 10 12 0.037231702 
270 339 11 15 0.03377626 
976 134 10 14 0.033482708 
304 365 11 13 0.033465203 
530 237 44 56 0.03332754 
901 312 14 20 0.03328496 
332 299 10 13 0.033135805 
905 299 40 52 0.032264434 
0 501 8 15 0.032215457 
485 304 34 45 0.032095924 
276 272 9 12 0.031909063 
991 226 14 23 0.031151753 
304 370 13 17 0.030734938 
285 398 12 15 0.030229822 
867 295 13 17 0.030060701 
359 395 13 17 0.029927338 
950 140 9 13 0.029781442 
676 279 9 12 0.029761473 
507 147 18 23 0.029594138 
374 261 13 17 0.029046142 
356 383 13 15 0.028936582 
29 520 8 12 0.028789945 
987 225 34 54 0.028676642 
903 321 13 19 0.02848359 
855 361 15 18 0.028390357 
12 352 23 28 0.028308375 
444 418 15 17 0.027748834 
427 305 15 18 0.02758435 
722 365 11 13 0.027552933 
8 367 24 30 0.027403107 
908 325 16 22 0.027332857 
8 516 9 14 0.027149651 
382 324 9 12 0.02705568 
838 322 25 31 0.026889924 
279 339 13 16 0.026024118 
329 296 10 11 0.025678746 
737 356 16 19 0.02520868 
30 504 10 11 0.024755923 
20 368 28 34 0.024638103 
304 376 16 24 0.02452303 
846 307 23 25 0.024158973 
760 323 12 14 0.024097707 
21 355 13 18 0.023916654 
430 329 13 17 0.02388555 
25 522 9 12 0.023860222 
33 314 38 52 0.023677453 
350 393 14 18 0.023662753 
893 190 9 11 0.023460483 
880 172 7 10 0.02330831 
494 245 27 32 0.023307383 
4 301 11 13 0.023151988 
966 150 9 13 0.022844123 
318 341 11 14 0.022785928 
215 531 22 28 0.022644324 
40 514 11 14 0.02255149 
476 344 13 17 0.022506075 
823 337 14 21 0.022174079 
820 309 14 17 0.022165174 
752 310 21 25 0.022139193 
674 317 23 29 0.022124236 
768 366 11 14 0.022066219 
901 282 16 20 0.021724258 
367 361 10 14 0.02163865 
897 208 10 14 0.021539709 
648 398 12 15 0.021432126 
279 347 25 28 0.021424746 
883 330 14 18 0.021380229 
255 353 14 18 0.02135216 
829 276 9 10 0.021005666 
384 349 11 14 0.02093862 
900 293 24 30 0.020870127 
537 326 26 32 0.020789383 
477 293 26 33 0.02047426 
0 379 9 16 0.020406894 
306 362 20 25 0.020336417 
628 325 16 20 0.020318842 
829 309 13 15 0.020317929 
1 525 9 13 0.020171382 
879 207 11 13 0.020107256 
