0_Parade_Parade_0_288
99
748 328 17 21 0.8426449 
507 210 12 17 0.75083405 
495 170 13 15 0.7031872 
461 197 13 16 0.6901614 
423 215 12 16 0.3767084 
298 389 10 13 0.3603633 
781 382 15 19 0.14218058 
701 348 9 12 0.1337568 
703 406 10 14 0.12943235 
592 340 14 17 0.12533802 
477 219 10 13 0.08484489 
338 343 16 20 0.08164626 
183 498 15 20 0.081576325 
524 347 10 13 0.07666424 
341 445 9 11 0.071884796 
711 339 11 14 0.0670674 
356 330 10 12 0.06624645 
421 203 13 15 0.065607995 
523 290 14 17 0.064623475 
477 341 14 17 0.06355679 
573 327 11 14 0.0627351 
540 385 14 17 0.062372375 
366 284 16 18 0.05731128 
535 326 9 12 0.055789627 
355 364 13 16 0.053249486 
404 184 14 18 0.05243634 
499 277 24 27 0.049710024 
351 250 11 12 0.04840789 
542 471 8 10 0.047459643 
503 342 10 13 0.045367345 
366 347 12 15 0.041463885 
348 371 16 20 0.040834248 
535 374 10 12 0.039208494 
349 196 10 13 0.038649905 
689 388 9 11 0.038230453 
456 199 14 19 0.03789477 
368 323 11 15 0.036314 
697 344 10 13 0.035995465 
414 195 13 16 0.035961874 
581 331 10 13 0.035248697 
347 340 14 18 0.034779016 
870 420 14 18 0.034715142 
526 355 12 14 0.03333159 
427 205 14 15 0.032799587 
339 333 12 15 0.03190573 
374 215 8 11 0.031835698 
462 214 12 18 0.031242814 
415 212 12 15 0.030752897 
388 340 12 14 0.030750114 
521 343 11 13 0.030682815 
406 405 11 14 0.03053449 
408 212 11 13 0.030336158 
450 344 14 16 0.029965375 
513 283 24 28 0.029933084 
701 331 9 11 0.029922578 
709 347 11 14 0.029493626 
465 201 14 16 0.029460322 
743 322 16 22 0.028625768 
581 366 10 12 0.028434135 
325 227 13 16 0.02825984 
714 334 11 15 0.02720941 
470 213 12 16 0.026663743 
358 357 14 16 0.026554378 
729 379 12 15 0.026519382 
508 246 10 13 0.026469171 
364 355 12 15 0.02603077 
343 390 10 13 0.025838688 
523 228 11 15 0.025724994 
371 316 12 17 0.025388896 
351 405 10 12 0.024838736 
415 204 12 14 0.024785342 
718 271 12 15 0.02472793 
759 382 25 30 0.02437698 
741 313 13 18 0.02429644 
434 213 12 15 0.02429543 
417 417 14 20 0.024285194 
513 210 14 17 0.024236416 
578 280 32 51 0.024099916 
385 254 16 20 0.023843462 
360 348 12 16 0.023729892 
634 323 15 19 0.023450645 
320 306 11 14 0.02328597 
533 354 12 16 0.02321132 
488 223 10 13 0.023070976 
457 207 21 29 0.022772426 
465 211 21 27 0.0225553 
933 648 28 32 0.02255366 
775 385 15 18 0.02253951 
377 363 11 14 0.022377154 
509 340 10 13 0.022265704 
343 378 12 16 0.022240557 
512 334 10 13 0.022109857 
534 380 13 17 0.021520272 
444 368 14 17 0.021378249 
425 211 23 27 0.02086639 
688 399 9 12 0.020336278 
407 222 12 14 0.020304315 
530 374 10 13 0.020202126 
574 319 11 14 0.020063648 
